case profile db epoch whole mu ok nodes topology setup physics estimator scheduler struct expand presearch real qf residual completeness classification soft probes arc endpoint k rescue trajectory_pos
0 linear 0 0 63.491368000000001 7.0379226907888537 1 67 62.338355 0.029357999999999999 0.22315400000000005 0.0057990000000000003 0.0014419999999999999 0.0087849999999999994 0.020761999999999999 0.19606000000000001 0.34982000000000002 61.433329000000001 0.107516 3.3000000000000003e-05 0.064072999999999991 0.0075839999999999996 0.0056630000000000005 0.15285999999999991 0.031626000000000008 0.0081050000000000028 0 0
0 linear 0 7 61.399144 7.165175685042759 1 83 60.893371999999999 0.017236000000000001 0.41385000000000011 0.010968000000000002 0.0020399999999999997 0.0060499999999999998 0.021240999999999999 0.054489999999999997 0.26084499999999999 60.329890000000006 0.096045999999999992 0.00025799999999999998 0.022921 0.0046290000000000003 0.0058390000000000004 0.31434899999999993 0.046952000000000015 0.011821000000000003 0 1
0 linear 0 15 61.890926 7.2540425509600803 1 91 61.429754000000003 0.018402999999999999 0.38192799999999988 0.0088249999999999995 0.002189 0.0075420000000000001 0.03031 0.053863000000000001 0.30837100000000001 60.74192 0.093068999999999999 0.00015100000000000001 0.085769999999999999 0.0049740000000000001 0.0059379999999999997 0.28248399999999985 0.050313999999999998 0.012002000000000004 0 2
0 linear 0 23 61.768863000000003 7.2793514851610421 1 91 61.240319 0.01917 0.45727700000000027 0.011081999999999998 0.002477 0.0078250000000000004 0.026962 0.051853999999999997 0.264353 60.629977000000004 0.092328999999999994 0.00015200000000000001 0.055146999999999995 0.0049880000000000002 0.0066589999999999991 0.33150399999999997 0.053667999999999993 0.015435999999999995 0 3
0 linear 1 0 1.179451 589.76731831372365 1 105 0.75910200000000005 0.012751999999999999 0.32465999999999989 0.0074980000000000003 0.0015590000000000001 0.0096469999999999993 0.034549000000000003 0.18387500000000001 0.13641 0 0.027494999999999999 0.0013060000000000001 0.25581100000000001 0.0011349999999999999 0.0050280000000000004 0.17097800000000002 0.081977999999999926 0.017751999999999997 0 0
0 linear 1 7 0.83867700000000001 593.09247526628167 1 105 0.44667200000000001 0.015789000000000001 0.34141600000000011 0.0064850000000000003 0.00142 0.003075 0.011374 0.051333999999999998 0.152611 0 0.027720000000000002 0.00097099999999999997 0.104994 0.001217 0.003771 0.18474400000000002 0.077344999999999997 0.017739999999999988 0 1
0 linear 1 15 1.0755060000000001 596.53003682974679 1 128 0.54239300000000001 0.012867999999999999 0.46381299999999998 0.0073239999999999998 0.001614 0.0029299999999999999 0.010626999999999999 0.051247000000000001 0.133549 0 0.026530999999999999 0.00088599999999999996 0.225768 0.001152 0.0038550000000000004 0.24815900000000007 0.10274400000000014 0.023089999999999979 0 2
0 linear 1 23 0.88892899999999997 599.54254534181996 1 128 0.382857 0.012573000000000001 0.45113399999999998 0.0068120000000000003 0.001462 0.0027650000000000001 0.010196999999999999 0.051246 0.13170999999999999 0 0.025930000000000002 0.00084699999999999999 0.072069999999999995 0.0010889999999999999 0.0037430000000000002 0.237515 0.10100300000000009 0.023177999999999994 0 3
0 linear 2 0 38.952027000000001 2.3667291596036724 1 61 38.692844999999998 0.016087000000000001 0.20052300000000001 0.0073229999999999996 0.0015119999999999999 0.0031440000000000001 0.011743999999999999 0.17608199999999999 0.34038400000000002 37.935386000000001 0.086777999999999994 0.000125 0.048133999999999996 0.0042659999999999998 0.0058649999999999996 0.12840400000000002 0.030465000000000002 0.0084510000000000002 0 0
0 linear 2 7 51.500725000000003 2.4102109454225378 1 61 51.156019000000001 0.010592000000000001 0.30223400000000011 0.0079769999999999997 0.00095299999999999996 0.0080870000000000004 0.030039 0.055962999999999999 0.26938499999999999 50.627737999999994 0.081900000000000001 3.6999999999999998e-05 0.010235999999999999 0.0015319999999999999 0.0039020000000000005 0.23145399999999999 0.031189000000000008 0.0082820000000000029 0 1
0 linear 2 15 51.819896 2.4659804224859272 1 61 51.439428999999997 0.019508999999999999 0.31766999999999979 0.012468999999999999 0.0015650000000000002 0.0048279999999999998 0.014435 0.053475000000000002 0.32295499999999999 50.850393000000004 0.083479999999999999 0.00025900000000000001 0.014334000000000001 0.0058450000000000004 0.0060859999999999994 0.24110600000000001 0.031800000000000016 0.0089300000000000022 0 2
0 linear 2 23 53.656018000000003 2.5300557252343201 1 61 53.295282999999998 0.012351000000000001 0.31749299999999997 0.0063230000000000005 0.00097500000000000006 0.0034510000000000001 0.012383 0.052916999999999999 0.26479599999999998 52.795871999999996 0.087984000000000007 2.5999999999999998e-05 0.010169000000000001 0.0018190000000000001 0.0038010000000000001 0.24646800000000002 0.031521999999999994 0.0081470000000000015 0 3
0 linear 3 0 0.774007 488.05716329461848 1 83 0.56111900000000003 0.016688999999999999 0.15798200000000007 0.0059820000000000003 0.00149 0.0033 0.012120000000000001 0.182619 0.11717 0 0.026030999999999999 0.00131 0.11403600000000001 0.00069700000000000003 0.0040100000000000005 0.085517999999999983 0.035885000000000014 0.0094870000000000024 0 0
0 linear 3 7 0.80732300000000001 497.79296944733449 1 83 0.49013400000000001 0.014957 0.26887800000000001 0.0055160000000000001 0.0012050000000000001 0.0030360000000000001 0.011122 0.051262000000000002 0.097738000000000005 0 0.026450999999999999 0.00097499999999999996 0.202848 0.00080699999999999999 0.0036669999999999997 0.20077300000000003 0.034040999999999981 0.009393000000000002 0 1
0 linear 3 15 0.82435999999999998 510.01575430523633 1 83 0.51401799999999997 0.014747 0.26285599999999992 0.0052339999999999999 0.0011310000000000001 0.0027330000000000002 0.010508999999999999 0.051215999999999998 0.097212999999999994 0 0.026526000000000001 0.00080900000000000004 0.23292500000000002 0.00075699999999999997 0.0035379999999999999 0.194906 0.033893 0.0093890000000000015 0 2
0 linear 3 23 0.79537999999999998 523.73782250076636 1 99 0.41554999999999997 0.014341 0.32553700000000008 0.0064700000000000001 0.001173 0.0025760000000000002 0.0097420000000000007 0.051147999999999999 0.096351999999999993 0 0.025219999999999999 0.00077700000000000002 0.14031000000000002 0.00077700000000000002 0.0034890000000000003 0.24473300000000001 0.041688000000000031 0.011265000000000004 0 3
0 linear 4 0 0.56021600000000005 2.6196476657497758 1 52 0.38474700000000001 0.0109 0.14555300000000002 0.003117 0.00087599999999999993 0.0030379999999999999 0.011679999999999999 0.179977 0.077120999999999995 0 0.027036000000000001 0.00082799999999999996 0.00063399999999999991 0.0012750000000000001 0.0032320000000000001 0.097599000000000019 0.022718999999999993 0.0056930000000000019 0 0
0 linear 4 7 0.46654899999999999 2.5174331937752905 1 52 0.23921999999999999 0.010595 0.19828200000000001 0.0029390000000000006 0.00071300000000000009 0.0028270000000000001 0.010451999999999999 0.051108000000000001 0.065895999999999996 0 0.026381000000000002 0.00076400000000000003 0.00059900000000000003 0.001207 0.0031050000000000001 0.149122 0.023987000000000001 0.0056940000000000011 0 1
0 linear 4 15 0.54879699999999998 2.4212389482950818 1 68 0.245838 0.010181000000000001 0.26869599999999999 0.0044029999999999998 0.00085500000000000007 0.0028189999999999999 0.010017 0.05108 0.075576000000000004 0 0.025935 0.00078399999999999997 0.00061399999999999996 0.001127 0.0032000000000000006 0.20425299999999999 0.031930000000000007 0.0075140000000000024 0 2
0 linear 4 23 0.52855799999999997 2.3408509317784856 1 61 0.24826699999999999 0.010304000000000001 0.24472999999999998 0.0041519999999999994 0.00092099999999999994 0.0027299999999999998 0.010012999999999999 0.051333999999999998 0.074174000000000004 0 0.029822999999999999 0.00076199999999999998 0.00060900000000000006 0.001168 0.0030150000000000003 0.18788100000000005 0.028438999999999999 0.0067650000000000019 0 3
0 uniform 0 0 53.443874999999998 6.8139867820913782 1 67 53.185068999999999 0.011649 0.21920100000000009 0.0058400000000000006 0.0011690000000000001 0.0025100000000000001 0.0094289999999999999 0.18008299999999999 0.33447500000000002 52.442736999999994 0.087030999999999997 3.3000000000000003e-05 0.058463000000000001 0.0018439999999999999 0.0037880000000000001 0.17026100000000002 0.035334000000000018 0 0 0
0 uniform 0 7 53.251336999999999 6.9223389959685582 1 83 52.851070999999997 0.011552 0.35011700000000007 0.0062579999999999997 0.0012409999999999999 0.0044330000000000003 0.012437999999999999 0.051366000000000002 0.26029099999999999 52.349223000000002 0.087216999999999989 2.0000000000000002e-05 0.017028000000000001 0.0017589999999999999 0.0037449999999999992 0.28628799999999999 0.045439000000000021 0 0 1
0 uniform 0 15 53.744819 7.0045054110051712 1 91 53.281129 0.011457999999999999 0.4150410000000001 0.0080489999999999989 0.0013359999999999999 0.0043740000000000003 0.01227 0.050860000000000002 0.30327799999999999 52.66986 0.08754300000000001 2.4000000000000001e-05 0.082244999999999985 0.001732 0.0036979999999999999 0.34166800000000008 0.051382000000000004 0 0 2
0 uniform 0 23 53.596066 7.0403829421848272 1 91 53.222360000000002 0.011513000000000001 0.32712900000000006 0.0068830000000000002 0.0013560000000000002 0.003277 0.012262 0.050220000000000001 0.26353900000000002 52.681353000000001 0.087792000000000009 2.5000000000000001e-05 0.051670000000000001 0.0017459999999999999 0.0037229999999999997 0.26014199999999998 0.049604000000000016 0 0 3
0 uniform 1 0 1.0205340000000001 627.72831737403214 1 105 0.71269099999999996 0.011656 0.25993200000000011 0.0067289999999999997 0.001519 0.0045909999999999996 0.012114 0.180368 0.13039200000000001 0 0.026984999999999999 0.00093099999999999997 0.25786799999999999 0.0011670000000000001 0.0038150000000000002 0.16258800000000012 0.079095000000000096 0 0 0
0 uniform 1 7 0.77406399999999997 631.61507920937345 1 105 0.44690299999999999 0.012781000000000001 0.28010800000000002 0.0058079999999999998 0.0013369999999999999 0.00314 0.011301 0.051469000000000001 0.152749 0 0.026970999999999998 0.00092299999999999999 0.105143 0.0011440000000000001 0.0035640000000000003 0.184673 0.077334999999999987 0 0 1
0 uniform 1 15 0.96486499999999997 635.58150147374488 1 128 0.53973199999999999 0.012697 0.37166100000000013 0.0066179999999999998 0.0015610000000000001 0.0027399999999999998 0.010591 0.051222999999999998 0.13108600000000001 0 0.026179000000000001 0.00082700000000000004 0.22596100000000002 0.001165 0.0038449999999999995 0.24639999999999995 0.10249099999999998 0 0 2
0 uniform 1 23 0.79542900000000005 638.99054014712431 1 128 0.37974999999999998 0.012435999999999999 0.36440499999999998 0.0061550000000000007 0.0013630000000000001 0.0027060000000000001 0.0099500000000000005 0.051146999999999998 0.130776 0 0.025804000000000001 0.00076599999999999997 0.072280999999999998 0.00107 0.0037260000000000001 0.23976299999999992 0.1007060000000001 0 0 3
0 uniform 2 0 37.617159999999998 2.3738776878589789 1 45 37.453608000000003 0.011128000000000001 0.13200599999999993 0.0031449999999999998 0.00084999999999999995 0.0030980000000000001 0.011936 0.17611399999999999 0.33912700000000001 36.735225999999997 0.082312999999999997 2.6999999999999999e-05 0.042706999999999995 0.0016260000000000001 0.0037660000000000003 0.10058600000000002 0.021876 0 0 0
0 uniform 2 7 51.374206000000001 2.4185459771569833 1 45 51.126890000000003 0.011793 0.21327099999999999 0.0032199999999999998 0.00084899999999999993 0.0033909999999999999 0.012408000000000001 0.052611999999999999 0.27046199999999998 50.625791 0.085209000000000007 2.8e-05 0.010877 0.001603 0.0038860000000000001 0.17958900000000003 0.022540999999999995 0 0 1
0 uniform 2 15 51.82403 2.4760800094988884 1 45 51.579413000000002 0.011405999999999999 0.20903399999999994 0.0042330000000000007 0.00079100000000000004 0.0034979999999999998 0.013105 0.055308999999999997 0.33823199999999998 51.012465999999996 0.083202999999999999 2.5000000000000001e-05 0.010077999999999998 0.0015460000000000001 0.003836 0.17538600000000001 0.022924999999999994 0 0 2
0 uniform 2 23 53.607967000000002 2.5425757937801223 1 45 53.351004000000003 0.011790999999999999 0.22421399999999994 0.0031600000000000005 0.00077799999999999994 0.0074780000000000003 0.012324 0.052668 0.26404300000000003 52.847981000000004 0.087720999999999993 2.5999999999999998e-05 0.010051000000000001 0.0016199999999999999 0.0037439999999999995 0.18996499999999999 0.023113000000000012 0 0 3
0 uniform 3 0 0.71645499999999995 490.78838121191183 1 67 0.55913100000000004 0.016407000000000001 0.11293999999999997 0.004117 0.001073 0.0032959999999999999 0.012134000000000001 0.18033299999999999 0.117634 0 0.026495000000000001 0.00092900000000000003 0.11302599999999999 0.00076499999999999995 0.0040090000000000004 0.074708000000000011 0.027714000000000013 0 0 0
0 uniform 3 7 0.740313 500.90243914853698 1 67 0.491757 0.015082999999999999 0.20564300000000002 0.0036930000000000001 0.00096499999999999993 0.0041149999999999997 0.010987 0.052532000000000002 0.098400000000000001 0 0.026386 0.00086799999999999996 0.20330399999999998 0.00081899999999999996 0.003604 0.16939800000000002 0.026182999999999994 0 0 1
0 uniform 3 15 0.74965999999999999 513.6746959875577 1 67 0.50994300000000004 0.014735 0.19931599999999999 0.003516 0.00084599999999999996 0.0026770000000000001 0.010342 0.051220000000000002 0.097156999999999993 0 0.026193999999999999 0.00092199999999999997 0.23040800000000003 0.00066100000000000002 0.0034659999999999995 0.16228599999999999 0.026963999999999998 0 0 2
0 uniform 3 23 0.65633799999999998 528.13394552202078 1 67 0.417715 0.014378999999999999 0.198652 0.0034140000000000004 0.00081099999999999998 0.0025270000000000002 0.0094570000000000001 0.051042999999999998 0.099432999999999994 0 0.025048000000000001 0.00076900000000000004 0.140378 0.00075699999999999997 0.0034320000000000002 0.16075899999999999 0.027643999999999991 0 0 3
0 uniform 4 0 0.54475399999999996 2.6310460312299382 1 52 0.383517 0.011197 0.131356 0.0030889999999999997 0.00083200000000000006 0.0030439999999999998 0.011587 0.18004300000000001 0.076155 0 0.026957999999999999 0.00076999999999999996 0.00062700000000000006 0.0012639999999999999 0.0033079999999999993 0.10073499999999999 0.022833000000000003 0 0 0
0 uniform 4 7 0.44571899999999998 2.5259767679796097 1 52 0.23613200000000001 0.010696000000000001 0.18067500000000003 0.0025669999999999998 0.00073400000000000006 0.002745 0.010503 0.051073 0.065696000000000004 0 0.026252000000000001 0.00080599999999999997 0.00058599999999999993 0.0011900000000000001 0.0031179999999999997 0.148891 0.024014000000000001 0 0 1
0 uniform 4 15 0.52495899999999995 2.4276525037044272 1 68 0.24338599999999999 0.010031999999999999 0.24814900000000004 0.0040569999999999998 0.00080800000000000012 0.0026949999999999999 0.0098720000000000006 0.050992000000000003 0.075581999999999996 0 0.025294000000000001 0.00080400000000000003 0.00058799999999999998 0.0010330000000000001 0.0029730000000000004 0.20375999999999997 0.034089000000000022 0 0 2
0 uniform 4 23 0.43928200000000001 2.3458220510894816 1 45 0.24692900000000001 0.010488000000000001 0.163578 0.0025899999999999999 0.00074300000000000006 0.00264 0.0094000000000000004 0.050931999999999998 0.076494000000000006 0 0.026259000000000001 0.00073899999999999997 0.00059899999999999992 0.0011590000000000001 0.0031619999999999999 0.13676800000000003 0.020003999999999991 0 0 3
1 linear 0 0 0.51153000000000004 43.386473901256721 1 67 0.36219099999999999 0.011254 0.11426100000000004 0.0042249999999999996 0.001044 0.003192 0.011261999999999999 0.19195899999999999 0.033101999999999999 0 0.026091 0.00089300000000000002 0.0046020000000000002 0.001111 0.0033869999999999998 0.049432000000000011 0.028424999999999999 0.0071470000000000006 0 0
1 linear 0 7 0.459619 45.580868130123235 1 67 0.21660499999999999 0.010879 0.20884300000000008 0.0038430000000000005 0.00096200000000000007 0.002751 0.010036 0.055870999999999997 0.031310999999999999 0 0.025218000000000001 0.00075100000000000004 0.0044549999999999998 0.0010089999999999999 0.0034009999999999999 0.14781400000000006 0.028847000000000001 0.0071100000000000009 0 1
1 linear 0 15 0.45514700000000002 47.482169432048735 1 67 0.21444199999999999 0.010832 0.20708299999999996 0.0035010000000000002 0.00092199999999999997 0.0024789999999999999 0.0096769999999999998 0.056923000000000001 0.031264 0 0.025642999999999999 0.00074399999999999998 0.0042519999999999997 0.0010020000000000001 0.0033499999999999992 0.147206 0.027719999999999995 0.0071240000000000019 0 2
1 linear 0 23 0.47041899999999998 48.662953194529472 1 67 0.21382300000000001 0.010689000000000001 0.22276000000000007 0.0036750000000000003 0.0008470000000000001 0.0024859999999999999 0.0093360000000000005 0.058632999999999998 0.031243 0 0.025260999999999999 0.00075199999999999996 0.0042290000000000001 0.00095600000000000004 0.0032490000000000002 0.16168799999999997 0.028584999999999996 0.0071250000000000011 0 3
1 linear 1 0 0.73913300000000004 85.389445682910434 1 59 0.598445 0.011214 0.10911400000000004 0.0033010000000000001 0.00090899999999999998 0.0028370000000000001 0.010279 0.19068499999999999 0.084151000000000004 0 0.02664 0.00076499999999999995 0.195906 0.000959 0.0034439999999999996 0.049833000000000009 0.027170000000000007 0.0061620000000000017 0 0
1 linear 1 7 0.64812199999999998 85.251867954852059 1 59 0.46082099999999998 0.010864 0.156723 0.002918 0.00079699999999999997 0.0027729999999999999 0.010304000000000001 0.058959999999999999 0.063551999999999997 0 0.026584 0.00075299999999999998 0.20899600000000002 0.001129 0.0034999999999999996 0.096994000000000025 0.02770400000000001 0.0061730000000000014 0 1
1 linear 1 15 0.64463199999999998 85.046616417401879 1 59 0.460725 0.01055 0.15347999999999998 0.0030540000000000003 0.00071100000000000004 0.0027169999999999998 0.0096500000000000006 0.055034 0.077106999999999995 0 0.026203000000000001 0.00079199999999999995 0.20563399999999998 0.001155 0.0032500000000000003 0.093016000000000001 0.028578999999999997 0.0061799999999999989 0 2
1 linear 1 23 0.68399600000000005 84.791391310569054 1 59 0.42305500000000001 0.015727999999999999 0.22229900000000005 0.0038549999999999999 0.00099799999999999997 0.0024589999999999998 0.0091420000000000008 0.058667999999999998 0.104716 0 0.025514999999999999 0.00083000000000000001 0.13858500000000001 0.00096500000000000004 0.0034950000000000003 0.14957300000000001 0.033148999999999998 0.0069540000000000036 0 3
1 linear 2 0 1.0149220000000001 68.841396263097877 1 90 0.80948600000000004 0.012465 0.16149399999999997 0.0059550000000000002 0.0013489999999999999 0.0026519999999999998 0.0099839999999999998 0.18733900000000001 0.087039000000000005 0 0.026280000000000001 0.00084000000000000003 0.40626000000000001 0.001108 0.0037140000000000003 0.07435300000000003 0.04508300000000004 0.010114999999999996 0 0
1 linear 2 7 1.15866 61.726821096618707 1 98 0.82110799999999995 0.013938000000000001 0.2869799999999999 0.0065520000000000005 0.0014580000000000001 0.0039760000000000004 0.010286999999999999 0.055049000000000001 0.107643 0 0.026436999999999999 0.00087900000000000001 0.52279399999999998 0.00073200000000000001 0.0035429999999999997 0.19598700000000002 0.048373999999999959 0.010785000000000003 0 1
1 linear 2 15 1.1862900000000001 57.52837415956558 1 98 0.843171 0.013533999999999999 0.29370099999999999 0.0061549999999999999 0.001289 0.002539 0.0099480000000000002 0.058826000000000003 0.12475899999999999 0 0.025558999999999998 0.00084199999999999998 0.53090700000000002 0.00073399999999999995 0.0034889999999999999 0.20338099999999987 0.047440999999999983 0.01082 0 2
1 linear 2 23 1.0178419999999999 54.635942833419847 1 98 0.68099799999999999 0.013428000000000001 0.28857999999999989 0.0056359999999999995 0.0012459999999999999 0.0025070000000000001 0.0097979999999999994 0.053157999999999997 0.103576 0 0.025829000000000001 0.00080000000000000004 0.39510100000000004 0.00076000000000000004 0.0034199999999999999 0.19794399999999998 0.047894999999999979 0.010812000000000002 0 3
1 linear 3 0 0.76523399999999997 39.628916313831432 1 99 0.53221200000000002 0.013472 0.18038800000000008 0.006352 0.0013240000000000001 0.0026900000000000001 0.0098139999999999998 0.188637 0.044138999999999998 0 0.026641000000000001 0.000825 0.16374600000000003 0.000767 0.0034980000000000002 0.087892000000000095 0.046416999999999958 0.010936 0 0
1 linear 3 7 0.74352700000000005 40.277993129560507 1 99 0.374222 0.013313999999999999 0.31675100000000006 0.0064700000000000001 0.0012300000000000002 0.0025339999999999998 0.0092169999999999995 0.055419000000000003 0.043500999999999998 0 0.025498 0.00075900000000000002 0.14726600000000001 0.00073300000000000004 0.0035080000000000003 0.22486499999999998 0.045308999999999981 0.010921000000000002 0 1
1 linear 3 15 0.74625699999999995 41.074030933436454 1 99 0.37178699999999998 0.013134 0.32262299999999999 0.0058279999999999998 0.0012830000000000001 0.0026380000000000002 0.0094920000000000004 0.058958999999999998 0.074245000000000005 0 0.026204999999999999 0.00077399999999999995 0.109013 0.00060899999999999995 0.0034330000000000003 0.22847200000000001 0.047245999999999969 0.010933 0 2
1 linear 3 23 0.83221900000000004 41.937646541494267 1 99 0.46862900000000002 0.013058 0.31185900000000011 0.0059540000000000001 0.001186 0.0024589999999999998 0.0091649999999999995 0.059011000000000001 0.042509999999999999 0 0.025377 0.00069499999999999998 0.24169099999999999 0.00062299999999999996 0.003398 0.21893900000000002 0.047061999999999944 0.010907000000000002 0 3
1 linear 4 0 0.51346800000000004 3.862039645317104 1 61 0.36590499999999998 0.0083389999999999992 0.11484799999999994 0.0034889999999999999 0.00095500000000000012 0.0027629999999999998 0.0097050000000000001 0.189945 0.053695 0 0.025909000000000001 0.00079799999999999999 0.0021980000000000003 0.0012880000000000001 0.0030719999999999996 0.043774999999999981 0.025957999999999985 0.0054580000000000028 0 0
1 linear 4 7 0.46629999999999999 3.8558056817096729 1 61 0.237318 0.0081899999999999994 0.19645300000000002 0.0034650000000000002 0.00082900000000000009 0.0025140000000000002 0.0089879999999999995 0.058479000000000003 0.062024999999999997 0 0.025262 0.00080999999999999996 0.0020639999999999999 0.0012080000000000001 0.0029910000000000002 0.12551399999999999 0.025884000000000004 0.0054549999999999989 0 1
1 linear 4 15 0.46828399999999998 3.8487264671009735 1 61 0.239893 0.0081829999999999993 0.19617300000000004 0.0035699999999999998 0.0007310000000000001 0.0023730000000000001 0.0088319999999999996 0.057682999999999998 0.062085000000000001 0 0.025759000000000001 0.00077700000000000002 0.0020939999999999995 0.001085 0.0029429999999999999 0.12573500000000004 0.025252999999999994 0.005484000000000001 0 2
1 linear 4 23 0.58937499999999998 3.8416950743619886 1 61 0.37038399999999999 0.0080780000000000001 0.18682099999999993 0.0037559999999999994 0.00070700000000000005 0.002467 0.0088389999999999996 0.053523000000000001 0.072058999999999998 0 0.025226999999999999 0.00072800000000000002 0.13283500000000001 0.001029 0.0029560000000000003 0.11519100000000002 0.026322999999999992 0.0054660000000000021 0 3
1 uniform 0 0 0.47733500000000001 41.922282457400435 1 67 0.35685299999999998 0.011194000000000001 0.086236000000000021 0.0037030000000000001 0.001077 0.0026120000000000002 0.0098200000000000006 0.19450100000000001 0.032532999999999999 0 0.025538999999999999 0.00080699999999999999 0.0044060000000000002 0.00097099999999999997 0.0033840000000000003 0.047578000000000002 0.028520999999999994 0 0 0
1 uniform 0 7 0.43345699999999998 43.987607710301795 1 67 0.212584 0.010983 0.18714799999999998 0.003359 0.00090400000000000007 0.0024520000000000002 0.0091850000000000005 0.055806000000000001 0.031288999999999997 0 0.025291999999999999 0.00072400000000000003 0.0043409999999999994 0.00093499999999999996 0.0034620000000000002 0.14819099999999996 0.028857999999999998 0 0 1
1 uniform 0 15 0.43381399999999998 45.910498225245647 1 67 0.21526000000000001 0.010796 0.18507400000000002 0.0031190000000000002 0.00092200000000000008 0.0021840000000000002 0.0088579999999999996 0.056798000000000001 0.031445000000000001 0 0.025413000000000002 0.00071400000000000001 0.0041450000000000002 0.00089300000000000002 0.0032300000000000002 0.14728000000000002 0.027726999999999995 0 0 2
1 uniform 0 23 0.443606 47.308632444160537 1 67 0.21052699999999999 0.010572 0.20035299999999998 0.0030049999999999999 0.00079299999999999998 0.0022959999999999999 0.0086370000000000006 0.058208999999999997 0.031083 0 0.025271999999999999 0.000754 0.0041900000000000001 0.00088800000000000001 0.0032039999999999998 0.16130199999999992 0.028667999999999999 0 0 3
1 uniform 1 0 0.71320399999999995 83.302701421144761 1 59 0.59648999999999996 0.011253000000000001 0.085900000000000004 0.0027160000000000001 0.00078700000000000005 0.0026129999999999999 0.0099139999999999992 0.190523 0.086498000000000005 0 0.026620000000000001 0.00075000000000000002 0.19376699999999999 0.00090399999999999996 0.003408 0.049949999999999987 0.02714299999999999 0 0 0
1 uniform 1 7 0.63197499999999995 83.062707442079969 1 59 0.45883499999999999 0.012194 0.14016299999999998 0.0030819999999999997 0.00084000000000000003 0.0025219999999999999 0.0093810000000000004 0.058943000000000002 0.064810000000000006 0 0.025888999999999999 0.00078700000000000005 0.20885999999999999 0.0011249999999999999 0.0036340000000000001 0.099318999999999991 0.028625000000000018 0 0 1
1 uniform 1 15 0.62938300000000003 82.752218227224901 1 59 0.464617 0.011032999999999999 0.13362299999999999 0.0028630000000000001 0.00077500000000000008 0.0027520000000000001 0.011112 0.056340000000000001 0.077137999999999998 0 0.025895000000000001 0.00074799999999999997 0.20546600000000001 0.001054 0.0035510000000000003 0.095383000000000009 0.029206000000000003 0 0 2
1 uniform 1 23 0.59637499999999999 82.404374867057825 1 59 0.43221900000000002 0.010521000000000001 0.13465799999999997 0.0026060000000000002 0.00068700000000000011 0.002601 0.0092490000000000003 0.060221999999999998 0.10920000000000001 0 0.025467 0.00075299999999999998 0.13825400000000002 0.0010369999999999999 0.003274 0.099970000000000031 0.02588300000000001 0 0 3
1 uniform 2 0 0.96511599999999997 70.367357907743497 1 90 0.80060600000000004 0.01123 0.12374800000000004 0.0048539999999999998 0.001235 0.0027330000000000002 0.009528 0.18590100000000001 0.084472000000000005 0 0.026193999999999999 0.00087299999999999997 0.40440000000000004 0.0010150000000000001 0.0032669999999999999 0.066533000000000009 0.043741000000000009 0 0 0
1 uniform 2 7 1.0730299999999999 62.370752456032321 1 82 0.81106800000000001 0.014256 0.21827000000000008 0.0044709999999999993 0.001206 0.0026970000000000002 0.0095759999999999994 0.053256999999999999 0.10419 0 0.026048000000000002 0.00085700000000000001 0.52077099999999987 0.00076000000000000004 0.0036020000000000006 0.16517999999999999 0.040336999999999991 0 0 1
1 uniform 2 15 1.113078 57.896237569335817 1 82 0.84648599999999996 0.01358 0.22405800000000001 0.0041710000000000002 0.0011509999999999999 0.0026159999999999998 0.0096830000000000006 0.058860000000000003 0.125169 0 0.026143 0.00084800000000000001 0.53203299999999998 0.00075100000000000004 0.0034270000000000004 0.17233200000000001 0.039146999999999987 0 0 2
1 uniform 2 23 0.946241 54.883089801390021 1 82 0.68528699999999998 0.013521999999999999 0.21924799999999994 0.0039439999999999996 0.0010839999999999999 0.0025330000000000001 0.0094050000000000002 0.053401999999999998 0.105601 0 0.026086000000000002 0.00083299999999999997 0.39660800000000002 0.00080599999999999997 0.0034129999999999998 0.16727200000000003 0.039737999999999989 0 0 3
1 uniform 3 0 0.68472500000000003 39.82384628362535 1 67 0.53063400000000005 0.013681 0.11500400000000001 0.0033909999999999999 0.00090499999999999999 0.002735 0.009835 0.188586 0.044082000000000003 0 0.026335999999999998 0.00087000000000000001 0.165714 0.00073700000000000002 0.0034689999999999999 0.075397000000000006 0.029546000000000003 0 0 0
1 uniform 3 7 0.60499000000000003 40.492608631519126 1 67 0.37348300000000001 0.01323 0.19290200000000002 0.0033160000000000004 0.00084600000000000007 0.0024520000000000002 0.0092270000000000008 0.055359999999999999 0.043517 0 0.025621000000000001 0.00075699999999999997 0.14706900000000001 0.00067699999999999998 0.0034620000000000002 0.15390500000000001 0.028742000000000007 0 0 1
1 uniform 3 15 0.60528700000000002 41.315252213603593 1 67 0.37320599999999998 0.013029000000000001 0.19369600000000001 0.0033400000000000001 0.00096499999999999993 0.0024139999999999999 0.0090159999999999997 0.058824000000000001 0.074271000000000004 0 0.025803 0.00072300000000000001 0.10907100000000002 0.00060599999999999998 0.0035079999999999998 0.15451999999999999 0.029031000000000001 0 0 2
1 uniform 3 23 0.70408599999999999 42.211155717813547 1 67 0.466526 0.013054 0.19960600000000006 0.0033020000000000002 0.00079900000000000001 0.0022230000000000001 0.008744 0.056918999999999997 0.043167999999999998 0 0.025426000000000001 0.00064999999999999997 0.24219199999999999 0.00063100000000000005 0.0033940000000000003 0.15779499999999994 0.029223000000000006 0 0 3
1 uniform 4 0 0.44338499999999997 3.8620667486052338 1 45 0.35968299999999997 0.0083549999999999996 0.057953999999999999 0.0022520000000000001 0.00072300000000000001 0.0025600000000000002 0.0094319999999999994 0.187393 0.052309000000000001 0 0.025503000000000001 0.00075299999999999998 0.0022329999999999997 0.001356 0.0030730000000000002 0.033619000000000017 0.017621999999999988 0 0 0
1 uniform 4 7 0.37881599999999999 3.8558325177630759 1 45 0.23729900000000001 0.0082579999999999997 0.11539100000000001 0.0023740000000000002 0.00060700000000000001 0.002362 0.0090650000000000001 0.058680000000000003 0.061987 0 0.025488 0.00075100000000000004 0.0020709999999999999 0.0011720000000000001 0.0031000000000000008 0.091301000000000021 0.017191999999999999 0 0 1
1 uniform 4 15 0.38142399999999999 3.8487530021871041 1 45 0.241091 0.0080420000000000005 0.114625 0.0022859999999999998 0.00059900000000000003 0.0023640000000000002 0.0093989999999999994 0.062192999999999998 0.06241 0 0.025985999999999999 0.00081999999999999998 0.0021610000000000002 0.001073 0.0029940000000000006 0.09079000000000001 0.016914999999999993 0 0 2
1 uniform 4 23 0.50399300000000002 3.8417213131338919 1 45 0.37161899999999998 0.0081519999999999995 0.10704000000000005 0.0022009999999999998 0.000544 0.0023839999999999998 0.0089650000000000007 0.053573999999999997 0.072390999999999997 0 0.025100999999999998 0.00084500000000000005 0.13295100000000001 0.0010759999999999999 0.0029699999999999996 0.082856000000000013 0.017391999999999994 0 0 3
2 linear 0 0 0.65397300000000003 7.3041468089428419 1 105 0.42972900000000003 0.011882 0.17275599999999997 0.0074130000000000003 0.0013990000000000001 0.0028479999999999998 0.011283 0.17791899999999999 0.021762 0 0.026186000000000001 0.00079000000000000001 0.098875000000000005 0.0010349999999999999 0.0035670000000000003 0.070039999999999991 0.039920999999999984 0.015246999999999998 0 0
2 linear 0 7 0.46465000000000001 7.3382995943119358 1 105 0.19936899999999999 0.011645000000000001 0.21497900000000006 0.0065399999999999998 0.001168 0.0027000000000000001 0.010747 0.043442000000000001 0.021225000000000001 0 0.026334 0.00086200000000000003 0.0038929999999999998 0.0011119999999999999 0.0035519999999999996 0.11091100000000001 0.040025999999999937 0.015542 0 1
2 linear 0 15 0.44664300000000001 7.3462055723946298 1 105 0.181979 0.011292999999999999 0.21544200000000005 0.0058699999999999994 0.0011659999999999999 0.0027560000000000002 0.010418999999999999 0.029078 0.020832 0 0.026582999999999999 0.000794 0.0033789999999999996 0.001034 0.003457 0.11121700000000004 0.038547999999999978 0.015484999999999997 0 2
2 linear 0 23 0.42736800000000003 7.3204279612703047 1 105 0.17230200000000001 0.010952999999999999 0.20719100000000004 0.0056429999999999996 0.0012110000000000001 0.002735 0.0096640000000000007 0.02247 0.021052999999999999 0 0.025812000000000002 0.000825 0.0033 0.001005 0.00346 0.10348399999999999 0.038208999999999993 0.015439000000000003 0 3
2 linear 1 0 0.68328 7.161870073062075 1 105 0.454621 0.012543 0.17686499999999991 0.0056319999999999999 0.0013659999999999998 0.002689 0.010290000000000001 0.173905 0.021434999999999999 0 0.025614000000000001 0.00083000000000000001 0.13312499999999999 0.0011180000000000001 0.0036639999999999997 0.069617999999999985 0.041176000000000032 0.016072000000000003 0 0
2 linear 1 7 0.46516400000000002 7.1127253774513131 1 97 0.18897800000000001 0.0126 0.22443400000000008 0.0065570000000000012 0.001477 0.0037469999999999999 0.010236 0.032217999999999997 0.023800000000000002 0 0.0252 0.000776 0.003738 0.0011130000000000001 0.0039510000000000005 0.11741199999999999 0.041076000000000015 0.015572000000000004 0 1
2 linear 1 15 0.57034600000000002 7.0244112343197251 1 97 0.31244699999999997 0.012468999999999999 0.21028300000000005 0.0057420000000000006 0.0014270000000000001 0.0039360000000000003 0.010592000000000001 0.02844 0.024591999999999999 0 0.025711999999999999 0.00078299999999999995 0.13060900000000003 0.001023 0.003663 0.10510200000000003 0.039969000000000011 0.015144999999999999 0 2
2 linear 1 23 0.42675400000000002 6.8984647775525314 1 89 0.187803 0.010999999999999999 0.19629799999999989 0.0051210000000000006 0.0010739999999999999 0.002686 0.010902999999999999 0.032174000000000001 0.025148 0 0.026401000000000001 0.00082799999999999996 0.0037859999999999999 0.00094499999999999998 0.0034619999999999989 0.10822199999999996 0.036166999999999956 0.013589999999999996 0 3
2 linear 2 0 0.41020800000000002 7.3873581973896796 1 61 0.300981 0.0084270000000000005 0.076555999999999999 0.0037090000000000005 0.00091799999999999998 0.0026819999999999999 0.010862999999999999 0.15356700000000001 0.021954999999999999 0 0.026453999999999998 0.00081999999999999998 0.0018730000000000001 0.0012359999999999999 0.0031260000000000003 0.035063000000000011 0.020847000000000008 0.0072480000000000027 0 0
2 linear 2 7 0.30212899999999998 7.4330370798845236 1 61 0.162798 0.0083499999999999998 0.107031 0.0036719999999999999 0.00079799999999999988 0.002679 0.010185 0.020809000000000001 0.021444999999999999 0 0.025897 0.000825 0.0022030000000000001 0.0011440000000000001 0.0030210000000000002 0.066950999999999997 0.019614000000000006 0.0072470000000000017 0 1
2 linear 2 15 0.29952299999999998 7.4860049670943276 1 61 0.16578999999999999 0.0081010000000000006 0.10159199999999999 0.0036849999999999999 0.00079599999999999994 0.0025569999999999998 0.0099039999999999996 0.020567999999999999 0.020941999999999999 0 0.025638999999999999 0.00079100000000000004 0.0019839999999999997 0.0010920000000000001 0.0081590000000000013 0.061357999999999989 0.019828999999999999 0.0072660000000000008 0 2
2 linear 2 23 0.30343399999999998 7.5397994573164535 1 61 0.16114999999999999 0.0083479999999999995 0.10858299999999997 0.0042430000000000002 0.00078700000000000005 0.002532 0.0097210000000000005 0.020323999999999998 0.021007000000000001 0 0.026141000000000001 0.00074100000000000001 0.0022049999999999999 0.00109 0.0030180000000000003 0.067401999999999976 0.020766000000000007 0.0072480000000000036 0 3
2 linear 3 0 0.53075799999999995 59.416187030070056 1 59 0.40274799999999999 0.010066 0.09720699999999996 0.0034510000000000001 0.001021 0.0028310000000000002 0.010876 0.157809 0.021832000000000001 0 0.026034000000000002 0.00079699999999999997 0.10058500000000001 0.001134 0.0032750000000000001 0.055524000000000004 0.019122000000000004 0.0078500000000000028 0 0
2 linear 3 7 0.62655300000000003 58.640973892528613 1 52 0.39235999999999999 0.0095890000000000003 0.20680800000000008 0.0028990000000000001 0.00079100000000000014 0.0025119999999999999 0.010125 0.024764999999999999 0.021177000000000001 0 0.02571 0.00076499999999999995 0.22792399999999999 0.0011329999999999999 0.0031610000000000002 0.17361400000000002 0.015146999999999992 0.0061660000000000022 0 1
2 linear 3 15 0.42948999999999998 57.667701378516625 1 52 0.21102799999999999 0.0094199999999999996 0.18938500000000003 0.002813 0.00087800000000000009 0.002271 0.009724 0.015632 0.020877 0 0.025440000000000001 0.000736 0.058480999999999998 0.001005 0.003078 0.15575800000000004 0.015438000000000002 0.0061550000000000025 0 2
2 linear 3 23 0.37324000000000002 56.619616025230151 1 52 0.16642599999999999 0.0090810000000000005 0.18035099999999996 0.0028119999999999998 0.0007899999999999999 0.0022309999999999999 0.0098729999999999998 0.017215000000000001 0.022200999999999999 0 0.025763000000000001 0.00081899999999999996 0.010531 0.001031 0.0030130000000000001 0.14658600000000005 0.015741000000000002 0.0061660000000000005 0 3
2 linear 4 0 0.41052699999999998 4.384566320097977 1 61 0.300568 0.0085819999999999994 0.076224 0.0042560000000000002 0.00083100000000000003 0.002826 0.010742 0.150557 0.023414999999999998 0 0.026674 0.00082299999999999995 0.001941 0.0012099999999999999 0.0032539999999999995 0.034522000000000004 0.020853999999999991 0.0072310000000000022 0 0
2 linear 4 7 0.30436600000000003 4.4006279364392924 1 61 0.171794 0.0084449999999999994 0.099855000000000027 0.0037999999999999996 0.00082299999999999995 0.0029529999999999999 0.010831 0.020885999999999998 0.023424 0 0.026671 0.00079600000000000005 0.001848 0.001026 0.0031739999999999997 0.058414999999999995 0.020745000000000006 0.0072400000000000016 0 1
2 linear 4 15 0.287356 4.4192064309925216 1 61 0.16220799999999999 0.0082240000000000004 0.092798999999999993 0.003725 0.00079700000000000007 0.0024030000000000002 0.0099819999999999996 0.020604000000000001 0.022738999999999999 0 0.026273000000000001 0.00070600000000000003 0.0019229999999999998 0.00098799999999999995 0.0030709999999999999 0.052157000000000016 0.020009000000000006 0.0072520000000000041 0 2
2 linear 4 23 0.290964 4.438025406154841 1 61 0.160999 0.0081049999999999994 0.09787499999999999 0.0036179999999999997 0.00077400000000000006 0.002565 0.0095370000000000003 0.020525999999999999 0.023380999999999999 0 0.026016999999999998 0.00070600000000000003 0.0017850000000000001 0.00097499999999999996 0.0029680000000000006 0.056891999999999991 0.020321999999999993 0.0072410000000000026 0 3
2 uniform 0 0 0.56456300000000004 7.2317910887922681 1 73 0.43056899999999998 0.011709000000000001 0.096866999999999967 0.0039509999999999997 0.0011490000000000001 0.002725 0.010696000000000001 0.179009 0.023983000000000001 0 0.026112 0.00079600000000000005 0.099215999999999999 0.0010859999999999999 0.0035000000000000001 0.055248000000000019 0.030281000000000002 0 0 0
2 uniform 0 7 0.350547 7.264449432491535 1 73 0.19925799999999999 0.011395000000000001 0.11496499999999997 0.0035100000000000001 0.00086900000000000009 0.0028419999999999999 0.010427000000000001 0.043221000000000002 0.023549 0 0.026616999999999998 0.000812 0.0039440000000000005 0.001227 0.0034850000000000003 0.073551999999999992 0.030172999999999978 0 0 1
2 uniform 0 15 0.33136300000000002 7.2800329531026371 1 73 0.18319099999999999 0.011051999999999999 0.11073300000000001 0.0033790000000000001 0.00072999999999999996 0.0027039999999999998 0.0098589999999999997 0.029017000000000001 0.022357999999999999 0 0.028656999999999998 0.00084999999999999995 0.0033370000000000006 0.00101 0.0032960000000000003 0.069685000000000025 0.029824999999999997 0 0 2
2 uniform 0 23 0.32849600000000001 7.2716104383850517 1 81 0.174652 0.011263 0.11511100000000005 0.0038099999999999996 0.0010790000000000001 0.0027190000000000001 0.0091529999999999997 0.022332000000000001 0.022544999999999999 0 0.028573000000000001 0.00083799999999999999 0.003222 0.00086799999999999996 0.003349 0.069991999999999971 0.032675000000000003 0 0 3
2 uniform 1 0 0.57438 7.1243343891940452 1 73 0.44765700000000003 0.011148999999999999 0.091493000000000019 0.0031719999999999999 0.00083100000000000003 0.0026770000000000001 0.0099970000000000007 0.169541 0.021344999999999999 0 0.025336999999999998 0.00084800000000000001 0.13280999999999998 0.0010820000000000001 0.0033040000000000001 0.049981999999999999 0.030245999999999974 0 0 0
2 uniform 1 7 0.34699000000000002 7.0957384527357696 1 81 0.180951 0.010944000000000001 0.12711099999999997 0.0041310000000000001 0.001101 0.0025149999999999999 0.0097909999999999994 0.030939999999999999 0.021162 0 0.025350000000000001 0.000754 0.0037929999999999995 0.001077 0.0034900000000000005 0.081495000000000012 0.03314099999999999 0 0 1
2 uniform 1 15 0.46316499999999999 7.036330519372533 1 73 0.30454500000000001 0.010924 0.12250599999999998 0.0034859999999999999 0.00084199999999999998 0.0026020000000000001 0.010335 0.027047000000000002 0.021503000000000001 0 0.026235999999999999 0.00086399999999999997 0.130749 0.00097199999999999999 0.0033940000000000007 0.080148000000000039 0.031006999999999996 0 0 2
2 uniform 1 23 0.338115 6.9416412572204331 1 73 0.182948 0.010847000000000001 0.11959900000000001 0.0033940000000000003 0.00077300000000000003 0.0025089999999999999 0.010042000000000001 0.031014 0.021666999999999999 0 0.026511 0.00088500000000000004 0.0038310000000000002 0.00096000000000000002 0.0034140000000000004 0.07756399999999998 0.030793000000000001 0 0 3
2 uniform 2 0 0.379409 7.3868021017409822 1 45 0.30203000000000002 0.0083739999999999995 0.051142999999999987 0.0024369999999999999 0.00074699999999999994 0.0026050000000000001 0.010756999999999999 0.15371000000000001 0.023494999999999999 0 0.026348 0.00079600000000000005 0.0019250000000000001 0.0013439999999999999 0.0030339999999999998 0.028499000000000003 0.015918999999999996 0 0 0
2 uniform 2 7 0.25878200000000001 7.4324788607833492 1 45 0.163439 0.0082410000000000001 0.069206999999999977 0.0024429999999999999 0.00067000000000000002 0.0025300000000000001 0.010012 0.02085 0.022942000000000001 0 0.025722999999999999 0.00081999999999999998 0.0022420000000000001 0.0010870000000000001 0.0030470000000000007 0.047503999999999984 0.014935000000000006 0 0 1
2 uniform 2 15 0.26002999999999998 7.4854444536455977 1 45 0.16831099999999999 0.0083320000000000009 0.065195000000000003 0.0026819999999999999 0.00065200000000000002 0.0023839999999999998 0.0097059999999999994 0.020653999999999999 0.022547000000000001 0 0.025971999999999999 0.00085999999999999998 0.0018960000000000001 0.001129 0.0031720000000000003 0.043051000000000006 0.015359999999999999 0 0 2
2 uniform 2 23 0.25952199999999997 7.5392367864670913 1 45 0.16148999999999999 0.0082660000000000008 0.072079999999999991 0.0024819999999999998 0.00065700000000000003 0.0026180000000000001 0.0098040000000000002 0.02043 0.02222 0 0.0263 0.00078299999999999995 0.0021489999999999999 0.00096199999999999996 0.0029950000000000003 0.049650000000000021 0.015594999999999996 0 0 3
2 uniform 3 0 0.51666299999999998 59.526118812433559 1 59 0.40323700000000001 0.0099850000000000008 0.08322000000000003 0.003284 0.00092100000000000016 0.0027200000000000002 0.010772 0.15787399999999999 0.023348000000000001 0 0.026234 0.00086700000000000004 0.100607 0.0010690000000000001 0.0032330000000000002 0.055006000000000006 0.019049000000000014 0 0 0
2 uniform 3 7 0.62071799999999999 58.749739825192549 1 52 0.39813700000000002 0.0096039999999999997 0.195745 0.0025690000000000001 0.00076000000000000004 0.0024880000000000002 0.0099819999999999996 0.024767000000000001 0.0229 0 0.030890999999999998 0.00076800000000000002 0.22779100000000002 0.00098799999999999995 0.0031719999999999999 0.17286299999999996 0.015009 0 0 1
2 uniform 3 15 0.421873 57.775010692149635 1 52 0.21487300000000001 0.00958 0.17968999999999999 0.0026639999999999997 0.00080599999999999997 0.00231 0.0097839999999999993 0.015875 0.022682999999999998 0 0.025541000000000001 0.00079900000000000001 0.058569999999999997 0.0009859999999999999 0.0030369999999999998 0.15609800000000001 0.015524999999999992 0 0 2
2 uniform 3 23 0.36956 56.725466765897608 1 52 0.17280999999999999 0.0090830000000000008 0.17067199999999996 0.0023580000000000003 0.00069800000000000005 0.0023760000000000001 0.0099509999999999998 0.021035999999999999 0.022731000000000001 0 0.026242000000000001 0.00088099999999999995 0.010490000000000001 0.0010809999999999999 0.0030539999999999999 0.14684900000000001 0.015766999999999996 0 0 3
2 uniform 4 0 0.37294500000000003 4.3843080754418171 1 45 0.298794 0.0086429999999999996 0.047613999999999997 0.0025490000000000001 0.00071699999999999997 0.0027880000000000001 0.010845 0.150697 0.023137000000000001 0 0.026842000000000001 0.00082899999999999998 0.001902 0.0010250000000000001 0.0032030000000000001 0.024646999999999999 0.016259000000000003 0 0 0
2 uniform 4 7 0.25905899999999998 4.4003642286955795 1 45 0.164435 0.0083510000000000008 0.06862299999999999 0.0024120000000000001 0.00066400000000000009 0.0027469999999999999 0.010011000000000001 0.020802000000000001 0.023050999999999999 0 0.026917 0.00079900000000000001 0.0017530000000000002 0.0010089999999999999 0.0029920000000000003 0.043303999999999988 0.018533000000000004 0 0 1
2 uniform 4 15 0.24773000000000001 4.4189365903024749 1 45 0.16211800000000001 0.0081810000000000008 0.060133000000000006 0.0023339999999999997 0.00066200000000000005 0.0023640000000000002 0.0097689999999999999 0.020587999999999999 0.022710999999999999 0 0.026707000000000002 0.00076999999999999996 0.001841 0.001011 0.0029589999999999998 0.038156000000000002 0.015172 0 0 2
2 uniform 4 23 0.24564900000000001 4.4377495520151085 1 45 0.15837200000000001 0.0081860000000000006 0.061547999999999999 0.0023850000000000004 0.00062399999999999999 0.0023340000000000001 0.0095849999999999998 0.020323000000000001 0.020844000000000001 0 0.025871999999999999 0.00071599999999999995 0.0018720000000000002 0.000919 0.002944 0.039393000000000004 0.015337999999999999 0 0 3
3 linear 0 0 0.564751 1.347521458687613 1 89 0.31855600000000001 0.010723999999999999 0.20377200000000001 0.0062310000000000004 0.001219 0.0031029999999999999 0.011521999999999999 0.15865599999999999 0.033760999999999999 0 0.027453000000000002 0.00079100000000000004 0.00063399999999999991 0.001168 0.0034299999999999999 0.08903800000000002 0.037281999999999961 0.014319 0 0
3 linear 0 7 0.47386899999999998 1.3410654058650069 1 89 0.19556200000000001 0.0099620000000000004 0.23758400000000005 0.0054189999999999993 0.0010219999999999999 0.0027699999999999999 0.010246999999999999 0.043186000000000002 0.032036000000000002 0 0.026245000000000001 0.00078899999999999999 0.000611 0.001191 0.0033810000000000003 0.12185200000000003 0.036700000000000017 0.014363000000000001 0 1
3 linear 0 15 0.450378 1.3288158882542218 1 89 0.180231 0.0099760000000000005 0.23018500000000003 0.0049519999999999998 0.00096699999999999998 0.0025560000000000001 0.0097029999999999998 0.041789 0.021283 0 0.025631999999999999 0.000745 0.00059000000000000003 0.00094200000000000002 0.003189 0.11158699999999998 0.039620000000000002 0.014295 0 2
3 linear 0 23 0.46895599999999998 1.311084982728296 1 89 0.17938899999999999 0.0098049999999999995 0.25007999999999997 0.0048639999999999994 0.00088499999999999994 0.0023869999999999998 0.0093390000000000001 0.042397999999999998 0.021238 0 0.025791000000000001 0.00078700000000000005 0.00059000000000000003 0.001 0.0032089999999999996 0.12200199999999999 0.036320999999999992 0.015077999999999999 0 3
3 linear 1 0 0.44104199999999999 1.2501800677649424 1 75 0.29802099999999998 0.0072230000000000003 0.110246 0.0043750000000000004 0.0011050000000000001 0.0024719999999999998 0.0096679999999999995 0.16309999999999999 0.022159000000000002 0 0.025655000000000001 0.00072900000000000005 0.00040999999999999999 0.0018710000000000001 0.0029879999999999998 0.057579999999999992 0.027432999999999999 0.0089180000000000058 0 0
3 linear 1 7 0.36743799999999999 1.2582006336370577 1 74 0.187636 0.006979 0.14815399999999998 0.0037949999999999998 0.001008 0.0026359999999999999 0.013661 0.048146000000000001 0.022200000000000001 0 0.026827 0.00077700000000000002 0.00039899999999999999 0.001575 0.0029170000000000003 0.096240999999999965 0.026995999999999982 0.0088030000000000001 0 1
3 linear 1 15 0.35769400000000001 1.2614426697623236 1 74 0.174012 0.0068659999999999997 0.15267599999999998 0.0038150000000000002 0.00082399999999999997 0.0024780000000000002 0.0090959999999999999 0.041444000000000002 0.021572000000000001 0 0.026001 0.00073200000000000001 0.00040499999999999998 0.0016670000000000001 0.0027810000000000001 0.10144600000000002 0.025937999999999992 0.0089340000000000027 0 2
3 linear 1 23 0.36990099999999998 1.2586643412235601 1 74 0.17496400000000001 0.006633 0.16418400000000005 0.0036779999999999998 0.00083900000000000001 0.0024260000000000002 0.0091900000000000003 0.044250999999999999 0.021314 0 0.026268 0.00069899999999999997 0.00043000000000000004 0.0015399999999999999 0.0027460000000000006 0.10109899999999999 0.030389999999999986 0.0094709999999999985 0 3
3 linear 2 0 0.54398199999999997 1.2180885785900795 1 81 0.30956 0.010401000000000001 0.19472200000000003 0.0044200000000000003 0.001083 0.002382 0.0091669999999999998 0.15973300000000001 0.032432000000000002 0 0.025933999999999999 0.00075500000000000003 0.00058700000000000007 0.001127 0.0037270000000000003 0.087708999999999968 0.036179000000000024 0.014410000000000001 0 0
3 linear 2 7 0.437081 1.1721285084304709 1 81 0.18806 0.010604000000000001 0.21114099999999991 0.0040760000000000006 0.00095 0.0023670000000000002 0.010023000000000001 0.043681999999999999 0.023831000000000001 0 0.025701999999999999 0.00080199999999999998 0.00061499999999999988 0.001072 0.0034139999999999999 0.13264999999999999 0.043776999999999996 0.013401999999999999 0 1
3 linear 2 15 0.40982000000000002 1.1427433896897004 1 74 0.189918 0.010161 0.183002 0.0043379999999999998 0.00093600000000000009 0.0022550000000000001 0.0088599999999999998 0.046030000000000001 0.025298999999999999 0 0.027123000000000001 0.00071900000000000002 0.00061600000000000001 0.0010120000000000001 0.0034459999999999998 0.113043 0.037650999999999997 0.01256 0 2
3 linear 2 23 0.397032 1.1247766193248168 1 74 0.18678700000000001 0.010075000000000001 0.17535600000000001 0.003614 0.00085599999999999999 0.002356 0.0090589999999999993 0.041659000000000002 0.024913000000000001 0 0.027642 0.00073899999999999997 0.00063599999999999996 0.0010369999999999999 0.0032780000000000001 0.11172999999999998 0.033730999999999983 0.011402999999999998 0 3
3 linear 3 0 0.46850399999999998 1.123985243420403 1 82 0.29595900000000003 0.010012999999999999 0.13234899999999999 0.0046629999999999996 0.0012079999999999999 0.0023670000000000002 0.0091940000000000008 0.155499 0.022145999999999999 0 0.026221999999999999 0.00075799999999999999 0.00062700000000000006 0.0010859999999999999 0.00316 0.063376000000000016 0.037759000000000036 0.011541000000000001 0 0
3 linear 3 7 0.41072799999999998 1.1134583966995464 1 82 0.18149299999999999 0.0097380000000000001 0.19018199999999999 0.0043610000000000003 0.001036 0.0023519999999999999 0.0090299999999999998 0.043740000000000001 0.021583999999999999 0 0.025805999999999999 0.00076599999999999997 0.0006379999999999999 0.0011000000000000001 0.0030109999999999998 0.12282600000000002 0.036029000000000012 0.011539000000000004 0 1
3 linear 3 15 0.41587400000000002 1.1038898532937338 1 82 0.18341099999999999 0.0096030000000000004 0.193577 0.0042650000000000006 0.00097899999999999984 0.002251 0.0086870000000000003 0.043337000000000001 0.021382999999999999 0 0.025079000000000001 0.00069899999999999997 0.0005930000000000001 0.001021 0.0029910000000000002 0.12718400000000002 0.035134000000000019 0.011511999999999998 0 2
3 linear 3 23 0.42012100000000002 1.0961656933125996 1 82 0.17960400000000001 0.0094570000000000001 0.20160099999999997 0.0043429999999999996 0.0011459999999999999 0.002222 0.0083110000000000007 0.043603000000000003 0.021930000000000002 0 0.02615 0.00072400000000000003 0.00059900000000000003 0.00099599999999999992 0.0029679999999999997 0.13441699999999998 0.036002000000000013 0.011536999999999999 0 3
3 linear 4 0 0.42747099999999999 1.0958037900862585 1 60 0.30606800000000001 0.0099950000000000004 0.088346999999999995 0.0037980000000000002 0.00086799999999999996 0.0022539999999999999 0.0090290000000000006 0.15765100000000001 0.022197999999999999 0 0.026700000000000002 0.00069800000000000005 0.00063400000000000001 0.001201 0.0032309999999999999 0.04734799999999998 0.020761999999999975 0.0071060000000000003 0 0
3 linear 4 7 0.354796 1.0938144342842051 1 60 0.17910400000000001 0.0096729999999999993 0.14360999999999999 0.00349 0.0007899999999999999 0.0025170000000000001 0.0097210000000000005 0.038593000000000002 0.021731 0 0.026741000000000001 0.00073800000000000005 0.00057600000000000001 0.0010939999999999999 0.0030990000000000002 0.10232200000000004 0.021148999999999991 0.0071140000000000005 0 1
3 linear 4 15 0.36819099999999999 1.0913512366528857 1 68 0.18231800000000001 0.0094619999999999999 0.15207500000000002 0.0037619999999999997 0.00084899999999999993 0.0023860000000000001 0.0087080000000000005 0.043887000000000002 0.021419000000000001 0 0.026662000000000002 0.000745 0.00060499999999999996 0.001093 0.0037399999999999998 0.10561799999999999 0.023635 0.0081100000000000009 0 2
3 linear 4 23 0.36537199999999997 1.0887036317441112 1 68 0.185278 0.0091719999999999996 0.14651900000000001 0.0036900000000000006 0.00088599999999999996 0.0022899999999999999 0.0089630000000000005 0.043694999999999998 0.023466999999999998 0 0.029510999999999999 0.00077700000000000002 0.0006069999999999999 0.0011050000000000001 0.0031079999999999997 0.098773999999999987 0.024881999999999977 0.0080870000000000022 0 3
3 uniform 0 0 0.46533799999999997 1.3256950408422028 1 73 0.31043700000000002 0.010376 0.12109500000000002 0.0037329999999999998 0.0010989999999999999 0.0022720000000000001 0.0089499999999999996 0.15843699999999999 0.035603000000000003 0 0.025964000000000001 0.00071900000000000002 0.00058200000000000005 0.0011050000000000001 0.003163 0.077689000000000036 0.032046999999999985 0 0 0
3 uniform 0 7 0.36838100000000001 1.3213733777694849 1 73 0.192302 0.0099399999999999992 0.14284799999999995 0.0035310000000000003 0.0010510000000000001 0.0022469999999999999 0.0089239999999999996 0.043119999999999999 0.034515999999999998 0 0.025634000000000001 0.00069700000000000003 0.00059400000000000002 0.001122 0.003068 0.099866999999999997 0.031702999999999995 0 0 1
3 uniform 0 15 0.34243600000000002 1.3130743355955563 1 73 0.17968000000000001 0.0097040000000000008 0.13007099999999999 0.0032229999999999997 0.00098200000000000002 0.002215 0.008541 0.041579999999999999 0.023008000000000001 0 0.027657000000000001 0.00074600000000000003 0.00058099999999999992 0.00098999999999999999 0.0030429999999999997 0.088039000000000034 0.030823 0 0 2
3 uniform 0 23 0.347854 1.3007089372723271 1 73 0.179256 0.0097269999999999995 0.13605499999999998 0.0030999999999999999 0.00087599999999999983 0.002232 0.0084650000000000003 0.042522999999999998 0.022682999999999998 0 0.027602999999999999 0.00071199999999999996 0.00059099999999999995 0.0010120000000000001 0.0031090000000000002 0.093480999999999995 0.031344000000000011 0 0 3
3 uniform 1 0 0.40524100000000002 1.2539118214705323 1 59 0.30078899999999997 0.0070200000000000002 0.078796000000000047 0.0029229999999999998 0.00083900000000000001 0.0022290000000000001 0.0088509999999999995 0.16792000000000001 0.021923999999999999 0 0.025579999999999999 0.00069399999999999996 0.00041100000000000002 0.0018749999999999999 0.0029640000000000001 0.048203999999999997 0.021737000000000003 0 0 0
3 uniform 1 7 0.31370799999999999 1.2609339510185988 1 66 0.179228 0.0070039999999999998 0.107353 0.0027579999999999996 0.00090400000000000007 0.0024559999999999998 0.0090469999999999995 0.047992 0.021871999999999999 0 0.025583999999999999 0.00071100000000000004 0.00040700000000000003 0.0015120000000000001 0.0029320000000000001 0.07333000000000002 0.024192000000000002 0 0 1
3 uniform 1 15 0.29649599999999998 1.2638378216185213 1 58 0.17125399999999999 0.0066319999999999999 0.101173 0.0021719999999999999 0.00063000000000000003 0.0023879999999999999 0.0084209999999999997 0.041501999999999997 0.021426000000000001 0 0.025566999999999999 0.00066200000000000005 0.00041599999999999997 0.001529 0.0028959999999999997 0.071783000000000013 0.020673000000000004 0 0 2
3 uniform 1 23 0.29660199999999998 1.2617646604212351 1 58 0.174676 0.0065649999999999997 0.09869600000000002 0.0021510000000000001 0.00060099999999999997 0.0022369999999999998 0.0085730000000000008 0.044259 0.021007999999999999 0 0.025434999999999999 0.00070299999999999996 0.00042999999999999999 0.00142 0.0027789999999999998 0.069461000000000009 0.020480999999999992 0 0 3
3 uniform 2 0 0.46754499999999999 1.2280987658152431 1 73 0.30759399999999998 0.010325000000000001 0.12485999999999997 0.0034740000000000005 0.00091500000000000001 0.002287 0.0086400000000000001 0.15965799999999999 0.032371999999999998 0 0.025869 0.00069999999999999999 0.000611 0.0010809999999999999 0.003258 0.080287000000000011 0.032824999999999993 0 0 0
3 uniform 2 7 0.35723700000000003 1.1781437642704 1 65 0.17981 0.010465 0.14726700000000001 0.0026379999999999997 0.00066200000000000005 0.002235 0.0085529999999999998 0.042136 0.021679 0 0.025654 0.000727 0.00058500000000000002 0.0010640000000000001 0.0035509999999999999 0.099157000000000009 0.036890999999999972 0 0 1
3 uniform 2 15 0.357742 1.1457671985884506 1 66 0.183698 0.010069 0.14170299999999997 0.0031110000000000001 0.00081300000000000003 0.002264 0.0084309999999999993 0.044380000000000003 0.024405 0 0.025732999999999999 0.00072400000000000003 0.00060999999999999987 0.0010280000000000001 0.0029849999999999998 0.095475999999999978 0.034895000000000009 0 0 2
3 uniform 2 23 0.33324300000000001 1.1265841638591854 1 58 0.181507 0.010119 0.123766 0.0023519999999999999 0.00057400000000000007 0.0023 0.0085690000000000002 0.039785000000000001 0.024261000000000001 0 0.026023000000000001 0.00073200000000000001 0.00060700000000000001 0.0010809999999999999 0.0032180000000000004 0.085632 0.028390999999999996 0 0 3
3 uniform 3 0 0.42719000000000001 1.1258289097132876 1 66 0.29491200000000001 0.0097859999999999996 0.09899100000000001 0.0032889999999999998 0.00087399999999999999 0.0022360000000000001 0.0089949999999999995 0.15052599999999999 0.024704 0 0.026082000000000001 0.00073899999999999997 0.00062299999999999996 0.0010549999999999999 0.0030539999999999999 0.055479999999999988 0.032831999999999993 0 0 0
3 uniform 3 7 0.34871999999999997 1.1148287722662029 1 66 0.18110999999999999 0.009587 0.13509000000000002 0.0030600000000000002 0.00077200000000000001 0.002261 0.0087309999999999992 0.043563999999999999 0.023299 0 0.025364000000000001 0.00074299999999999995 0.00064100000000000008 0.0010640000000000001 0.0030609999999999999 0.093281999999999976 0.031096999999999989 0 0 1
3 uniform 3 15 0.35059400000000002 1.1048917955940742 1 66 0.18058199999999999 0.0096139999999999993 0.13753599999999996 0.0030699999999999998 0.00069200000000000002 0.002248 0.008482 0.043486999999999998 0.023279000000000001 0 0.025374000000000001 0.000678 0.0005889999999999999 0.001021 0.002954 0.096670999999999979 0.030218999999999999 0 0 2
3 uniform 3 23 0.353209 1.0969231649922568 1 66 0.182282 0.0094990000000000005 0.138547 0.0031589999999999999 0.00081299999999999992 0.002212 0.0083719999999999992 0.043499999999999997 0.02367 0 0.028003 0.00068900000000000005 0.00059599999999999996 0.001029 0.0029789999999999999 0.096902999999999989 0.030848000000000011 0 0 3
3 uniform 4 0 0.38322200000000001 1.0962771717222961 1 44 0.298238 0.0099050000000000006 0.059369000000000005 0.0020109999999999998 0.00067200000000000007 0.0022820000000000002 0.0088710000000000004 0.157634 0.023581000000000001 0 0.026006000000000001 0.00069700000000000003 0.00065399999999999996 0.001127 0.003016 0.037384999999999995 0.015312999999999995 0 0 0
3 uniform 4 7 0.29497899999999999 1.0942313466900218 1 44 0.17598900000000001 0.0096069999999999992 0.093887999999999999 0.0019910000000000001 0.00062699999999999995 0.0021380000000000001 0.0087279999999999996 0.038507 0.022540000000000001 0 0.026026000000000001 0.00068599999999999998 0.00058100000000000003 0.0010679999999999999 0.003039 0.071621000000000018 0.015548000000000005 0 0 1
3 uniform 4 15 0.30403000000000002 1.0917047132862541 1 44 0.18210299999999999 0.0094610000000000007 0.097022999999999998 0.0019970000000000001 0.00058500000000000002 0.0021329999999999999 0.0084069999999999995 0.046018999999999997 0.022890000000000001 0 0.025675 0.00071500000000000003 0.00060899999999999995 0.0010709999999999999 0.0029839999999999997 0.075250000000000025 0.015184999999999995 0 0 2
3 uniform 4 23 0.30658099999999999 1.0889948504758387 1 52 0.17982300000000001 0.0091409999999999998 0.099734000000000017 0.0024719999999999998 0.00077999999999999999 0.0021930000000000001 0.0085690000000000002 0.043437999999999997 0.022748999999999998 0 0.025433000000000001 0.00076300000000000001 0.00058700000000000007 0.0010970000000000001 0.0030889999999999997 0.072711999999999985 0.019282000000000007 0 0 3
4 linear 0 0 0.90275700000000003 1410.8352240004544 1 121 0.54894600000000005 0.013372999999999999 0.28931300000000004 0.010572999999999999 0.0014080000000000002 0.0030990000000000002 0.011344 0.186362 0.034077999999999997 0 0.026911000000000001 0.00077499999999999997 0.18782900000000002 0.00073200000000000001 0.0032509999999999995 0.135486 0.065920999999999993 0.023809999999999977 0 0
4 linear 0 7 0.80275099999999999 1366.2488262240736 1 121 0.32046799999999998 0.012933999999999999 0.42096299999999998 0.0089459999999999991 0.0011600000000000002 0.0029910000000000002 0.010773 0.051024 0.031705999999999998 0 0.025732999999999999 0.00080500000000000005 0.104814 0.00060599999999999998 0.0031310000000000001 0.26755000000000012 0.06590799999999998 0.023691999999999998 0 1
4 linear 0 15 0.93502200000000002 1308.9581729000367 1 129 0.40547 0.012866000000000001 0.4421439999999997 0.010012 0.001459 0.0027680000000000001 0.010229 0.051200000000000002 0.031223999999999998 0 0.025505 0.00074600000000000003 0.189669 0.00060300000000000002 0.0030919999999999997 0.27555700000000005 0.069410999999999945 0.024674999999999999 0 2
4 linear 0 23 0.94632000000000005 1246.4112510275327 1 129 0.44366800000000001 0.013028 0.43925300000000012 0.0089650000000000007 0.001248 0.0025950000000000001 0.010383999999999999 0.051257999999999998 0.031789999999999999 0 0.026325000000000001 0.00067299999999999999 0.22986300000000001 0.00055500000000000005 0.0031540000000000001 0.27320300000000014 0.068560000000000038 0.024631999999999984 0 3
4 linear 1 0 0.68061499999999997 570.78347362900888 1 83 0.51001200000000002 0.011551000000000001 0.13083500000000003 0.0055759999999999994 0.001155 0.0026029999999999998 0.010076999999999999 0.187141 0.032786999999999997 0 0.026579999999999999 0.00085499999999999997 0.15904099999999999 0.001134 0.0034780000000000006 0.075809999999999989 0.02430599999999998 0.0097420000000000041 0 0
4 linear 1 7 0.75535200000000002 575.96746568905621 1 83 0.368257 0.011762999999999999 0.34527600000000003 0.0056109999999999997 0.001206 0.0025019999999999999 0.0097210000000000005 0.051144000000000002 0.033381000000000001 0 0.026748999999999998 0.00075600000000000005 0.15662199999999998 0.0010660000000000001 0.00364 0.27312299999999995 0.032759999999999984 0.010595000000000004 0 1
4 linear 1 15 0.77265399999999995 580.37695510052163 1 83 0.43195699999999998 0.012494999999999999 0.29957700000000004 0.0050449999999999991 0.0010569999999999998 0.0036949999999999999 0.0095460000000000007 0.052499999999999998 0.034422000000000001 0 0.025763000000000001 0.00080099999999999995 0.21820400000000001 0.0010499999999999999 0.0036380000000000006 0.24446399999999996 0.023771000000000007 0.010039999999999999 0 2
4 linear 1 23 0.76487899999999998 582.93840377802871 1 83 0.43230800000000003 0.01289 0.29024300000000014 0.0057299999999999999 0.0010640000000000001 0.002496 0.010706 0.052555999999999999 0.031165999999999999 0 0.025706 0.00083199999999999995 0.221641 0.00098799999999999995 0.0034290000000000002 0.23658700000000002 0.022935999999999995 0.0097360000000000033 0 3
4 linear 2 0 0.98249299999999995 21.5454328551156 1 112 0.60091399999999995 0.012926999999999999 0.32943099999999992 0.0073669999999999994 0.0014750000000000002 0.0030599999999999998 0.010858 0.178703 0.095547999999999994 0 0.026929999999999999 0.000794 0.189383 0.001011 0.00398 0.15530099999999997 0.081311000000000064 0.017654 0 0
4 linear 2 7 0.83820600000000001 21.603951417147105 1 112 0.45449200000000001 0.012090999999999999 0.33372499999999999 0.0065320000000000013 0.0012410000000000001 0.0028110000000000001 0.010407 0.059046000000000001 0.104634 0 0.026429000000000001 0.00077200000000000001 0.15861900000000001 0.001003 0.0038920000000000005 0.16542299999999996 0.079840999999999926 0.017472999999999995 0 1
4 linear 2 15 0.90845900000000002 21.608783546860188 1 120 0.47714000000000001 0.012462000000000001 0.37848799999999999 0.0068319999999999995 0.001578 0.0027079999999999999 0.010104999999999999 0.055049000000000001 0.10444100000000001 0 0.026112 0.00075900000000000002 0.18853500000000001 0.001057 0.0039119999999999997 0.17854200000000009 0.091950999999999922 0.019306 0 2
4 linear 2 23 0.83404800000000001 21.460337777587114 1 104 0.49077399999999999 0.012302 0.29620400000000008 0.0055430000000000002 0.0011590000000000001 0.002611 0.0098189999999999996 0.054982999999999997 0.105521 0 0.026620999999999999 0.000794 0.19680999999999998 0.0010870000000000001 0.0039009999999999995 0.1546800000000001 0.068165999999999977 0.015573999999999996 0 3
4 linear 3 0 0.493674 4.7493106634829001 1 61 0.360765 0.0086560000000000005 0.099489000000000008 0.0037949999999999998 0.00096000000000000002 0.0029139999999999999 0.0099550000000000003 0.182806 0.054676000000000002 0 0.026039 0.00085999999999999998 0.0020400000000000001 0.001204 0.0031949999999999999 0.044032999999999996 0.024025000000000008 0.0062910000000000023 0 0
4 linear 3 7 0.39142399999999999 4.6851211014841132 1 61 0.22059799999999999 0.0083870000000000004 0.13797999999999996 0.003761 0.000834 0.0027490000000000001 0.0095809999999999992 0.050311000000000002 0.05262 0 0.024681999999999999 0.000843 0.001902 0.0011559999999999999 0.0030670000000000003 0.083368000000000025 0.023295999999999997 0.0063130000000000009 0 1
4 linear 3 15 0.39208999999999999 4.6155505509805606 1 61 0.22156300000000001 0.0081340000000000006 0.13797199999999998 0.0036899999999999997 0.00073600000000000011 0.0025600000000000002 0.0090130000000000002 0.051180999999999997 0.053073000000000002 0 0.024778999999999999 0.00079799999999999999 0.0020100000000000001 0.0011000000000000001 0.0029040000000000003 0.083772000000000041 0.022867000000000012 0.0063170000000000006 0 2
4 linear 3 23 0.37979299999999999 4.5496778749364095 1 61 0.21893899999999999 0.008097 0.128662 0.0035430000000000001 0.00070100000000000002 0.00233 0.0087159999999999998 0.051241000000000002 0.053102000000000003 0 0.025217 0.00071599999999999995 0.0018600000000000001 0.00099099999999999991 0.0029500000000000004 0.074688999999999978 0.022693999999999999 0.0063050000000000033 0 3
4 linear 4 0 0.55517300000000003 5.6414406049064949 1 61 0.419379 0.011332999999999999 0.098998000000000017 0.0043100000000000005 0.00080699999999999999 0.0023389999999999999 0.0092399999999999999 0.18120600000000001 0.074663999999999994 0 0.025724 0.00080900000000000004 0.045511000000000003 0.0011720000000000001 0.0031259999999999999 0.043900000000000002 0.023795000000000007 0.0062980000000000024 0 0
4 linear 4 7 0.39180399999999999 5.7775253654549621 1 53 0.24993899999999999 0.0081550000000000008 0.11250899999999998 0.0033519999999999999 0.00061800000000000006 0.002359 0.0089700000000000005 0.04947 0.083584000000000006 0 0.025406999999999999 0.00077800000000000005 0.0026629999999999996 0.0011100000000000001 0.0029559999999999999 0.067803000000000002 0.02152600000000001 0.0058170000000000019 0 1
4 linear 4 15 0.52519000000000005 5.9481532707216491 1 53 0.37488199999999999 0.0081259999999999995 0.121034 0.003241 0.00060700000000000001 0.002359 0.0086599999999999993 0.051108000000000001 0.081554000000000001 0 0.025100000000000001 0.00073800000000000005 0.13050799999999999 0.00099400000000000009 0.0029289999999999997 0.073165999999999995 0.024611000000000018 0.0058450000000000012 0 2
4 linear 4 23 0.49940099999999998 6.1377894174792749 1 53 0.35841200000000001 0.0080750000000000006 0.11226799999999997 0.002993 0.0006020000000000001 0.0021810000000000002 0.0085609999999999992 0.051067000000000001 0.061802999999999997 0 0.025308000000000001 0.00073399999999999995 0.13448499999999999 0.001003 0.0029919999999999999 0.067617999999999984 0.021503000000000001 0.0058260000000000039 0 3
4 uniform 0 0 0.83377900000000005 1345.3069910992315 1 121 0.54614600000000002 0.013393 0.225243 0.0093530000000000002 0.001382 0.0028319999999999999 0.010715000000000001 0.18662500000000001 0.032384000000000003 0 0.026915999999999999 0.00083000000000000001 0.18871700000000005 0.00072099999999999996 0.0034039999999999999 0.137267 0.065954999999999986 0 0 0
4 uniform 0 7 0.74091899999999999 1303.2934238844396 1 121 0.32423200000000002 0.013034 0.35573999999999989 0.008454999999999999 0.0012480000000000002 0.0027989999999999998 0.010676 0.051181999999999998 0.031993000000000001 0 0.026081 0.00085800000000000004 0.10460399999999999 0.00063299999999999999 0.0033740000000000003 0.26787800000000012 0.065719999999999987 0 0 1
4 uniform 0 15 0.817716 1250.5660729010162 1 121 0.40470200000000001 0.012647 0.35354299999999977 0.008005 0.001188 0.0026610000000000002 0.010352999999999999 0.051270999999999997 0.031511999999999998 0 0.025347999999999999 0.00081099999999999998 0.18963599999999997 0.00059500000000000004 0.0031499999999999996 0.26725699999999997 0.064272999999999983 0 0 2
4 uniform 0 23 0.84804000000000002 1193.8119182190669 1 121 0.44180000000000003 0.012879 0.34727100000000016 0.0078259999999999996 0.001077 0.0024889999999999999 0.0099220000000000003 0.051128 0.031130999999999999 0 0.026109 0.00068400000000000004 0.22983400000000001 0.00050799999999999999 0.0029940000000000001 0.2612549999999999 0.063652999999999987 0 0 3
4 uniform 1 0 0.65097000000000005 563.10888610001086 1 67 0.51639100000000004 0.012966999999999999 0.098384999999999986 0.0037110000000000003 0.00087399999999999999 0.0025579999999999999 0.010324 0.18940599999999999 0.035722999999999998 0 0.026686999999999999 0.00085700000000000001 0.15884100000000001 0.0011310000000000001 0.0037240000000000007 0.068295999999999982 0.019701999999999987 0 0 0
4 uniform 1 7 0.63580899999999996 569.91535327995848 1 67 0.37454199999999999 0.011998999999999999 0.22568299999999997 0.0035970000000000004 0.00093900000000000006 0.0025170000000000001 0.010914 0.052451999999999999 0.035261000000000001 0 0.026522 0.00070500000000000001 0.15642799999999998 0.0011230000000000001 0.0036470000000000005 0.19678299999999996 0.018572000000000009 0 0 1
4 uniform 1 15 0.67517199999999999 576.54936753739116 1 67 0.43503599999999998 0.011225000000000001 0.20693400000000001 0.0030470000000000002 0.00095900000000000022 0.0026679999999999998 0.011557 0.052774000000000001 0.035568000000000002 0 0.026211999999999999 0.00081800000000000004 0.21681400000000001 0.00096500000000000004 0.0032389999999999997 0.17881000000000002 0.018120000000000001 0 0 2
4 uniform 1 23 0.73939699999999997 581.69047122149288 1 83 0.43043500000000001 0.012489 0.26874799999999999 0.0044270000000000004 0.001088 0.002398 0.0095320000000000005 0.051047000000000002 0.031501000000000001 0 0.029673000000000001 0.00085800000000000004 0.22149500000000003 0.00090399999999999996 0.0032170000000000002 0.233538 0.022855999999999991 0 0 3
4 uniform 2 0 0.90301699999999996 23.653467080721356 1 104 0.60343199999999997 0.012677000000000001 0.25297199999999997 0.0059489999999999994 0.0014529999999999999 0.002898 0.010578000000000001 0.17893500000000001 0.095614000000000005 0 0.026872 0.00081300000000000003 0.189083 0.001119 0.0038419999999999999 0.16021400000000002 0.075182000000000027 0 0 0
4 uniform 2 7 0.76292199999999999 23.755180581913823 1 104 0.45984999999999998 0.012156 0.25765900000000008 0.0052649999999999997 0.001255 0.0028029999999999999 0.010451 0.059334999999999999 0.10495400000000001 0 0.026942000000000001 0.00080999999999999996 0.15814600000000001 0.0010560000000000001 0.0068799999999999998 0.16665799999999997 0.073329000000000033 0 0 1
4 uniform 2 15 0.796319 23.770830920692894 1 104 0.478823 0.012451 0.27221500000000004 0.0050239999999999998 0.0012869999999999999 0.0026779999999999998 0.01022 0.054940000000000003 0.106167 0 0.025808999999999999 0.00072599999999999997 0.18843399999999999 0.001088 0.0038059999999999999 0.16836200000000004 0.085103999999999985 0 0 2
4 uniform 2 23 0.78952199999999995 23.535318834211658 1 104 0.484817 0.011793 0.26088199999999995 0.004653 0.0012850000000000001 0.0025370000000000002 0.0096679999999999995 0.054976999999999998 0.105486 0 0.025964000000000001 0.00082299999999999995 0.19678199999999998 0.0010820000000000001 0.003601 0.16456800000000002 0.078328999999999913 0 0 3
4 uniform 3 0 0.44602700000000001 4.7516153121850229 1 45 0.36216900000000002 0.0084329999999999995 0.057414999999999994 0.0024450000000000001 0.00075099999999999993 0.0028540000000000002 0.0097059999999999994 0.18576500000000001 0.054212999999999997 0 0.026154 0.00081899999999999996 0.001931 0.001235 0.0032339999999999999 0.03397 0.016674000000000008 0 0 0
4 uniform 3 7 0.33815899999999999 4.6872420396769368 1 45 0.22392999999999999 0.0085400000000000007 0.087674000000000002 0.0023760000000000001 0.00064099999999999997 0.0026930000000000001 0.0097359999999999999 0.050387000000000001 0.053497000000000003 0 0.025023 0.000901 0.001916 0.0011540000000000001 0.0030790000000000001 0.065329999999999999 0.015535 0 0 1
4 uniform 3 15 0.34131099999999998 4.6174856222440752 1 45 0.220525 0.0082520000000000007 0.094893999999999992 0.0023089999999999999 0.00055600000000000007 0.002503 0.009273 0.051115000000000001 0.053811999999999999 0 0.024872999999999999 0.00080900000000000004 0.0020040000000000001 0.0010560000000000001 0.0029660000000000003 0.066117999999999996 0.022024000000000009 0 0 2
4 uniform 3 23 0.32471699999999998 4.5514490238663114 1 45 0.217977 0.0080219999999999996 0.081274999999999986 0.0023140000000000001 0.00054100000000000003 0.0022499999999999998 0.0084329999999999995 0.051236999999999998 0.052976000000000002 0 0.025166999999999998 0.000696 0.001804 0.001031 0.0029169999999999999 0.059133000000000012 0.015419999999999996 0 0 3
4 uniform 4 0 0.48803400000000002 5.648476108101228 1 37 0.41692000000000001 0.0082310000000000005 0.048447000000000004 0.001892 0.00050600000000000005 0.0023809999999999999 0.0090139999999999994 0.18146699999999999 0.075289999999999996 0 0.025631999999999999 0.000785 0.045363999999999995 0.0010989999999999999 0.0029840000000000005 0.028540999999999993 0.014375000000000008 0 0 0
4 uniform 4 7 0.34843099999999999 5.7855828300166543 1 37 0.253577 0.0080579999999999992 0.072316999999999992 0.001949 0.00048200000000000001 0.0022690000000000002 0.0088310000000000003 0.049348000000000003 0.088704000000000005 0 0.025336999999999998 0.000754 0.0026889999999999996 0.001137 0.0029259999999999998 0.052746000000000008 0.014053000000000001 0 0 1
4 uniform 4 15 0.47397499999999998 5.9576217895919239 1 37 0.37429299999999999 0.0079799999999999992 0.077419999999999961 0.001864 0.000455 0.002258 0.0086009999999999993 0.051143000000000001 0.081545000000000006 0 0.025156999999999999 0.00071199999999999996 0.13058999999999998 0.0010920000000000001 0.0029219999999999997 0.058103000000000009 0.013766000000000007 0 0 2
4 uniform 4 23 0.45687299999999997 6.1490491003463044 1 37 0.362535 0.0081460000000000005 0.071197999999999997 0.0019840000000000001 0.000513 0.002153 0.0085730000000000008 0.051043999999999999 0.061773000000000002 0 0.025335 0.00078600000000000002 0.13703699999999999 0.001031 0.0030149999999999995 0.051702000000000005 0.013899000000000003 0 0 3
5 linear 0 0 0.47944500000000001 1.3033821234072416 1 86 0.246977 0.011339999999999999 0.19667000000000001 0.0041159999999999999 0.0011249999999999999 0.0029099999999999998 0.010134000000000001 0.096351000000000006 0.021524000000000001 0 0.025649999999999999 0.00072199999999999999 0.00072500000000000006 0.0011820000000000001 0.0042090000000000001 0.054631000000000013 0.017224999999999997 0.0049119999999999997 0 0
5 linear 0 7 0.42725200000000002 1.3101257851758634 1 86 0.15574399999999999 0.0097630000000000008 0.23513000000000003 0.0039950000000000003 0.00088900000000000003 0.0029550000000000002 0.010017 0.0070720000000000002 0.021191999999999999 0 0.02564 0.00076499999999999995 0.00064700000000000001 0.0011479999999999999 0.0037520000000000001 0.072549999999999989 0.020170999999999988 0.0047630000000000016 0 1
5 linear 0 15 0.49976399999999999 1.3134516478243277 1 94 0.17230300000000001 0.013051 0.28389099999999995 0.0050470000000000003 0.0012079999999999999 0.0028519999999999999 0.010328 0.010125 0.020926 0 0.027143 0.00072599999999999997 0.00081899999999999996 0.0011379999999999999 0.0042190000000000005 0.083290000000000003 0.029585999999999987 0.0084759999999999992 0 2
5 linear 0 23 0.48539100000000002 1.3122944599934629 1 101 0.165328 0.012491 0.27663300000000007 0.0050549999999999996 0.001212 0.0029610000000000001 0.010101000000000001 0.0082489999999999994 0.021312000000000001 0 0.026575999999999999 0.000745 0.00079500000000000003 0.00099099999999999991 0.0042009999999999999 0.077818000000000012 0.030072999999999996 0.0081770000000000037 0 3
5 linear 1 0 0.46888200000000002 1.1938191585626299 1 87 0.242336 0.0096760000000000006 0.19179099999999999 0.0041789999999999996 0.0010790000000000001 0.0029229999999999998 0.010388 0.088203000000000004 0.022357999999999999 0 0.029536 0.00079900000000000001 0.00062199999999999994 0.0011460000000000001 0.0034080000000000004 0.055669000000000003 0.016653999999999999 0.0061309999999999993 0 0
5 linear 1 7 0.399752 1.2194675490917914 1 87 0.15782199999999999 0.0097140000000000004 0.20517499999999991 0.0045730000000000007 0.001232 0.0029459999999999998 0.010475 0.006202 0.021849 0 0.027838000000000002 0.00078200000000000003 0.00063600000000000006 0.00115 0.0034580000000000001 0.062240000000000004 0.016538999999999998 0.0060740000000000004 0 1
5 linear 1 15 0.37614199999999998 1.2390298524388363 1 79 0.15775600000000001 0.0093139999999999994 0.18679699999999999 0.003555 0.00085599999999999999 0.0029489999999999998 0.011047 0.0059249999999999997 0.021580999999999999 0 0.028319 0.00083199999999999995 0.00061399999999999996 0.0010790000000000001 0.0034359999999999998 0.051122999999999988 0.015262000000000013 0.004901 0 2
5 linear 1 23 0.39199299999999998 1.2507810595154629 1 79 0.16370299999999999 0.010106 0.19562600000000005 0.0034020000000000001 0.00092900000000000014 0.0040800000000000003 0.011067 0.0081600000000000006 0.023949000000000002 0 0.028416 0.000767 0.00058500000000000002 0.001031 0.003372 0.055921999999999999 0.013599999999999998 0.0049990000000000008 0 3
5 linear 2 0 0.382108 1.0339282241875576 1 51 0.25856000000000001 0.010356000000000001 0.095150000000000012 0.0027409999999999999 0.00082699999999999994 0.00315 0.012347 0.097605999999999998 0.025572000000000001 0 0.030470000000000001 0.00084699999999999999 0.00061200000000000002 0.001013 0.0034020000000000001 0.062507999999999994 0.012496999999999999 0.0068799999999999972 0 0
5 linear 2 7 0.289296 1.0429938414248008 1 51 0.163357 0.010366999999999999 0.09754100000000003 0.0028189999999999995 0.00072000000000000005 0.002921 0.012045 0.0051000000000000004 0.025274000000000001 0 0.027446000000000002 0.00080199999999999998 0.00064799999999999992 0.0010449999999999999 0.0035780000000000005 0.064637 0.012901000000000003 0.0068049999999999942 0 1
5 linear 2 15 0.30224200000000001 1.0570702986907741 1 51 0.16688 0.0088009999999999998 0.108878 0.0026800000000000001 0.00088800000000000001 0.002983 0.011911 0.0071529999999999996 0.024420000000000001 0 0.029562999999999999 0.000843 0.00062299999999999996 0.0010070000000000001 0.0034389999999999998 0.058493999999999984 0.012867000000000007 0.0068130000000000013 0 2
5 linear 2 23 0.34487099999999998 1.076328976260464 1 59 0.16848299999999999 0.0084829999999999992 0.14814100000000002 0.0032810000000000005 0.00093499999999999996 0.002787 0.010460000000000001 0.015573 0.021354000000000001 0 0.027694 0.00076800000000000002 0.00060599999999999998 0.00096599999999999995 0.0032789999999999998 0.07057200000000001 0.015534000000000003 0.007930000000000003 0 3
5 linear 3 0 0.41299200000000003 1.0163865193137405 1 67 0.258135 0.0094129999999999995 0.12286 0.0043739999999999994 0.00080900000000000004 0.0027880000000000001 0.011188 0.109537 0.021999999999999999 0 0.027581999999999999 0.00083500000000000002 0.00067899999999999992 0.00076000000000000004 0.0030349999999999999 0.078419999999999976 0.019781000000000003 0.0079330000000000043 0 0
5 linear 3 7 0.31714399999999998 1.0206479325254407 1 67 0.16159399999999999 0.0092399999999999999 0.12430199999999997 0.0041609999999999998 0.00071499999999999992 0.0026800000000000001 0.010808999999999999 0.015240999999999999 0.021329000000000001 0 0.028287 0.00078700000000000005 0.00063900000000000003 0.00067100000000000005 0.0029999999999999996 0.080161000000000038 0.019761999999999984 0.0079650000000000016 0 1
5 linear 3 15 0.31993300000000002 1.0279791392701163 1 67 0.16579199999999999 0.0091140000000000006 0.12368499999999999 0.003679 0.00065799999999999995 0.0027139999999999998 0.010548999999999999 0.014933 0.024638 0 0.027758999999999999 0.00083000000000000001 0.00061400000000000007 0.00064099999999999997 0.0031129999999999999 0.080169999999999991 0.019383000000000001 0.0079700000000000014 0 2
5 linear 3 23 0.31272299999999997 1.0399410406901712 1 67 0.15867600000000001 0.0090969999999999992 0.12382100000000001 0.0035610000000000004 0.00070700000000000005 0.0028149999999999998 0.010238000000000001 0.015084999999999999 0.020892999999999998 0 0.026745999999999999 0.00085700000000000001 0.00067900000000000002 0.00074899999999999999 0.0029810000000000006 0.078615000000000004 0.021066999999999989 0.0079610000000000028 0 3
5 linear 4 0 0.34175899999999998 1.0180728449248453 1 52 0.25103300000000001 0.0085780000000000006 0.063698000000000005 0.0029490000000000002 0.00089600000000000009 0.002993 0.010671999999999999 0.101572 0.022526999999999998 0 0.026162000000000001 0.00074899999999999999 0.00064500000000000007 0.0012639999999999999 0.0032079999999999995 0.031390000000000008 0.013315999999999998 0.0068730000000000041 0 0
5 linear 4 7 0.25483800000000001 1.0176862584372075 1 52 0.15476200000000001 0.0083250000000000008 0.073322000000000012 0.0031429999999999995 0.00078600000000000002 0.0026719999999999999 0.010300999999999999 0.0065950000000000002 0.024014000000000001 0 0.025982000000000002 0.00072300000000000001 0.00059299999999999999 0.0012650000000000001 0.0031620000000000003 0.041362999999999983 0.013277999999999995 0.0068150000000000016 0 1
5 linear 4 15 0.24282699999999999 1.0176376969069971 1 52 0.150621 0.0083230000000000005 0.066588000000000008 0.0028210000000000002 0.00073900000000000007 0.00266 0.010289 0.005842 0.02154 0 0.025694999999999999 0.00072999999999999996 0.00057700000000000004 0.0012099999999999999 0.0031700000000000001 0.035373999999999989 0.013140999999999998 0.0065120000000000022 0 2
5 linear 4 23 0.241845 1.0179961996799824 1 52 0.14865800000000001 0.0084089999999999998 0.066738999999999993 0.0032599999999999994 0.00082100000000000012 0.0026540000000000001 0.010033 0.0047200000000000002 0.021597000000000002 0 0.025558000000000001 0.00074299999999999995 0.00058799999999999998 0.001127 0.0031420000000000003 0.035702000000000005 0.012895999999999994 0.0066140000000000027 0 3
5 uniform 0 0 0.371618 1.2705368448402961 1 86 0.24931500000000001 0.013734 0.084716000000000027 0.0036469999999999996 0.001052 0.0028930000000000002 0.010989000000000001 0.096537999999999999 0.023406 0 0.026032 0.00077700000000000002 0.00061699999999999993 0.0012030000000000001 0.004006 0.056483000000000005 0.017200999999999998 0 0 0
5 uniform 0 7 0.30886799999999998 1.2735751224116034 1 94 0.15689500000000001 0.0096170000000000005 0.11629099999999998 0.0037240000000000003 0.00096299999999999999 0.0029550000000000002 0.010414 0.0071399999999999996 0.02307 0 0.025288999999999999 0.00076099999999999996 0.00063600000000000006 0.0011689999999999999 0.003689 0.081626999999999977 0.021946999999999987 0 0 1
5 uniform 0 15 0.33363300000000001 1.2752596778590524 1 94 0.167462 0.012755000000000001 0.12429799999999998 0.0039799999999999992 0.0011619999999999998 0.002807 0.010052999999999999 0.0095739999999999992 0.023007 0 0.026893 0.00071400000000000001 0.00081599999999999999 0.0011000000000000001 0.0040409999999999995 0.081116999999999981 0.029858999999999965 0 0 2
5 uniform 0 23 0.33436300000000002 1.275226568995284 1 101 0.164935 0.012605999999999999 0.12711900000000001 0.0042490000000000002 0.0011119999999999999 0.0027920000000000002 0.0098689999999999993 0.0078619999999999992 0.023955000000000001 0 0.026289 0.00065799999999999995 0.00082200000000000014 0.0010640000000000001 0.0040969999999999999 0.082654000000000005 0.030412999999999999 0 0 3
5 uniform 1 0 0.36205999999999999 1.2057251243233724 1 87 0.245062 0.0096209999999999993 0.083341000000000026 0.0037100000000000002 0.00095600000000000004 0.0030279999999999999 0.010928 0.087845999999999994 0.025078 0 0.029633 0.00087699999999999996 0.00059099999999999995 0.001093 0.0032649999999999997 0.055166 0.016680999999999994 0 0 0
5 uniform 1 7 0.280997 1.2246969973086064 1 87 0.159723 0.009417 0.088572999999999971 0.0032060000000000005 0.001021 0.0028310000000000002 0.010794 0.0062820000000000003 0.023998999999999999 0 0.028534 0.00084599999999999996 0.00062200000000000005 0.001011 0.0032669999999999995 0.061075000000000011 0.016072999999999997 0 0 1
5 uniform 1 15 0.26530799999999999 1.2377018183915127 1 79 0.15790699999999999 0.0091929999999999998 0.077514999999999959 0.0027389999999999997 0.00080699999999999999 0.0028540000000000002 0.010399 0.006215 0.023449999999999999 0 0.027972 0.00079100000000000004 0.0006150000000000001 0.00099299999999999996 0.0033650000000000004 0.052819999999999999 0.014307999999999994 0 0 2
5 uniform 1 23 0.26452199999999998 1.2450280075840525 1 79 0.15642800000000001 0.0090060000000000001 0.078027000000000013 0.0027659999999999998 0.00088900000000000003 0.0027209999999999999 0.010409 0.0071019999999999998 0.022971999999999999 0 0.028128 0.00070399999999999998 0.000602 0.00098200000000000002 0.0034049999999999996 0.054473999999999981 0.013219000000000005 0 0 3
5 uniform 2 0 0.35693399999999997 1.0359662360534356 1 51 0.25045299999999998 0.0090580000000000001 0.080059000000000047 0.00266 0.00076399999999999992 0.0029489999999999998 0.011010000000000001 0.095995999999999998 0.023931000000000001 0 0.028282000000000002 0.00078100000000000001 0.00062299999999999996 0.0011039999999999999 0.0034220000000000001 0.060291999999999991 0.012117999999999997 0 0 0
5 uniform 2 7 0.26923599999999998 1.0460364282355263 1 51 0.15740499999999999 0.0088050000000000003 0.086407999999999999 0.0024480000000000001 0.00067299999999999999 0.0029870000000000001 0.011391 0.0049410000000000001 0.024319 0 0.027688000000000001 0.00078799999999999996 0.00060599999999999998 0.001016 0.0033859999999999997 0.066276000000000002 0.012469999999999998 0 0 1
5 uniform 2 15 0.26336999999999999 1.061903881546796 1 51 0.15998899999999999 0.0084910000000000003 0.078299999999999981 0.0023010000000000001 0.00074799999999999997 0.0029129999999999998 0.010867 0.0070109999999999999 0.023897999999999999 0 0.028339 0.00078399999999999997 0.00062100000000000002 0.00098999999999999999 0.003447 0.057785000000000003 0.012840000000000002 0 0 2
5 uniform 2 23 0.28871000000000002 1.0840802817877244 1 59 0.16719800000000001 0.008574 0.094032000000000018 0.002941 0.00086799999999999996 0.0027390000000000001 0.010366 0.015533 0.023906 0 0.028348999999999999 0.00077099999999999998 0.00060300000000000002 0.00095100000000000002 0.003333 0.069728999999999999 0.015493000000000002 0 0 3
5 uniform 3 0 0.44258900000000001 1.0167678467294721 1 91 0.26125700000000002 0.009306 0.14256700000000005 0.0070489999999999997 0.00077400000000000006 0.0029199999999999999 0.011431999999999999 0.10949299999999999 0.022338 0 0.027592999999999999 0.00083900000000000001 0.0006510000000000001 0.000754 0.0030780000000000004 0.10398299999999999 0.024923000000000004 0 0 0
5 uniform 3 7 0.30302400000000002 1.0212671713979682 1 67 0.16283700000000001 0.0090320000000000001 0.109625 0.0033629999999999997 0.00073300000000000004 0.002764 0.010918000000000001 0.015341 0.021155 0 0.028309000000000001 0.00088000000000000003 0.00066599999999999993 0.00066399999999999999 0.0030469999999999998 0.080000000000000002 0.019608999999999994 0 0 1
5 uniform 3 15 0.29773699999999997 1.0290206510610449 1 67 0.159084 0.0091319999999999995 0.10878900000000002 0.0031790000000000004 0.00063500000000000004 0.0027330000000000002 0.01072 0.014866000000000001 0.021035000000000002 0 0.027365 0.00095299999999999996 0.00060899999999999995 0.00064400000000000004 0.0029940000000000001 0.079497999999999999 0.019218999999999983 0 0 2
5 uniform 3 23 0.29630299999999998 1.0418022682195012 1 67 0.15653300000000001 0.0090989999999999994 0.10931 0.0033189999999999999 0.00073499999999999998 0.0027789999999999998 0.010357999999999999 0.014903 0.020750999999999999 0 0.026017999999999999 0.00088699999999999998 0.00062200000000000005 0.00066 0.0029099999999999998 0.078212999999999991 0.021007999999999985 0 0 3
5 uniform 4 0 0.33599000000000001 1.0189322849843194 1 52 0.25670999999999999 0.0084930000000000005 0.052137999999999983 0.0028809999999999999 0.00088100000000000006 0.0030240000000000002 0.01094 0.105905 0.022322000000000002 0 0.026766000000000002 0.000825 0.0006150000000000001 0.0012960000000000001 0.0032299999999999998 0.031127000000000019 0.013196999999999997 0 0 0
5 uniform 4 7 0.24087900000000001 1.0184032817917903 1 52 0.15265599999999999 0.0084030000000000007 0.061574000000000004 0.0026720000000000003 0.00078600000000000002 0.002758 0.010612999999999999 0.0064009999999999996 0.02104 0 0.026235999999999999 0.00076099999999999996 0.00059899999999999992 0.001206 0.0031289999999999998 0.040673000000000008 0.013109000000000001 0 0 1
5 uniform 4 15 0.23383399999999999 1.0182223277174189 1 52 0.15218999999999999 0.0083829999999999998 0.056281000000000012 0.0025889999999999997 0.00073699999999999992 0.0025639999999999999 0.01039 0.0060460000000000002 0.021458999999999999 0 0.026421 0.00075799999999999999 0.00062 0.001206 0.0031909999999999998 0.035452000000000011 0.013051 0 0 2
5 uniform 4 23 0.232985 1.01847629937344 1 52 0.147976 0.0082369999999999995 0.059841000000000019 0.002565 0.00071900000000000002 0.0026519999999999998 0.010214000000000001 0.005097 0.021597000000000002 0 0.025748 0.000767 0.000602 0.00106 0.0031320000000000002 0.035096000000000009 0.016971999999999998 0 0 3
6 linear 0 0 0.580322 1.0317422327347046 1 94 0.338032 0.010119 0.2037490000000001 0.0049819999999999994 0.0012469999999999998 0.0028739999999999998 0.010508999999999999 0.18573100000000001 0.021557 0 0.025898999999999998 0.00079900000000000001 0.0022880000000000001 0.0012600000000000001 0.0039440000000000005 0.057526000000000001 0.017471999999999994 0.0059990000000000026 0 0
6 linear 0 7 0.419576 1.0331329010860286 1 94 0.166102 0.0096849999999999992 0.21618200000000007 0.0045690000000000001 0.0010869999999999999 0.002941 0.011134 0.014515999999999999 0.021635999999999999 0 0.025812999999999999 0.00088400000000000002 0.0020499999999999997 0.0013190000000000001 0.0036800000000000001 0.063476999999999992 0.016831000000000006 0.005851000000000002 0 1
6 linear 0 15 0.42219400000000001 1.0347621184299194 1 95 0.1673 0.0094389999999999995 0.21742900000000007 0.0047029999999999997 0.0013519999999999999 0.0029160000000000002 0.010527999999999999 0.018780000000000002 0.021194999999999999 0 0.026856000000000001 0.00086799999999999996 0.0020920000000000001 0.0010560000000000001 0.0032940000000000001 0.063273999999999997 0.021453999999999997 0.0066530000000000027 0 2
6 linear 0 23 0.470613 1.0363655712465891 1 94 0.17311799999999999 0.012563 0.25388899999999998 0.0051529999999999996 0.0011669999999999999 0.0027620000000000001 0.010234999999999999 0.014710000000000001 0.021621000000000001 0 0.027650999999999998 0.00093099999999999997 0.0021609999999999997 0.00091399999999999999 0.0038240000000000001 0.071000999999999953 0.027373999999999985 0.0096630000000000014 0 3
6 linear 1 0 2.6435629999999999 4.8839085737291601 1 95 2.2986219999999999 0.010992999999999999 0.2894810000000001 0.0078460000000000005 0.0014220000000000001 0.0029819999999999998 0.011682 0.20024400000000001 0.26444299999999998 1.5898110000000001 0.056082 0.00093899999999999995 0.103904 0.0013960000000000001 0.0041380000000000002 0.135936 0.042355999999999984 0.019532000000000001 0 0
6 linear 1 7 0.65396699999999996 5.3791979598811039 1 87 0.39721699999999999 0.010880000000000001 0.21622199999999997 0.0049769999999999997 0.00094999999999999989 0.003228 0.012107 0.030557000000000001 0.025734 0 0.027605999999999999 0.00086700000000000004 0.20444400000000001 0.0014270000000000001 0.0039940000000000002 0.099334000000000006 0.033022000000000017 0.015291000000000009 0 1
6 linear 1 15 0.64971199999999996 5.8211227993687871 1 87 0.40694200000000003 0.0094999999999999998 0.20556499999999991 0.0045230000000000001 0.00098600000000000011 0.0030820000000000001 0.011009 0.023932999999999999 0.022404 0 0.027487000000000001 0.00080400000000000003 0.23043599999999997 0.0011670000000000001 0.0036090000000000002 0.094536999999999968 0.030170999999999965 0.014756999999999999 0 2
6 linear 1 23 0.63326300000000002 6.153446402386157 1 95 0.36766399999999999 0.0094900000000000002 0.22780600000000004 0.0049049999999999996 0.0011740000000000001 0.002885 0.013167999999999999 0.015602 0.022771 0 0.027771000000000001 0.00084199999999999998 0.19928799999999999 0.001121 0.0033960000000000006 0.099888999999999964 0.033000999999999968 0.015820000000000001 0 3
6 linear 2 0 2.2622390000000001 4.1485778170671406 1 87 2.0168400000000002 0.0097070000000000004 0.20838300000000004 0.0049750000000000003 0.001279 0.0029680000000000002 0.011009 0.200077 0.26207399999999997 1.318848 0.055577000000000001 0.0010070000000000001 0.101326 0.000834 0.0035149999999999995 0.097422000000000022 0.029407999999999979 0.014886999999999997 0 0
6 linear 2 7 0.53439899999999996 3.7366415265093034 1 110 0.26770500000000003 0.012227999999999999 0.21874499999999997 0.0064380000000000001 0.0015129999999999998 0.0031220000000000002 0.012034 0.036655 0.024292999999999999 0 0.031140000000000001 0.0010009999999999999 0.060509 0.00094600000000000001 0.0035530000000000006 0.114952 0.032609999999999979 0.016633000000000002 0 1
6 linear 2 15 0.53732400000000002 3.3603699214791023 1 127 0.28417700000000001 0.0094789999999999996 0.2073330000000001 0.0072059999999999997 0.0017669999999999999 0.0029329999999999998 0.010992999999999999 0.037143000000000002 0.023264 0 0.025805999999999999 0.00087699999999999996 0.097221000000000002 0.00077899999999999996 0.003156 0.10916299999999998 0.03392899999999998 0.016891 0 2
6 linear 2 23 0.59718499999999997 3.051902227260479 1 111 0.37676599999999999 0.009358 0.18014099999999994 0.0055349999999999991 0.001554 0.0027179999999999999 0.010470999999999999 0.036365000000000001 0.022533999999999998 0 0.027961 0.00095200000000000005 0.190387 0.00074399999999999998 0.003326 0.10476800000000004 0.029066999999999964 0.014919999999999994 0 3
6 linear 3 0 3.3669530000000001 2.8164960044206651 1 103 3.0963080000000001 0.014800000000000001 0.21599700000000002 0.0071079999999999997 0.0015839999999999999 0.002856 0.010658000000000001 0.200271 0.26228000000000001 2.2728329999999999 0.057827999999999997 0.00092100000000000005 0.20693800000000001 0.00041300000000000001 0.0039029999999999998 0.102558 0.031251999999999974 0.015102000000000006 0 0
6 linear 3 7 0.67618900000000004 2.55750135784821 1 103 0.40041700000000002 0.014258 0.22389099999999998 0.0061829999999999993 0.0015129999999999998 0.0032680000000000001 0.011782000000000001 0.037179999999999998 0.022924 0 0.026474999999999999 0.00095 0.19743499999999997 0.00030699999999999998 0.0036749999999999999 0.11132400000000002 0.03206999999999998 0.014955 0 1
6 linear 3 15 0.68408500000000005 2.3273090826899083 1 95 0.43049700000000002 0.014492 0.20521499999999993 0.0053699999999999998 0.001134 0.0029190000000000002 0.010880000000000001 0.036688999999999999 0.022866000000000001 0 0.027588000000000001 0.00087299999999999997 0.22765400000000008 0.00029500000000000001 0.0035820000000000001 0.10511199999999997 0.029884999999999991 0.013049000000000002 0 2
6 linear 3 23 0.586619 2.1451244364284281 1 120 0.309701 0.011756000000000001 0.22587400000000005 0.0078130000000000005 0.0016350000000000004 0.0029250000000000001 0.010314 0.036475 0.023841999999999999 0 0.027165999999999999 0.00086399999999999997 0.10769899999999998 0.00089300000000000002 0.0034320000000000002 0.11550900000000003 0.035060999999999974 0.015332999999999992 0 3
6 linear 4 0 3.1509130000000001 1.9736233249730171 1 59 2.9942869999999999 0.010571000000000001 0.12246199999999996 0.0043230000000000005 0.00079500000000000003 0.0029970000000000001 0.011107000000000001 0.20260900000000001 0.261407 2.390539 0.055179000000000006 0.00084699999999999999 0.0023930000000000002 0.0015820000000000001 0.0041229999999999999 0.065484000000000001 0.021888000000000022 0.013438000000000005 0 0
6 linear 4 7 0.42463000000000001 2.0187155022268133 1 59 0.28862900000000002 0.010179000000000001 0.10385800000000001 0.0038120000000000003 0.0007980000000000001 0.0032940000000000001 0.011779 0.034097000000000002 0.024930999999999998 0 0.026690999999999999 0.00093300000000000002 0.096176999999999999 0.0013519999999999999 0.0036969999999999998 0.059451000000000011 0.018036000000000003 0.0098169999999999976 0 1
6 linear 4 15 0.407196 2.0641768031569669 1 51 0.285194 0.010135999999999999 0.093100000000000002 0.0030660000000000001 0.00079799999999999999 0.0041419999999999998 0.011047 0.031283999999999999 0.024761999999999999 0 0.026803 0.00090399999999999996 0.10030900000000001 0.001201 0.0035589999999999997 0.054356999999999996 0.015071000000000013 0.0089969999999999946 0 2
6 linear 4 23 0.30435099999999998 2.1007688003642313 1 59 0.18190700000000001 0.0086110000000000006 0.092688000000000006 0.003454 0.00085000000000000006 0.0039060000000000002 0.010300999999999999 0.029325 0.024156 0 0.027071999999999999 0.00086799999999999996 0.0021710000000000002 0.001142 0.0031199999999999995 0.050499000000000002 0.016941999999999992 0.0096380000000000025 0 3
6 uniform 0 0 0.46394099999999999 1.0308929896597014 1 94 0.33888299999999999 0.010189 0.087487000000000009 0.0045180000000000003 0.001261 0.00299 0.01085 0.18473899999999999 0.021763999999999999 0 0.026372 0.00084599999999999996 0.0020539999999999998 0.0012080000000000001 0.0040229999999999997 0.057664999999999987 0.017656999999999999 0 0 0
6 uniform 0 7 0.29092099999999999 1.0321154664142196 1 94 0.162797 0.0096360000000000005 0.09229099999999997 0.0038599999999999997 0.00095699999999999995 0.0028960000000000001 0.010567999999999999 0.01444 0.021378000000000001 0 0.025128000000000001 0.00082299999999999995 0.002029 0.001077 0.0037980000000000002 0.063280000000000017 0.016792999999999999 0 0 1
6 uniform 0 15 0.303672 1.0336479309960342 1 95 0.168742 0.0095680000000000001 0.09770300000000004 0.0043930000000000002 0.0011350000000000002 0.0028939999999999999 0.0099760000000000005 0.018797999999999999 0.020983000000000002 0 0.026546 0.00089300000000000002 0.0021640000000000001 0.001057 0.0036669999999999993 0.063131000000000007 0.021825999999999981 0 0 2
6 uniform 0 23 0.32480599999999998 1.0351972410337558 1 94 0.17222299999999999 0.012626999999999999 0.11085199999999998 0.0042990000000000007 0.0012029999999999999 0.0028370000000000001 0.010532 0.014602 0.021499999999999998 0 0.027767 0.00096900000000000003 0.0020759999999999997 0.00098700000000000003 0.0036439999999999997 0.070433000000000009 0.027148999999999989 0 0 3
6 uniform 1 0 2.4739119999999999 4.9440694278646937 1 87 2.2934410000000001 0.010038 0.14175999999999997 0.0046799999999999993 0.0010920000000000001 0.0029269999999999999 0.011198 0.200541 0.26469199999999998 1.584284 0.056713 0.00092199999999999997 0.10684299999999999 0.001438 0.0037910000000000001 0.09687599999999999 0.029928999999999966 0 0 0
6 uniform 1 7 0.56072999999999995 5.3298293265038712 1 87 0.38564799999999999 0.0096609999999999994 0.13865999999999995 0.0040629999999999998 0.00082799999999999996 0.0031879999999999999 0.011839000000000001 0.029392000000000001 0.024568 0 0.027740999999999998 0.00091200000000000005 0.19927600000000001 0.001268 0.0036240000000000005 0.092601999999999934 0.030934999999999945 0 0 1
6 uniform 1 15 0.58586499999999997 5.649618790137418 1 87 0.411084 0.0094350000000000007 0.13850600000000002 0.0039230000000000003 0.0008879999999999999 0.0028310000000000002 0.011006999999999999 0.024074000000000002 0.023555 0 0.027172999999999999 0.00087600000000000004 0.23450799999999999 0.001109 0.0036469999999999996 0.093396999999999966 0.030170999999999969 0 0 2
6 uniform 1 23 0.54387099999999999 5.8780143880080011 1 87 0.36837700000000001 0.0095820000000000002 0.14068899999999995 0.0036800000000000001 0.00096000000000000002 0.0028240000000000001 0.010793000000000001 0.015469999999999999 0.024204 0 0.027879999999999999 0.000852 0.199794 0.0010640000000000001 0.0034600000000000008 0.095343000000000011 0.030401999999999967 0 0 3
6 uniform 2 0 2.2040199999999999 4.2882024496386881 1 87 2.0205039999999999 0.0098530000000000006 0.14697600000000002 0.0045589999999999997 0.0010560000000000001 0.0029610000000000001 0.010824 0.203906 0.26189699999999999 1.3193600000000001 0.056694999999999995 0.001072 0.100744 0.00081400000000000005 0.003418 0.10179699999999997 0.029837999999999996 0 0 0
6 uniform 2 7 0.50488599999999995 3.8248883831823282 1 118 0.26847199999999999 0.013741 0.184695 0.0062179999999999996 0.0015770000000000003 0.0044039999999999999 0.012277 0.037856000000000001 0.025392999999999999 0 0.026884999999999999 0.00095200000000000005 0.060624000000000011 0.000892 0.0035539999999999999 0.12769999999999995 0.03698999999999996 0 0 1
6 uniform 2 15 0.51744299999999999 3.4134779982770174 1 127 0.29586499999999999 0.010666999999999999 0.17413500000000004 0.0066239999999999997 0.001544 0.0030079999999999998 0.012074 0.038488000000000001 0.025155 0 0.0258 0.00087900000000000001 0.09708 0.00083600000000000005 0.0086130000000000009 0.1172750000000001 0.035811999999999997 0 0 2
6 uniform 2 23 0.59875100000000003 3.087566956151127 1 127 0.38260100000000002 0.0091760000000000001 0.17217500000000008 0.0060860000000000011 0.0014460000000000002 0.0028210000000000002 0.011479 0.037635000000000002 0.02477 0 0.028178999999999999 0.00088699999999999998 0.19024700000000003 0.000745 0.0031270000000000009 0.11711300000000004 0.03497099999999994 0 0 3
6 uniform 3 0 3.3068650000000002 2.8425709152467169 1 103 3.0467390000000001 0.015890000000000001 0.19996399999999995 0.0066240000000000005 0.0016049999999999997 0.0027179999999999999 0.010985 0.20416300000000001 0.259743 2.2331919999999998 0.055786000000000002 0.000852 0.197988 0.00033100000000000002 0.0044559999999999999 0.14079700000000001 0.036468999999999994 0 0 0
6 uniform 3 7 0.62543800000000005 2.5755988092900948 1 103 0.40552899999999997 0.015684 0.16626299999999997 0.0056429999999999996 0.001544 0.0032669999999999999 0.011689 0.038184000000000003 0.023823 0 0.02666 0.00096299999999999999 0.197709 0.00030899999999999998 0.0040770000000000008 0.115067 0.033885000000000005 0 0 1
6 uniform 3 15 0.62781100000000001 2.3400349564321434 1 95 0.43113400000000002 0.014142999999999999 0.14912899999999993 0.0048699999999999993 0.001263 0.0039579999999999997 0.011083000000000001 0.037594000000000002 0.021271999999999999 0 0.027081999999999998 0.00083199999999999995 0.231408 0.00025399999999999999 0.0034770000000000001 0.10430700000000002 0.02987099999999997 0 0 2
6 uniform 3 23 0.52787300000000004 2.154507083924027 1 120 0.30949399999999999 0.01163 0.16879799999999998 0.0069130000000000007 0.001408 0.0027299999999999998 0.010553999999999999 0.036225 0.023674000000000001 0 0.026922999999999999 0.00088800000000000001 0.10797100000000001 0.00083000000000000001 0.0033659999999999996 0.11526999999999993 0.03514699999999997 0 0 3
6 uniform 4 0 3.1000290000000001 1.9804666558253863 1 59 2.9831910000000001 0.010677000000000001 0.082090000000000024 0.0041519999999999994 0.0009140000000000001 0.0029030000000000002 0.011122999999999999 0.204009 0.26279799999999998 2.376989 0.055095000000000005 0.00089800000000000004 0.0023369999999999997 0.0015120000000000001 0.0040189999999999991 0.052932 0.018283999999999998 0 0 0
6 uniform 4 7 0.40816799999999998 2.0261746121787541 1 59 0.28812900000000002 0.010148000000000001 0.088049999999999989 0.0036199999999999995 0.00077499999999999997 0.0045069999999999997 0.011885 0.034113999999999998 0.024981 0 0.026443000000000001 0.00091 0.096017000000000005 0.0013569999999999999 0.0037650000000000001 0.059452999999999985 0.018017000000000009 0 0 1
6 uniform 4 15 0.38697100000000001 2.0722934969654965 1 51 0.285306 0.0089320000000000007 0.075017999999999987 0.0027170000000000002 0.00068399999999999993 0.0040829999999999998 0.011117 0.031244000000000001 0.024615999999999999 0 0.027245999999999999 0.00088500000000000004 0.10022 0.001189 0.0038519999999999995 0.051792999999999992 0.014525 0 0 2
6 uniform 4 23 0.28411399999999998 2.1094421700365822 1 59 0.178313 0.0086199999999999992 0.076544000000000001 0.0031400000000000004 0.00080699999999999999 0.0028270000000000001 0.010284 0.028001000000000002 0.022991000000000001 0 0.030362 0.00080900000000000004 0.0021350000000000002 0.001119 0.0030669999999999998 0.049751000000000031 0.016824999999999993 0 0 3
7 linear 0 0 0.81485600000000002 1749.5972217062131 1 105 0.52904700000000005 0.0084119999999999993 0.244089 0.0065850000000000006 0.0015139999999999999 0.0031670000000000001 0.011036000000000001 0.17666599999999999 0.025048999999999998 0 0.027643999999999998 0.00082100000000000001 0.19886900000000002 0.001114 0.0028969999999999998 0.10031500000000003 0.062638999999999972 0.021673999999999995 0 0
7 linear 0 7 0.76938300000000004 1708.0104545896929 1 113 0.38431799999999999 0.0067239999999999999 0.34314700000000009 0.0065279999999999999 0.0014379999999999996 0.0029910000000000002 0.011200999999999999 0.045189 0.025475999999999999 0 0.027746 0.00096299999999999999 0.18184800000000001 0.001354 0.0030099999999999997 0.19297700000000001 0.065654999999999963 0.023587999999999974 0 1
7 linear 0 15 0.77500199999999997 1631.7932599194353 1 130 0.349798 0.0064349999999999997 0.36334099999999997 0.0087810000000000006 0.001459 0.0028180000000000002 0.011109000000000001 0.038891000000000002 0.024421999999999999 0 0.026685 0.00089499999999999996 0.15958900000000001 0.00097099999999999997 0.0027520000000000001 0.1928480000000001 0.076203999999999925 0.027644999999999996 0 2
7 linear 0 23 0.87568199999999996 1519.6034532661488 1 137 0.37982700000000003 0.0064929999999999996 0.44403100000000006 0.0087989999999999995 0.001446 0.0027829999999999999 0.0106 0.033556999999999997 0.023959999999999999 0 0.025377 0.00080199999999999998 0.20050600000000002 0.0010089999999999999 0.0028660000000000005 0.2658330000000001 0.081034000000000009 0.028465999999999981 0 3
7 linear 1 0 0.794238 1.9662686061620949 1 97 0.56733 0.0095160000000000002 0.18074799999999991 0.0069949999999999995 0.0015889999999999999 0.0029979999999999998 0.012116999999999999 0.190529 0.024032999999999999 0 0.026349999999999998 0.000977 0.22428400000000001 0.001358 0.0034160000000000002 0.085365999999999984 0.052392999999999967 0.012828000000000001 0 0
7 linear 1 7 0.89183400000000002 1.9648346329661539 1 97 0.58854899999999999 0.0091909999999999995 0.25868500000000005 0.0062779999999999997 0.0012519999999999999 0.0030249999999999999 0.011162999999999999 0.052318000000000003 0.021356 0 0.025565000000000001 0.00079699999999999997 0.39446100000000001 0.0012130000000000001 0.0032759999999999998 0.15927900000000003 0.054735999999999993 0.014818000000000007 0 1
7 linear 1 15 0.73182700000000001 1.957509587872285 1 89 0.455791 0.0087659999999999995 0.23624799999999996 0.0049420000000000002 0.0010400000000000001 0.0025200000000000001 0.010319999999999999 0.054557000000000001 0.022194999999999999 0 0.026612 0.00080400000000000003 0.25941700000000001 0.001096 0.0030520000000000005 0.15137399999999998 0.046830999999999977 0.010957 0 2
7 linear 1 23 0.82621800000000001 1.944972401768553 1 82 0.57711000000000001 0.0086619999999999996 0.21258099999999994 0.0043569999999999998 0.00096999999999999994 0.002532 0.0094940000000000007 0.054067999999999998 0.021374000000000001 0 0.025725999999999999 0.00072999999999999996 0.38747600000000004 0.0010839999999999999 0.0031329999999999995 0.13968900000000004 0.038978999999999972 0.0092660000000000017 0 3
7 linear 2 0 0.43381199999999998 416.0986346666167 1 53 0.33276800000000001 0.0096290000000000004 0.069494999999999973 0.003728 0.00076000000000000004 0.0029480000000000001 0.011351 0.176703 0.022775 0 0.029433000000000001 0.00083299999999999997 0.0019810000000000001 0.0012650000000000001 0.0033159999999999999 0.035620999999999993 0.015872000000000004 0.0062940000000000001 0 0
7 linear 2 7 0.38901000000000002 433.46294133393371 1 53 0.19161800000000001 0.0092379999999999997 0.16657800000000003 0.003607 0.00067500000000000004 0.0027989999999999998 0.010862 0.043838000000000002 0.021874999999999999 0 0.026956999999999998 0.00097000000000000005 0.0018189999999999999 0.0011540000000000001 0.0032860000000000003 0.13198400000000002 0.016537000000000003 0.0062979999999999998 0 1
7 linear 2 15 0.38211499999999998 456.79314675932352 1 53 0.19011400000000001 0.0091680000000000008 0.16144200000000009 0.0035599999999999998 0.00066399999999999999 0.002696 0.010703000000000001 0.044033999999999997 0.021746999999999999 0 0.027002999999999999 0.00080400000000000003 0.0018000000000000002 0.0011199999999999999 0.0031879999999999999 0.12740499999999999 0.016250999999999998 0.0062940000000000019 0 2
7 linear 2 23 0.39073799999999997 485.61553966594573 1 53 0.19234799999999999 0.0091310000000000002 0.16722200000000001 0.0035320000000000004 0.00065800000000000006 0.0026159999999999998 0.010595 0.043901999999999997 0.022040000000000001 0 0.026383 0.00087100000000000003 0.001923 0.001085 0.0038850000000000004 0.13268799999999997 0.016214000000000003 0.0064440000000000001 0 3
7 linear 3 0 0.43206899999999998 371.49251690834268 1 53 0.33118999999999998 0.010609 0.068439000000000014 0.0035080000000000003 0.00065700000000000003 0.0027889999999999998 0.011545 0.17829400000000001 0.025443 0 0.026901999999999999 0.000812 0.0018550000000000001 0.0010839999999999999 0.0035530000000000002 0.034103000000000008 0.015951000000000003 0.0064459999999999977 0 0
7 linear 3 7 0.40217000000000003 385.84999918185463 1 53 0.197322 0.0092420000000000002 0.173961 0.0034260000000000002 0.00063299999999999999 0.0024870000000000001 0.010999999999999999 0.045588999999999998 0.024590999999999998 0 0.027820999999999999 0.00085700000000000001 0.0017719999999999999 0.00099299999999999996 0.0033339999999999989 0.13958799999999996 0.015994999999999992 0.0064309999999999983 0 1
7 linear 3 15 0.40603099999999998 404.42621472999781 1 53 0.19228200000000001 0.0092060000000000006 0.18325900000000003 0.0034199999999999999 0.00063100000000000005 0.0025669999999999998 0.010094000000000001 0.045677000000000002 0.024336 0 0.027893999999999999 0.00081700000000000002 0.0017890000000000002 0.0009810000000000001 0.0032749999999999997 0.14984999999999993 0.015424999999999998 0.0063730000000000011 0 2
7 linear 3 23 0.40859200000000001 426.03491487752552 1 53 0.18560699999999999 0.0090830000000000008 0.18920199999999998 0.0038850000000000004 0.00072600000000000008 0.0023530000000000001 0.0096620000000000004 0.043816000000000001 0.021196 0 0.026249999999999999 0.00089099999999999997 0.0018349999999999998 0.001132 0.003143 0.15562699999999999 0.015569 0.0062729999999999999 0 3
7 linear 4 0 0.50627299999999997 1.3050694737776485 1 61 0.37960700000000003 0.0086379999999999998 0.093119999999999967 0.0041320000000000003 0.00086400000000000008 0.0028670000000000002 0.011390000000000001 0.18520900000000001 0.022512000000000001 0 0.026751 0.00085899999999999995 0.047702999999999995 0.0010820000000000001 0.0031670000000000001 0.039592999999999996 0.026321999999999998 0.006772000000000002 0 0
7 linear 4 7 0.41498200000000002 1.3123695160039222 1 61 0.20089299999999999 0.0084349999999999998 0.180589 0.00413 0.00084899999999999993 0.0027780000000000001 0.010378 0.048980000000000003 0.021309000000000002 0 0.025874000000000001 0.00070399999999999998 0.012513 0.0010809999999999999 0.0030559999999999997 0.12762399999999999 0.026056999999999993 0.00677 0 1
7 linear 4 15 0.41944900000000002 1.3213161917355329 1 61 0.21143000000000001 0.0082749999999999994 0.17530800000000005 0.0037280000000000004 0.00084500000000000016 0.0026099999999999999 0.0094599999999999997 0.055386999999999999 0.021302999999999999 0 0.025665 0.00063500000000000004 0.020233999999999999 0.0010549999999999999 0.0030370000000000002 0.12212399999999997 0.026194999999999979 0.0067560000000000007 0 2
7 linear 4 23 0.41871900000000001 1.3310228394511374 1 61 0.21160999999999999 0.0083359999999999997 0.17407299999999998 0.0040040000000000006 0.00082800000000000007 0.0024979999999999998 0.0092329999999999999 0.057523999999999999 0.020986000000000001 0 0.025441999999999999 0.00066699999999999995 0.020265000000000002 0.00098999999999999999 0.0029999999999999996 0.12187999999999999 0.025343999999999992 0.0067669999999999996 0 3
7 uniform 0 0 0.75160700000000003 1671.2623387420419 1 105 0.52776599999999996 0.0085760000000000003 0.18257499999999993 0.0057260000000000002 0.0015209999999999998 0.0028999999999999998 0.011036000000000001 0.17918899999999999 0.023112000000000001 0 0.027345999999999999 0.00085499999999999997 0.19823499999999999 0.001047 0.0030230000000000005 0.10062900000000005 0.062460999999999968 0 0 0
7 uniform 0 7 0.70292699999999997 1640.4967274363025 1 113 0.38223400000000002 0.0067159999999999997 0.27962100000000017 0.0057610000000000005 0.0014440000000000002 0.0027439999999999999 0.011093 0.044854999999999999 0.024728 0 0.027380999999999999 0.00092500000000000004 0.185803 0.001181 0.0029720000000000002 0.19282400000000005 0.06546699999999997 0 0 1
7 uniform 0 15 0.68578099999999997 1582.8181694440561 1 130 0.34277200000000002 0.0064289999999999998 0.295769 0.0080850000000000002 0.0014090000000000001 0.0027560000000000002 0.010916 0.038788999999999997 0.024197 0 0.026741999999999998 0.00087399999999999999 0.15593700000000002 0.00094799999999999995 0.0026300000000000004 0.19149300000000014 0.076079999999999967 0 0 2
7 uniform 0 23 0.79403599999999996 1492.200370581515 1 137 0.37945400000000001 0.0065389999999999997 0.36610699999999996 0.007835 0.001438 0.002513 0.010697 0.033432999999999997 0.023977999999999999 0 0.025444000000000001 0.00085899999999999995 0.20067300000000002 0.00089800000000000004 0.0028159999999999999 0.25977000000000017 0.080635999999999972 0 0 3
7 uniform 1 0 0.74154600000000004 1.9897194968836516 1 81 0.56475500000000001 0.0094509999999999993 0.13841099999999998 0.0048460000000000005 0.0012359999999999999 0.002931 0.011695000000000001 0.191857 0.024069 0 0.026450999999999999 0.00090300000000000005 0.22186499999999998 0.0013339999999999999 0.0034550000000000002 0.078424000000000035 0.047053999999999964 0 0 0
7 uniform 1 7 0.81551600000000002 1.9793480621202104 1 81 0.59174899999999997 0.0089460000000000008 0.1871520000000001 0.0040340000000000003 0.001067 0.0028040000000000001 0.010366999999999999 0.052318000000000003 0.022924 0 0.025863000000000001 0.00080400000000000003 0.39754700000000004 0.001292 0.0031319999999999998 0.12420100000000001 0.049593999999999992 0 0 1
7 uniform 1 15 0.65984200000000004 1.9632969491417562 1 73 0.45561099999999999 0.0089669999999999993 0.17127200000000009 0.0034029999999999998 0.00088900000000000003 0.0025049999999999998 0.0098160000000000001 0.054453000000000001 0.023238000000000002 0 0.026273999999999999 0.00076099999999999996 0.25978699999999999 0.0012570000000000001 0.0031250000000000002 0.11618299999999997 0.043684999999999995 0 0 2
7 uniform 1 23 0.74651500000000004 1.9436985703756435 1 66 0.57425199999999998 0.0086149999999999994 0.14282800000000001 0.0027199999999999998 0.00079600000000000005 0.0023869999999999998 0.0092110000000000004 0.051958999999999998 0.021007000000000001 0 0.025191999999999999 0.00073800000000000005 0.38784600000000002 0.00114 0.0031080000000000001 0.099836000000000022 0.033019 0 0 3
7 uniform 2 0 0.421879 418.6743354803927 1 53 0.33141500000000002 0.0094879999999999999 0.059118999999999991 0.0036810000000000002 0.00067999999999999994 0.0028700000000000002 0.011048000000000001 0.17944599999999999 0.022712 0 0.026669000000000002 0.00082899999999999998 0.0019810000000000001 0.0011789999999999999 0.0033399999999999997 0.03526 0.015919000000000003 0 0 0
7 uniform 2 7 0.37826900000000002 436.21263268561404 1 53 0.19089999999999999 0.0091909999999999995 0.15660500000000005 0.0034580000000000001 0.00060300000000000002 0.0027460000000000002 0.010803999999999999 0.043858000000000001 0.021731 0 0.027106000000000002 0.000901 0.0018549999999999999 0.0011169999999999999 0.0033489999999999995 0.13206899999999996 0.016534000000000004 0 0 1
7 uniform 2 15 0.37238100000000002 459.90195614565442 1 53 0.18892600000000001 0.0091240000000000002 0.152893 0.003457 0.00065300000000000004 0.0027339999999999999 0.010703000000000001 0.043888000000000003 0.021304 0 0.027119999999999998 0.00080599999999999997 0.0017880000000000001 0.0011540000000000001 0.0031419999999999998 0.12860400000000002 0.016297999999999997 0 0 2
7 uniform 2 23 0.375531 489.45800042098671 1 53 0.191664 0.0089599999999999992 0.15368000000000001 0.0032720000000000002 0.00059900000000000014 0.0025720000000000001 0.010638999999999999 0.043909999999999998 0.021814 0 0.026478000000000002 0.00077899999999999996 0.0019299999999999999 0.0012260000000000001 0.0034210000000000004 0.12984600000000004 0.015705999999999994 0 0 3
7 uniform 3 0 0.40919800000000001 372.94628588604178 1 53 0.32295099999999999 0.0090989999999999994 0.056016000000000003 0.0033109999999999997 0.00060400000000000004 0.0027169999999999998 0.010324 0.17716100000000001 0.022164 0 0.026501 0.00085300000000000003 0.0018710000000000001 0.001124 0.0031849999999999999 0.032767000000000004 0.015287000000000011 0 0 0
7 uniform 3 7 0.37764999999999999 387.44750165605024 1 53 0.18862300000000001 0.0089820000000000004 0.15916899999999995 0.0031949999999999999 0.00058099999999999992 0.0024190000000000001 0.0097289999999999998 0.043978999999999997 0.021354000000000001 0 0.029429 0.00084000000000000003 0.001879 0.0010759999999999999 0.003114 0.13552299999999998 0.015730999999999995 0 0 1
7 uniform 3 15 0.38321300000000003 406.26217790051072 1 53 0.18310399999999999 0.0089049999999999997 0.17050099999999999 0.0030299999999999997 0.00055299999999999989 0.002444 0.0096369999999999997 0.044232 0.021048000000000001 0 0.026154 0.00077099999999999998 0.0018369999999999999 0.001047 0.0029529999999999999 0.146981 0.015530999999999996 0 0 2
7 uniform 3 23 0.39824399999999999 428.24754757299758 1 53 0.18116199999999999 0.0091660000000000005 0.18205400000000005 0.003039 0.00055100000000000006 0.0022729999999999998 0.0092910000000000006 0.04376 0.020983000000000002 0 0.026008 0.00083000000000000001 0.0017980000000000001 0.0010120000000000001 0.0033219999999999994 0.15777899999999997 0.015910999999999998 0 0 3
7 uniform 4 0 0.479439 1.305875260903 1 45 0.38829799999999998 0.0088850000000000005 0.063003999999999991 0.0029529999999999999 0.00073900000000000007 0.0028440000000000002 0.012357 0.18634400000000001 0.025602 0 0.027803000000000001 0.00088999999999999995 0.047834000000000008 0.001258 0.003434 0.034218000000000012 0.021806999999999997 0 0 0
7 uniform 4 7 0.359815 1.3132568039453867 1 45 0.21096400000000001 0.0084239999999999992 0.12183699999999999 0.0024289999999999997 0.00068899999999999994 0.0029550000000000002 0.011133000000000001 0.050866000000000001 0.024646000000000001 0 0.027871 0.00084699999999999999 0.012209999999999999 0.0010870000000000001 0.00329 0.093466999999999995 0.021471000000000004 0 0 1
7 uniform 4 15 0.357267 1.3223118502197446 1 45 0.224718 0.0084690000000000008 0.10631400000000002 0.0023280000000000002 0.00066299999999999996 0.0027290000000000001 0.0097800000000000005 0.059596999999999997 0.023455 0 0.029489999999999999 0.00070100000000000002 0.020249999999999997 0.001024 0.003359 0.078599999999999989 0.020887000000000013 0 0 2
7 uniform 4 23 0.34104600000000002 1.3321479311144431 1 45 0.21113100000000001 0.0081220000000000007 0.10465400000000001 0.0021789999999999999 0.00059400000000000002 0.0023779999999999999 0.0090600000000000003 0.057246999999999999 0.021118999999999999 0 0.025822000000000001 0.00067199999999999996 0.020207999999999997 0.00090200000000000002 0.0029099999999999998 0.077835999999999975 0.020065999999999997 0 0 3
8 linear 0 0 0.53770600000000002 10.610634500891292 1 81 0.325183 0.013100000000000001 0.16934000000000002 0.0049449999999999997 0.0012800000000000001 0.0030279999999999999 0.011703 0.15526899999999999 0.033227 0 0.025692 0.00087600000000000004 0.00082399999999999997 0.001083 0.0035749999999999992 0.071861000000000008 0.037634999999999988 0.013350999999999997 0 0
8 linear 0 7 0.49519800000000003 10.847328440263214 1 81 0.20999399999999999 0.012723999999999999 0.24297300000000002 0.004718 0.0010460000000000001 0.00298 0.011006 0.045159999999999999 0.032397000000000002 0 0.027153 0.00087399999999999999 0.000843 0.0011609999999999999 0.0035900000000000003 0.14438500000000004 0.03735399999999995 0.013363999999999996 0 1
8 linear 0 15 0.51303500000000002 10.940334910687673 1 81 0.199021 0.012248 0.27285900000000007 0.0044280000000000005 0.0010009999999999999 0.0026909999999999998 0.010092 0.040979000000000002 0.031512999999999999 0 0.026144000000000001 0.000861 0.00079799999999999999 0.001158 0.0032820000000000006 0.17187699999999995 0.038210999999999995 0.013148 0 2
8 linear 0 23 0.51614300000000002 10.840103556649394 1 89 0.19661100000000001 0.012177 0.27661999999999992 0.0047780000000000001 0.0010869999999999999 0.0024260000000000002 0.0093819999999999997 0.040993000000000002 0.031746000000000003 0 0.025876 0.000892 0.0007530000000000002 0.0010549999999999999 0.0033029999999999995 0.15380799999999994 0.042212000000000013 0.015240000000000002 0 3
8 linear 1 0 0.49062499999999998 3.429555568037614 1 90 0.30299100000000001 0.012926999999999999 0.13835099999999995 0.0064679999999999998 0.001547 0.0024810000000000001 0.0099699999999999997 0.146034 0.02147 0 0.032125000000000001 0.00080199999999999998 0.00085800000000000015 0.001124 0.0036630000000000009 0.066960999999999993 0.037931000000000027 0.011597999999999999 0 0
8 linear 1 7 0.56197699999999995 3.9936770102394235 1 90 0.21113199999999999 0.013906999999999999 0.30035099999999992 0.0064820000000000008 0.0013210000000000001 0.0037339999999999999 0.010588999999999999 0.045759000000000001 0.025995999999999998 0 0.028878999999999998 0.000883 0.000843 0.001207 0.0038169999999999996 0.22668300000000005 0.03676299999999999 0.012313999999999997 0 1
8 linear 1 15 0.50715900000000003 4.6609192965012527 1 98 0.18667300000000001 0.011790999999999999 0.27323799999999993 0.0062040000000000003 0.0014509999999999998 0.0027659999999999998 0.0095809999999999992 0.040256 0.021423999999999999 0 0.025714000000000001 0.00079000000000000001 0.000776 0.0010660000000000001 0.0032069999999999998 0.20352200000000001 0.036600999999999974 0.01163 0 2
8 linear 1 23 0.42227900000000002 5.3228073450428468 1 82 0.18438099999999999 0.011034 0.19923100000000007 0.0042859999999999999 0.0011159999999999998 0.0025530000000000001 0.0091690000000000001 0.042161999999999998 0.020910000000000002 0 0.025711000000000001 0.00080199999999999998 0.00080199999999999998 0.00098799999999999995 0.003179 0.140926 0.030680999999999996 0.0097080000000000014 0 3
8 linear 2 0 0.43355700000000003 13.804570860657101 1 61 0.29882199999999998 0.0098069999999999997 0.099999999999999992 0.0038180000000000002 0.00093300000000000002 0.0029060000000000002 0.010862 0.14826300000000001 0.025544000000000001 0 0.027177 0.00086600000000000002 0.00064199999999999999 0.00134 0.0033259999999999995 0.06068599999999999 0.018022 0.0072440000000000004 0 0
8 linear 2 7 0.39645799999999998 14.051314854791539 1 61 0.17549799999999999 0.009391 0.18715199999999996 0.0039449999999999997 0.00079599999999999994 0.0025920000000000001 0.010175999999999999 0.033412999999999998 0.021250000000000002 0 0.026582999999999999 0.00074700000000000005 0.000611 0.001207 0.0033020000000000002 0.14779599999999998 0.018316000000000013 0.0072190000000000006 0 1
8 linear 2 15 0.41811900000000002 14.338803328532064 1 61 0.17449400000000001 0.0093299999999999998 0.209705 0.0039699999999999996 0.00078100000000000001 0.0025049999999999998 0.0097979999999999994 0.034183999999999999 0.021409999999999998 0 0.026078 0.00073999999999999999 0.000602 0.0011299999999999999 0.0031440000000000005 0.171268 0.017312999999999999 0.0072400000000000016 0 2
8 linear 2 23 0.40615600000000002 14.631804621855469 1 61 0.176369 0.0092589999999999999 0.19602599999999992 0.0037439999999999999 0.00087399999999999999 0.0024989999999999999 0.010366999999999999 0.036575999999999997 0.0212 0 0.026911999999999998 0.00077300000000000003 0.00058799999999999998 0.0010070000000000001 0.0031160000000000003 0.15740699999999996 0.017625000000000002 0.0072470000000000034 0 3
8 linear 3 0 0.40360600000000002 14.764095840307574 1 91 0.236875 0.013877 0.117313 0.0054529999999999995 0.001456 0.0025950000000000001 0.010945999999999999 0.078308000000000003 0.021253000000000001 0 0.026683999999999999 0.00079199999999999995 0.00097499999999999996 0.00071100000000000004 0.0035840000000000004 0.05827199999999999 0.028589000000000021 0.010808000000000002 0 0
8 linear 3 7 0.50248300000000001 15.102510868822513 1 91 0.16681199999999999 0.013502999999999999 0.28667000000000004 0.005496 0.001395 0.0025500000000000002 0.010184 0.0097149999999999997 0.020659 0 0.030112 0.00084500000000000005 0.00096299999999999999 0.00071100000000000004 0.0034170000000000008 0.227325 0.028344999999999988 0.010781000000000002 0 1
8 linear 3 15 0.56067299999999998 15.537577977250418 1 107 0.15696199999999999 0.013331000000000001 0.34803099999999981 0.0068149999999999999 0.0015249999999999999 0.0022560000000000002 0.0097439999999999992 0.005757 0.020688999999999999 0 0.025901 0.00083299999999999997 0.0010089999999999999 0.00066 0.0033510000000000002 0.27841199999999999 0.033326999999999968 0.012692 0 2
8 linear 3 23 0.55150600000000005 16.038270241399328 1 107 0.15972900000000001 0.013124 0.33655099999999993 0.0067749999999999998 0.0014120000000000001 0.0022829999999999999 0.0093970000000000008 0.0088070000000000006 0.021996000000000002 0 0.026092000000000001 0.00081999999999999998 0.00097600000000000009 0.00068999999999999997 0.0033299999999999996 0.2674689999999999 0.033285000000000016 0.012678000000000002 0 3
8 linear 4 0 0.339922 3.212242293692988 1 61 0.23068 0.0086879999999999995 0.076249999999999998 0.003777 0.00087599999999999983 0.0025170000000000001 0.010694 0.078538999999999998 0.023997999999999998 0 0.027408999999999999 0.00091100000000000003 0.00062 0.0012390000000000001 0.003104 0.035226000000000007 0.020368000000000004 0.0072570000000000004 0 0
8 linear 4 7 0.37655899999999998 3.2107485843377113 1 61 0.16460900000000001 0.0082730000000000008 0.179373 0.0036589999999999999 0.00080000000000000004 0.0026570000000000001 0.010172 0.013247999999999999 0.023465 0 0.031461000000000003 0.00089700000000000001 0.00059100000000000005 0.0011249999999999999 0.0030239999999999993 0.13974099999999998 0.018976999999999997 0.0072360000000000028 0 1
8 linear 4 15 0.37234699999999998 3.2090180719630355 1 61 0.148448 0.0083000000000000001 0.19138099999999997 0.0034819999999999999 0.00076300000000000001 0.0024759999999999999 0.010019999999999999 0.0053660000000000001 0.024049000000000001 0 0.027040000000000002 0.00090799999999999995 0.00058100000000000003 0.001042 0.0029089999999999997 0.15155399999999999 0.019178000000000004 0.0072489999999999994 0 2
8 linear 4 23 0.35414899999999999 3.2072627670294098 1 61 0.14510200000000001 0.0081700000000000002 0.17428999999999994 0.0034390000000000002 0.00076300000000000001 0.0023700000000000001 0.0090830000000000008 0.0067419999999999997 0.023771 0 0.026435 0.00078399999999999997 0.00061300000000000005 0.0009859999999999999 0.0029529999999999999 0.133378 0.020386999999999995 0.0072430000000000029 0 3
8 uniform 0 0 0.48884 10.26538127057683 1 81 0.32439099999999998 0.012817 0.121881 0.0044660000000000004 0.0011389999999999998 0.0029250000000000001 0.010643 0.15565899999999999 0.035785999999999998 0 0.026283000000000001 0.000901 0.0007719999999999999 0.001176 0.0034829999999999996 0.071422999999999986 0.037497999999999997 0 0 0
8 uniform 0 7 0.44678000000000001 10.445007569882444 1 81 0.20830399999999999 0.012442 0.19466699999999995 0.0065209999999999999 0.0010759999999999999 0.0028630000000000001 0.011035 0.045196 0.034452000000000003 0 0.026939999999999999 0.00087299999999999997 0.00081100000000000009 0.0010549999999999999 0.003522 0.14457199999999998 0.037190000000000001 0 0 1
8 uniform 0 15 0.46184700000000001 10.526418408228791 1 81 0.19933100000000001 0.012244 0.22206600000000001 0.0037620000000000006 0.00089300000000000002 0.0026419999999999998 0.0099670000000000002 0.040993000000000002 0.033533 0 0.026478999999999999 0.00082299999999999995 0.0007980000000000001 0.00096699999999999998 0.0032440000000000004 0.17101199999999997 0.038116999999999984 0 0 2
8 uniform 0 23 0.43990099999999999 10.473316319465097 1 81 0.197292 0.012092 0.20257399999999995 0.0037210000000000003 0.00086899999999999998 0.0023500000000000001 0.0094389999999999995 0.040867000000000001 0.033980999999999997 0 0.025860999999999999 0.00081700000000000002 0.00078700000000000005 0.00101 0.0033050000000000002 0.15042599999999995 0.039229 0 0 3
8 uniform 1 0 0.427373 3.5566378231280682 1 74 0.29428100000000001 0.011587 0.096503999999999979 0.0034350000000000001 0.00097300000000000002 0.0025829999999999998 0.010231000000000001 0.148705 0.021573999999999999 0 0.025835 0.000776 0.00081000000000000017 0.00099700000000000006 0.0032539999999999995 0.055750000000000001 0.029637000000000004 0 0 0
8 uniform 1 7 0.40349299999999999 4.1617415534496009 1 74 0.183979 0.011318999999999999 0.18338099999999999 0.0033880000000000004 0.00097799999999999992 0.0023349999999999998 0.0097549999999999998 0.040967000000000003 0.021221 0 0.02615 0.00081499999999999997 0.00079100000000000004 0.00095 0.0031960000000000005 0.14406099999999994 0.028198000000000001 0 0 1
8 uniform 1 15 0.41053899999999999 4.8164634229801733 1 74 0.184811 0.015526999999999999 0.18450100000000003 0.0037109999999999999 0.0010970000000000001 0.0023240000000000001 0.0094800000000000006 0.040126000000000002 0.021412 0 0.026067 0.00083000000000000001 0.00077300000000000003 0.001016 0.0033269999999999997 0.14571799999999999 0.027667999999999984 0 0 2
8 uniform 1 23 0.39360000000000001 5.4299267440685011 1 74 0.18509900000000001 0.011261999999999999 0.17197900000000002 0.0034780000000000002 0.0009810000000000001 0.0026510000000000001 0.0089219999999999994 0.0424 0.020926 0 0.025624999999999998 0.00076800000000000002 0.0007890000000000001 0.00098200000000000002 0.0032539999999999999 0.13365199999999999 0.027085000000000008 0 0 3
8 uniform 2 0 0.39787899999999998 13.817096026743815 1 45 0.29556100000000002 0.0096259999999999991 0.074709999999999999 0.0023370000000000001 0.00076600000000000008 0.002921 0.010924 0.14846300000000001 0.021693 0 0.026939000000000001 0.00083699999999999996 0.00060999999999999997 0.001315 0.0033430000000000001 0.053271000000000006 0.014705000000000001 0 0 0
8 uniform 2 7 0.32002799999999998 14.064535640604317 1 45 0.174758 0.0093240000000000007 0.11827099999999999 0.0022720000000000001 0.00067500000000000004 0.0024580000000000001 0.010055 0.033447999999999999 0.021184999999999999 0 0.026832000000000002 0.00080699999999999999 0.00059700000000000009 0.001145 0.0031689999999999999 0.097768999999999967 0.013749000000000003 0 0 1
8 uniform 2 15 0.32854299999999997 14.352855349223768 1 45 0.174541 0.0094420000000000007 0.12671299999999999 0.0025150000000000003 0.00061499999999999999 0.0025200000000000001 0.0098139999999999998 0.034160000000000003 0.021392000000000001 0 0.026442 0.00069800000000000005 0.00056399999999999994 0.0010709999999999999 0.0030759999999999997 0.10711299999999999 0.012866000000000006 0 0 2
8 uniform 2 23 0.32460600000000001 14.646724762695673 1 45 0.17625399999999999 0.0091739999999999999 0.121672 0.0022769999999999999 0.00061200000000000013 0.0024650000000000002 0.0099270000000000001 0.036755999999999997 0.021378000000000001 0 0.027153 0.00076400000000000003 0.00058700000000000007 0.00101 0.0030759999999999997 0.10213899999999998 0.012725000000000004 0 0 3
8 uniform 3 0 0.36744100000000002 14.800359496523383 1 75 0.236626 0.013802 0.088519999999999988 0.0038509999999999998 0.0010969999999999999 0.002552 0.010792 0.078104000000000007 0.021221 0 0.027286000000000001 0.00077499999999999997 0.0009639999999999999 0.000696 0.0035050000000000003 0.053315000000000022 0.023965999999999994 0 0 0
8 uniform 3 7 0.42663299999999998 15.145113556667221 1 75 0.163272 0.013605000000000001 0.22095099999999995 0.0038690000000000005 0.001096 0.0024689999999999998 0.010031999999999999 0.0096849999999999992 0.020560999999999999 0 0.026662000000000002 0.00078899999999999999 0.00098299999999999993 0.00070799999999999997 0.0035400000000000002 0.18277099999999996 0.025598999999999997 0 0 1
8 uniform 3 15 0.45882099999999998 15.589704991792408 1 75 0.16741900000000001 0.014623000000000001 0.24685099999999999 0.004019 0.0010319999999999999 0.0034910000000000002 0.0098499999999999994 0.0070590000000000002 0.023059 0 0.026273999999999999 0.00079299999999999998 0.00099699999999999984 0.00069899999999999997 0.0037390000000000001 0.19982300000000006 0.031316000000000004 0 0 2
8 uniform 3 23 0.42594599999999999 16.103601100808781 1 75 0.16442399999999999 0.014668 0.21794400000000003 0.0038659999999999996 0.0010480000000000001 0.0022369999999999998 0.010633 0.008992 0.023938999999999998 0 0.026186000000000001 0.00085499999999999997 0.00095700000000000006 0.00062600000000000004 0.0037500000000000003 0.18233500000000002 0.024005999999999986 0 0 3
8 uniform 4 0 0.31842199999999998 3.2125424119184931 1 45 0.234961 0.0099659999999999992 0.054802999999999991 0.0027060000000000001 0.00068300000000000001 0.0024510000000000001 0.011632 0.079644999999999994 0.025461999999999999 0 0.027109999999999999 0.00087900000000000001 0.00060500000000000007 0.001266 0.0055750000000000001 0.031364000000000003 0.016385000000000007 0 0 0
8 uniform 4 7 0.30402299999999999 3.2110475010508899 1 45 0.16585900000000001 0.0082199999999999999 0.11240399999999996 0.0023259999999999999 0.00066199999999999994 0.002611 0.012062 0.014387 0.025455999999999999 0 0.028087999999999998 0.000919 0.00060400000000000004 0.001119 0.0029989999999999999 0.090976999999999988 0.014642000000000007 0 0 1
8 uniform 4 15 0.28049000000000002 3.2093155983725969 1 45 0.145456 0.0082570000000000005 0.109234 0.0022000000000000001 0.00063899999999999992 0.0025309999999999998 0.0099439999999999997 0.0054609999999999997 0.021353 0 0.026967999999999999 0.00082600000000000002 0.00059599999999999996 0.0011000000000000001 0.0030680000000000004 0.088142999999999985 0.014365000000000001 0 0 2
8 uniform 4 23 0.28398000000000001 3.2075588853217174 1 45 0.14301 0.0080949999999999998 0.11557199999999999 0.0021980000000000003 0.00059299999999999999 0.0023270000000000001 0.0094560000000000009 0.0068789999999999997 0.021093000000000001 0 0.026865 0.00072099999999999996 0.00064300000000000002 0.00097599999999999998 0.0029940000000000001 0.09347599999999999 0.015306000000000004 0 0 3
9 linear 0 0 1.3189029999999999 12356.217312071116 1 135 0.81095600000000001 0.016844999999999999 0.43752699999999989 0.010997 0.0015169999999999999 0.0027550000000000001 0.01103 0.199988 0.032471 0 0.026929999999999999 0.00077700000000000002 0.43884899999999999 0.00068900000000000005 0.0037150000000000004 0.219051 0.086919000000000246 0.024404999999999996 0 0
9 linear 0 7 0.95922600000000002 11900.512501888923 1 135 0.34814099999999998 0.016355000000000001 0.54343699999999995 0.0097099999999999999 0.0014009999999999999 0.0027520000000000001 0.011043000000000001 0.051351000000000001 0.032294999999999997 0 0.026571999999999998 0.00084999999999999995 0.12856199999999998 0.00058799999999999998 0.0036679999999999994 0.32450800000000002 0.087166000000000146 0.026738999999999992 0 1
9 linear 0 15 0.98646 11346.566927228521 1 135 0.38729599999999997 0.015983000000000001 0.53334099999999995 0.0087830000000000009 0.0014709999999999999 0.0027109999999999999 0.010413 0.051192000000000001 0.03354 0 0.026124999999999999 0.00081499999999999997 0.16906699999999997 0.00067199999999999996 0.0035249999999999999 0.32091600000000015 0.085095000000000143 0.024608999999999999 0 2
9 linear 0 23 1.2180470000000001 10768.602424849085 1 135 0.605904 0.015958 0.54660699999999984 0.008490000000000001 0.001297 0.0025439999999999998 0.0097370000000000009 0.051126999999999999 0.032981999999999997 0 0.025293 0.00077700000000000002 0.39269399999999993 0.00059400000000000002 0.00348 0.33023899999999995 0.089114000000000193 0.024543999999999989 0 3
9 linear 1 0 0.87163800000000002 5.2914668945063159 1 91 0.52431499999999998 0.077748999999999999 0.23507500000000001 0.0061469999999999988 0.0013989999999999996 0.0029559999999999999 0.011535 0.18995400000000001 0.068181000000000005 0 0.026901000000000001 0.00085099999999999998 0.13324999999999998 0.0011900000000000001 0.0035379999999999999 0.14360799999999996 0.04747999999999996 0.009865000000000004 0 0
9 linear 1 7 1.0902019999999999 6.8129676129066192 1 91 0.64373199999999997 0.075655 0.335812 0.0063500000000000006 0.0014859999999999997 0.0029069999999999999 0.010716 0.051291999999999997 0.078962000000000004 0 0.025978000000000001 0.00086700000000000004 0.385994 0.0011529999999999999 0.0033869999999999998 0.24405999999999997 0.047688999999999968 0.0098720000000000006 0 1
9 linear 1 15 1.1110469999999999 8.8238829045550506 1 122 0.558701 0.073080999999999993 0.4361210000000002 0.0081390000000000004 0.0019130000000000002 0.0027910000000000001 0.010709 0.051458999999999998 0.11873300000000001 0 0.026231000000000001 0.00081800000000000004 0.253693 0.00074600000000000003 0.003496 0.2912840000000001 0.073388000000000023 0.016553999999999992 0 2
9 linear 1 23 0.91212700000000002 11.43697716388581 1 82 0.48712299999999997 0.072842000000000004 0.32170300000000002 0.0048700000000000002 0.001356 0.0026809999999999998 0.010505 0.047183000000000003 0.075809000000000001 0 0.025732000000000001 0.00088800000000000001 0.23936000000000002 0.0010889999999999999 0.0034159999999999998 0.20335399999999998 0.055031999999999977 0.012670999999999998 0 3
9 linear 2 0 1.130457 9.5214783592397438 1 82 0.76571699999999998 0.073696999999999999 0.26015299999999997 0.0052069999999999998 0.001191 0.002624 0.010116999999999999 0.18994 0.086679000000000006 0 0.025382999999999999 0.00087900000000000001 0.36316399999999999 0.0011169999999999999 0.0035169999999999997 0.13861599999999999 0.055552000000000004 0.012274000000000002 0 0
9 linear 2 7 3.5360490000000002 7.2113120321213202 1 97 2.8374039999999998 0.134684 0.51274199999999992 0.010109999999999999 0.0021189999999999998 0.0026870000000000002 0.01044 0.051310000000000001 0.299792 1.8902650000000001 0.055821999999999997 0.00092500000000000004 0.45391800000000004 0.00079000000000000001 0.0042769999999999996 0.34198200000000006 0.074546999999999974 0.017295000000000005 0 1
9 linear 2 15 1.0758449999999999 4.9261882590526449 1 83 0.67524600000000001 0.079310000000000005 0.28874300000000003 0.0059129999999999999 0.0012620000000000001 0.0029889999999999999 0.011648 0.053059000000000002 0.089959999999999998 0 0.026252999999999999 0.00091 0.396814 0.0011720000000000001 0.0036330000000000004 0.19571200000000002 0.049946999999999978 0.0093019999999999995 0 2
9 linear 2 23 0.78518500000000002 4.1949786370001716 1 61 0.50175499999999995 0.038828000000000001 0.21917199999999998 0.0043629999999999997 0.00086499999999999999 0.00381 0.010481000000000001 0.052430999999999998 0.085430000000000006 0 0.025874000000000001 0.000852 0.24085200000000001 0.0012819999999999999 0.0031039999999999996 0.15540800000000005 0.031925000000000002 0.0063070000000000001 0 3
9 linear 3 0 0.61857399999999996 4.4646205997231379 1 61 0.44217499999999998 0.039878999999999998 0.11083699999999998 0.0044640000000000001 0.00093999999999999997 0.0027650000000000001 0.010779 0.194607 0.022596000000000002 0 0.027203999999999999 0.00089700000000000001 0.102087 0.001341 0.0031170000000000004 0.048637999999999994 0.030601000000000003 0.0063210000000000002 0 0
9 linear 3 7 0.52449599999999996 4.5644703446125243 1 61 0.20113800000000001 0.040196999999999997 0.25837100000000002 0.0040740000000000004 0.00080800000000000002 0.0026649999999999998 0.010383999999999999 0.055285000000000001 0.021904 0 0.026304000000000001 0.00082700000000000004 0.0034520000000000002 0.0012110000000000001 0.0032420000000000001 0.19617000000000009 0.030592000000000005 0.0062990000000000008 0 1
9 linear 3 15 0.50808399999999998 4.6884198291479304 1 61 0.20010700000000001 0.036705000000000002 0.24651900000000002 0.003954 0.00075900000000000002 0.0025309999999999998 0.0098670000000000008 0.058659999999999997 0.021437000000000001 0 0.025659000000000001 0.00080800000000000002 0.0035340000000000002 0.0011169999999999999 0.0031059999999999998 0.18382999999999997 0.031193999999999989 0.0063030000000000013 0 2
9 linear 3 23 0.51490100000000005 4.8246638616390953 1 61 0.20097999999999999 0.035517 0.25412100000000004 0.0036589999999999999 0.00077300000000000003 0.0023909999999999999 0.0093340000000000003 0.059422999999999997 0.021413999999999999 0 0.025035000000000002 0.00075000000000000002 0.0034889999999999999 0.00099099999999999991 0.0029920000000000003 0.19181999999999994 0.030900000000000007 0.0062980000000000015 0 3
9 linear 4 0 0.71465299999999998 3.7740538906127115 1 61 0.50080800000000003 0.040189000000000002 0.14868700000000004 0.0038450000000000003 0.0010009999999999999 0.0025829999999999998 0.010064999999999999 0.18995300000000001 0.063723000000000002 0 0.026460999999999998 0.00080800000000000002 0.12748700000000002 0.0012390000000000001 0.003189 0.082095000000000015 0.030859999999999999 0.0063290000000000013 0 0
9 linear 4 7 0.66335999999999995 3.6480260712740322 1 61 0.38851400000000003 0.038057000000000001 0.21231499999999995 0.0036810000000000002 0.00082799999999999996 0.0025690000000000001 0.010081 0.051244999999999999 0.084555000000000005 0 0.026187999999999999 0.00084599999999999996 0.12889700000000001 0.0011620000000000001 0.0034210000000000004 0.14883600000000002 0.029222000000000008 0.0063050000000000024 0 1
9 linear 4 15 0.50946899999999995 3.5244991628244522 1 61 0.24710699999999999 0.035798999999999997 0.20226999999999998 0.0037160000000000001 0.00076099999999999996 0.0025170000000000001 0.0096480000000000003 0.051029999999999999 0.073640999999999998 0 0.025183000000000001 0.00078399999999999997 0.0034229999999999998 0.0010920000000000001 0.0031080000000000001 0.13797799999999999 0.029894999999999998 0.006282000000000002 0 2
9 linear 4 23 0.61344200000000004 3.4178484173068382 1 61 0.35705900000000002 0.036616000000000003 0.19553400000000001 0.0036899999999999997 0.00072199999999999999 0.0024099999999999998 0.0092259999999999998 0.051040000000000002 0.065523999999999999 0 0.024912 0.00083199999999999995 0.125888 0.001077 0.0030029999999999996 0.13215299999999999 0.029530999999999991 0.0063030000000000022 0 3
9 uniform 0 0 1.203835 11890.830413551956 1 135 0.80675300000000005 0.017093000000000001 0.32785400000000015 0.0097369999999999991 0.0015509999999999999 0.0028340000000000001 0.01141 0.19126499999999999 0.034035000000000003 0 0.026801999999999999 0.00081499999999999997 0.43947999999999998 0.00071699999999999997 0.0037419999999999997 0.21692799999999998 0.086721000000000173 0 0 0
9 uniform 0 7 0.85281799999999996 11470.971551496921 1 135 0.35297499999999998 0.016313000000000001 0.43341200000000013 0.0087279999999999996 0.0012439999999999999 0.0028900000000000002 0.011142000000000001 0.051331000000000002 0.033813000000000003 0 0.026624999999999999 0.00084500000000000005 0.128718 0.00058500000000000002 0.0040400000000000002 0.32229700000000011 0.087001000000000217 0 0 1
9 uniform 0 15 0.880332 10963.909136534661 1 135 0.38758199999999998 0.015917000000000001 0.42731499999999989 0.0082810000000000002 0.0012139999999999998 0.0027000000000000001 0.010512000000000001 0.051123000000000002 0.033362999999999997 0 0.026443999999999999 0.00078299999999999995 0.16866599999999998 0.00065399999999999996 0.0037459999999999993 0.31726500000000007 0.085185000000000149 0 0 2
9 uniform 0 23 1.11459 10435.814843000742 1 135 0.60824800000000001 0.015921000000000001 0.44164099999999984 0.007901 0.0012490000000000001 0.0025100000000000001 0.01 0.050887000000000002 0.032222000000000001 0 0.026984999999999999 0.00074100000000000001 0.39254199999999995 0.00063900000000000003 0.0035919999999999997 0.32827500000000026 0.088408000000000278 0 0 3
9 uniform 1 0 0.76756999999999997 5.6250353441042273 1 67 0.51809899999999998 0.076781000000000002 0.14781700000000003 0.0040899999999999999 0.001036 0.0028019999999999998 0.010965000000000001 0.190192 0.066723000000000005 0 0.026172999999999998 0.00078700000000000005 0.13164400000000001 0.0011559999999999999 0.0033830000000000006 0.104181 0.03360299999999998 0 0 0
9 uniform 1 7 1.00153 7.2293454932639865 1 75 0.64352900000000002 0.074006000000000002 0.25714299999999995 0.0041610000000000006 0.001137 0.0027650000000000001 0.011068 0.051275000000000001 0.077588000000000004 0 0.026343999999999999 0.00084999999999999995 0.38217300000000004 0.0010820000000000001 0.0033089999999999999 0.20715999999999996 0.038723999999999981 0 0 1
9 uniform 1 15 1.050835 9.252457768699335 1 122 0.55279 0.072299000000000002 0.38319999999999999 0.0079249999999999998 0.001691 0.0025100000000000001 0.010319 0.051117000000000003 0.118364 0 0.028063999999999999 0.00090300000000000005 0.24948099999999998 0.00072599999999999997 0.0034099999999999998 0.29055099999999995 0.073104000000000044 0 0 2
9 uniform 1 23 0.93906000000000001 11.871637759935748 1 82 0.48459999999999998 0.072930999999999996 0.35016799999999998 0.0047210000000000004 0.0012820000000000002 0.0025720000000000001 0.010266000000000001 0.047093999999999997 0.078644000000000006 0 0.025106 0.00081800000000000004 0.23585999999999999 0.001077 0.0036790000000000008 0.26880300000000013 0.061506999999999944 0 0 3
9 uniform 2 0 1.0759879999999999 10.095441926136997 1 74 0.77472600000000003 0.078782000000000005 0.19353200000000001 0.0043509999999999998 0.0010460000000000001 0.0036719999999999999 0.0099729999999999992 0.19345399999999999 0.089744000000000004 0 0.025439 0.00090499999999999999 0.36062 0.001163 0.0037200000000000002 0.12762099999999998 0.053312999999999985 0 0 0
9 uniform 2 7 3.3605290000000001 7.7778641651675526 1 89 2.84694 0.13375100000000001 0.34264700000000003 0.0059069999999999999 0.0014580000000000001 0.0027330000000000002 0.011566999999999999 0.052673999999999999 0.30341099999999999 1.8948529999999999 0.051996000000000001 0.00087799999999999998 0.45344300000000004 0.00081499999999999997 0.0043540000000000002 0.25286900000000007 0.071572999999999984 0 0 1
9 uniform 2 15 0.97785500000000003 5.1332043274551786 1 67 0.67982399999999998 0.077715999999999993 0.196411 0.0036449999999999998 0.00098299999999999993 0.0042189999999999997 0.01189 0.053220999999999997 0.089943999999999996 0 0.026356000000000001 0.00093099999999999997 0.39805200000000002 0.0012310000000000001 0.0036649999999999999 0.15108599999999997 0.035289999999999995 0 0 2
9 uniform 2 23 0.70689999999999997 4.2205519523514639 1 45 0.50120399999999998 0.039648999999999997 0.14813999999999999 0.0024419999999999997 0.00075500000000000003 0.0028089999999999999 0.010703000000000001 0.051145999999999997 0.087526000000000007 0 0.025781999999999999 0.00084500000000000005 0.24057400000000001 0.001263 0.0031840000000000002 0.11929700000000001 0.022089000000000004 0 0 3
9 uniform 3 0 0.57638400000000001 4.4869225676356548 1 45 0.44817000000000001 0.041078000000000003 0.069372000000000003 0.002385 0.00069899999999999997 0.0047489999999999997 0.011107000000000001 0.195244 0.025122999999999999 0 0.027063 0.00081099999999999998 0.10217899999999999 0.0012689999999999999 0.0031839999999999998 0.041116 0.021462999999999989 0 0 0
9 uniform 3 7 0.43498500000000001 4.5894974419561123 1 45 0.20075399999999999 0.036872000000000002 0.17948999999999998 0.0023289999999999999 0.00066599999999999993 0.0026459999999999999 0.010277 0.055141999999999997 0.024058 0 0.026145000000000002 0.000883 0.0035730000000000002 0.001178 0.0031220000000000002 0.151645 0.021095999999999993 0 0 1
9 uniform 3 15 0.428811 4.717185710620293 1 45 0.204792 0.036621000000000001 0.16959099999999994 0.0024190000000000001 0.00065200000000000002 0.0025119999999999999 0.010037000000000001 0.05876 0.023564000000000002 0 0.026110000000000001 0.00080999999999999996 0.0036250000000000006 0.0011429999999999999 0.0031119999999999997 0.14026399999999997 0.022452 0 0 2
9 uniform 3 23 0.43032700000000002 4.8580353550966029 1 45 0.20542299999999999 0.035950999999999997 0.17132499999999995 0.0023119999999999998 0.00058799999999999998 0.0028089999999999999 0.010763 0.061586000000000002 0.022924 0 0.025309000000000002 0.00079100000000000004 0.0035149999999999999 0.0010510000000000001 0.0030270000000000002 0.143153 0.021378000000000005 0 0 3
9 uniform 4 0 0.64668300000000001 3.7857434659066622 1 45 0.50733099999999998 0.039803999999999999 0.081714999999999968 0.002366 0.00072700000000000011 0.0026819999999999999 0.010031999999999999 0.194082 0.065884999999999999 0 0.026265 0.00082299999999999995 0.12731200000000001 0.0011919999999999999 0.0032160000000000001 0.053217000000000014 0.021700999999999995 0 0 0
9 uniform 4 7 0.59042300000000003 3.6573081134283782 1 45 0.38883600000000001 0.037522 0.14628600000000005 0.002392 0.00071599999999999995 0.0026849999999999999 0.0098519999999999996 0.051255000000000002 0.087075 0 0.026006999999999999 0.00088099999999999995 0.12856700000000001 0.001238 0.0031530000000000004 0.119504 0.019927 0 0 1
9 uniform 4 15 0.42795800000000001 3.5318223147221803 1 45 0.246557 0.035867999999999997 0.12786900000000001 0.002349 0.00065700000000000003 0.0026779999999999998 0.0096259999999999991 0.051151000000000002 0.073885000000000006 0 0.024934999999999999 0.00085400000000000005 0.0034919999999999999 0.0011789999999999999 0.0030739999999999999 0.10049899999999996 0.020580999999999999 0 0 2
9 uniform 4 23 0.56154400000000004 3.4237569430903205 1 45 0.357292 0.045308000000000001 0.14046300000000003 0.0024020000000000001 0.00067500000000000004 0.0025509999999999999 0.0090919999999999994 0.051083000000000003 0.063600000000000004 0 0.024500999999999998 0.000892 0.12620200000000001 0.0012019999999999999 0.0033589999999999996 0.11131500000000001 0.021818999999999991 0 0 3
10 linear 0 0 1.075707 43.932612852351802 1 128 0.61901099999999998 0.0095569999999999995 0.40342499999999981 0.010416999999999999 0.001353 0.002954 0.01125 0.19154599999999999 0.102382 0 0.026415000000000001 0.00087299999999999997 0.18837799999999999 0.00114 0.0038389999999999995 0.17728200000000008 0.11253399999999988 0.021018999999999996 0 0
10 linear 0 7 0.94291599999999998 44.169534111914643 1 128 0.47806799999999999 0.0096659999999999992 0.40935900000000019 0.0092860000000000009 0.0011939999999999997 0.0030230000000000001 0.011129 0.051309 0.10177700000000001 0 0.026636 0.00087100000000000003 0.18765599999999999 0.0011919999999999999 0.003895 0.1884819999999999 0.11272499999999988 0.020934999999999999 0 1
10 linear 0 15 0.91885899999999998 44.430734757844085 1 136 0.43292900000000001 0.0092169999999999995 0.42988700000000013 0.0086310000000000015 0.0014529999999999999 0.0029380000000000001 0.009894 0.051119999999999999 0.100011 0 0.025878000000000002 0.00083699999999999996 0.15181 0.001073 0.0037809999999999992 0.19825800000000016 0.11894699999999993 0.021886999999999986 0 2
10 linear 0 23 0.91453799999999996 44.683323918195953 1 136 0.43304999999999999 0.009018 0.43078700000000009 0.0080780000000000001 0.001253 0.002611 0.0095580000000000005 0.051043999999999999 0.067743999999999999 0 0.025418 0.00072900000000000005 0.189861 0.001039 0.0034809999999999993 0.19903900000000002 0.11745899999999995 0.021878999999999989 0 3
10 linear 1 0 1.311105 13509.211334615109 1 199 0.59163600000000005 0.014434000000000001 0.56642000000000015 0.028261999999999999 0.00183 0.003078 0.011502 0.18446199999999999 0.022199 0 0.028035999999999998 0.00089899999999999995 0.23968099999999998 0.00057399999999999997 0.0035349999999999995 0.30787000000000003 0.1099560000000003 0.038756000000000006 0 0
10 linear 1 7 1.232936 12152.891311580668 1 199 0.38581100000000002 0.014199 0.75061800000000012 0.01866 0.001467 0.00314 0.011712 0.025669999999999998 0.022161 0 0.027896000000000001 0.00091399999999999999 0.19362900000000002 0.00051999999999999995 0.0033939999999999994 0.48809300000000017 0.10998900000000027 0.038682000000000022 0 1
10 linear 1 15 1.0347980000000001 10446.828153854129 1 144 0.43060999999999999 0.013887999999999999 0.53411199999999981 0.0096790000000000001 0.0015339999999999998 0.0029320000000000001 0.011188 0.025583000000000002 0.022117999999999999 0 0.027283999999999999 0.00095200000000000005 0.24204799999999999 0.000495 0.0032829999999999995 0.3479540000000001 0.074848000000000039 0.024992000000000014 0 2
10 linear 1 23 1.107602 8711.2306804381969 1 159 0.41443600000000003 0.013155 0.62312099999999992 0.010940999999999998 0.0021190000000000002 0.002823 0.010921 0.026620000000000001 0.022061000000000001 0 0.027514 0.00088999999999999995 0.225851 0.000513 0.0034489999999999989 0.40809000000000001 0.090685000000000113 0.031704000000000038 0 3
10 linear 2 0 0.52701900000000002 1.5080492840038666 1 61 0.34980299999999998 0.0098499999999999994 0.137128 0.0057459999999999994 0.0029919999999999999 0.0030999999999999999 0.012432 0.19276799999999999 0.024486999999999998 0 0.027417 0.00086300000000000005 0.0030119999999999999 0.0013439999999999999 0.0037229999999999997 0.060569000000000012 0.030700999999999989 0.0058559999999999992 0 0
10 linear 2 7 0.43169800000000003 1.5082535143633489 1 61 0.20155799999999999 0.0095379999999999996 0.19379600000000002 0.0038559999999999996 0.001003 0.003849 0.010696000000000001 0.047735 0.023673 0 0.027397000000000001 0.00085099999999999998 0.0032010000000000003 0.0012769999999999999 0.0037099999999999998 0.11744500000000002 0.030683999999999999 0.006575000000000001 0 1
10 linear 2 15 0.38486399999999998 1.5084887360567376 1 61 0.19644900000000001 0.008319 0.15588100000000005 0.00364 0.00078300000000000006 0.0026489999999999999 0.01001 0.050403000000000003 0.020789999999999999 0 0.026224999999999998 0.00078399999999999997 0.0031189999999999998 0.0011119999999999999 0.0031170000000000004 0.088394000000000014 0.026513000000000009 0.0054770000000000001 0 2
10 linear 2 23 0.39808700000000002 1.508725897557301 1 61 0.18824399999999999 0.0089809999999999994 0.17415099999999997 0.0040049999999999999 0.00078000000000000009 0.002637 0.0094299999999999991 0.044315 0.020820999999999999 0 0.025906999999999999 0.00079699999999999997 0.0034610000000000001 0.001016 0.0032449999999999996 0.100928 0.028180999999999991 0.0060640000000000017 0 3
10 linear 3 0 0.66456499999999996 8.5807700623788996 1 91 0.39154499999999998 0.069197999999999996 0.166993 0.0059579999999999998 0.0013510000000000002 0.0030119999999999999 0.011342 0.212895 0.023827999999999998 0 0.029506000000000001 0.00091500000000000001 0.0070060000000000001 0.00074299999999999995 0.0065489999999999993 0.071050999999999975 0.044550000000000006 0.0092449999999999997 0 0
10 linear 3 7 0.53837999999999997 8.7967055417650553 1 91 0.2145 0.064710000000000004 0.223359 0.0055520000000000005 0.0013190000000000001 0.0028279999999999998 0.01107 0.047052999999999998 0.021696 0 0.027302 0.00083900000000000001 0.0056609999999999994 0.00078600000000000002 0.0037850000000000002 0.12895000000000006 0.043882999999999998 0.0090280000000000013 0 1
10 linear 3 15 0.54162699999999997 9.0757328554623591 1 91 0.21576500000000001 0.060496000000000001 0.22878599999999999 0.0056600000000000001 0.001238 0.002774 0.010580000000000001 0.050361000000000003 0.021257999999999999 0 0.026558999999999999 0.000825 0.0055840000000000004 0.00070899999999999999 0.0035659999999999997 0.13140099999999999 0.045896999999999986 0.0093140000000000046 0 2
10 linear 3 23 0.58216199999999996 9.3988912935083846 1 107 0.21801400000000001 0.061254000000000003 0.26008000000000009 0.0066360000000000004 0.0013669999999999999 0.0029840000000000001 0.010824 0.047115999999999998 0.023656 0 0.029009 0.00091 0.0055790000000000006 0.00068099999999999996 0.0034580000000000001 0.15016099999999999 0.052579000000000008 0.011220000000000003 0 3
10 linear 4 0 0.57077299999999997 8.6914431237434311 1 91 0.35953299999999999 0.014633 0.16015500000000002 0.0053999999999999994 0.00132 0.0028530000000000001 0.010052999999999999 0.19425500000000001 0.024281 0 0.027546000000000001 0.00077800000000000005 0.005522 0.00071900000000000002 0.0039119999999999997 0.064539999999999972 0.043153999999999984 0.0093119999999999974 0 0
10 linear 4 7 0.49447200000000002 8.4950781016619956 1 91 0.20802499999999999 0.014631999999999999 0.23570900000000006 0.0052829999999999995 0.0013479999999999998 0.0026610000000000002 0.01055 0.047058000000000003 0.024376999999999999 0 0.026145999999999999 0.00080500000000000005 0.0054429999999999999 0.00057899999999999998 0.0038509999999999998 0.135601 0.044339000000000031 0.0092469999999999913 0 1
10 linear 4 15 0.48521399999999998 8.2930225590066851 1 91 0.20665500000000001 0.014703000000000001 0.22786700000000015 0.0053089999999999995 0.0012460000000000001 0.002467 0.010297000000000001 0.050917999999999998 0.021016 0 0.026473 0.000776 0.005391 0.00057200000000000003 0.0046680000000000003 0.13414699999999993 0.042285999999999956 0.0092379999999999997 0 2
10 linear 4 23 0.48424 8.1108955578870283 1 91 0.20293900000000001 0.013095000000000001 0.23044700000000001 0.005605999999999999 0.001199 0.0027390000000000001 0.010911000000000001 0.048160000000000001 0.020792999999999999 0 0.025798999999999999 0.00074600000000000003 0.0053329999999999992 0.00058200000000000005 0.0035260000000000001 0.13180400000000006 0.043040000000000016 0.0092849999999999981 0 3
10 uniform 0 0 0.99255499999999997 41.82455013832687 1 128 0.61219699999999999 0.0096089999999999995 0.32913199999999987 0.0089259999999999999 0.0014450000000000001 0.002653 0.010427000000000001 0.191607 0.099769999999999998 0 0.026780000000000002 0.00077300000000000003 0.18792900000000001 0.001152 0.0036960000000000001 0.19154100000000007 0.11469499999999992 0 0 0
10 uniform 0 7 0.845302 42.058234824374544 1 128 0.47202499999999997 0.0093659999999999993 0.3239800000000001 0.007803 0.001137 0.0025219999999999999 0.0098379999999999995 0.051078999999999999 0.10009999999999999 0 0.028938999999999999 0.000892 0.18830599999999997 0.0011429999999999999 0.0036110000000000001 0.18876900000000008 0.11277699999999996 0 0 1
10 uniform 0 15 0.79646399999999995 42.319406151585696 1 128 0.42960199999999998 0.0091459999999999996 0.31878099999999987 0.0073209999999999994 0.00107 0.002408 0.009025 0.050925999999999999 0.103268 0 0.025777999999999999 0.00073499999999999998 0.15182500000000002 0.0010790000000000001 0.0034150000000000001 0.1820470000000001 0.11365400000000002 0 0 2
10 uniform 0 23 0.80996900000000005 42.573985772848424 1 128 0.43934400000000001 0.0091819999999999992 0.32148799999999994 0.0078969999999999995 0.0010450000000000001 0.0023110000000000001 0.0092110000000000004 0.051130000000000002 0.067232 0 0.025672 0.00076099999999999996 0.19440499999999999 0.0010679999999999999 0.0036379999999999997 0.18572399999999997 0.11242599999999996 0 0 3
10 uniform 1 0 1.1871130000000001 13590.986787974407 1 199 0.61798399999999998 0.015195999999999999 0.46792800000000001 0.020424999999999999 0.0017070000000000002 0.0029510000000000001 0.01111 0.18451200000000001 0.023557999999999999 0 0.027660000000000001 0.00090700000000000004 0.26061600000000001 0.00052599999999999999 0.0036189999999999998 0.31450399999999995 0.11412800000000002 0 0 0
10 uniform 1 7 1.167689 12363.396058161597 1 199 0.41956399999999999 0.015626000000000001 0.64773299999999989 0.019303000000000001 0.0015239999999999997 0.0030479999999999999 0.012199 0.026686000000000001 0.025302000000000002 0 0.026894999999999999 0.00090700000000000004 0.21874700000000002 0.00051199999999999998 0.0035029999999999996 0.49840600000000007 0.11185500000000055 0 0 1
10 uniform 1 15 1.193389 10731.385880866532 1 200 0.43051400000000001 0.013741 0.65091900000000003 0.018217999999999998 0.0016649999999999998 0.0029150000000000001 0.011315 0.025182 0.022006000000000001 0 0.030956999999999998 0.00091799999999999998 0.23915600000000001 0.00044299999999999998 0.0033470000000000001 0.50097500000000028 0.1118249999999998 0 0 2
10 uniform 1 23 1.057817 8913.7279116407717 1 167 0.44269999999999998 0.015880999999999999 0.54040699999999964 0.010189999999999999 0.002104 0.0027820000000000002 0.01108 0.030165000000000001 0.027206999999999999 0 0.029551000000000001 0.001016 0.233206 0.00053799999999999996 0.0038800000000000002 0.41382399999999997 0.094837000000000102 0 0 3
10 uniform 2 0 0.42282399999999998 1.5080513433169036 1 45 0.34033400000000003 0.0088199999999999997 0.055514999999999988 0.0025190000000000004 0.00074899999999999999 0.0029199999999999999 0.010970000000000001 0.18962100000000001 0.021648000000000001 0 0.027490000000000001 0.00089599999999999999 0.0031059999999999998 0.001374 0.0032730000000000003 0.030565000000000002 0.018095000000000003 0 0 0
10 uniform 2 7 0.31422299999999997 1.5082555731931508 1 45 0.19550500000000001 0.0083619999999999996 0.092521999999999979 0.0022959999999999999 0.00061899999999999998 0.0027079999999999999 0.010404 0.046332999999999999 0.020990000000000002 0 0.027427 0.00085300000000000003 0.0031210000000000001 0.001258 0.003346 0.068087999999999996 0.017633000000000013 0 0 1
10 uniform 2 15 0.30734499999999998 1.5084907943621457 1 45 0.195905 0.0082410000000000001 0.085704000000000002 0.0022099999999999997 0.00058600000000000004 0.0026280000000000001 0.0099649999999999999 0.054232000000000002 0.020809000000000001 0 0.026314000000000001 0.00078700000000000005 0.003042 0.001065 0.0031689999999999999 0.06172699999999999 0.017190000000000004 0 0 2
10 uniform 2 23 0.30118600000000001 1.5087279553692443 1 45 0.182864 0.0081499999999999993 0.09294400000000004 0.0021439999999999996 0.00056099999999999998 0.0024229999999999998 0.0092599999999999991 0.044311000000000003 0.021093000000000001 0 0.026062999999999999 0.00075500000000000003 0.003019 0.00098900000000000008 0.0029860000000000004 0.069343000000000002 0.016826000000000001 0 0 3
10 uniform 3 0 0.58611500000000005 8.6009549250954223 1 75 0.37397399999999997 0.072385000000000005 0.109953 0.0039829999999999996 0.0011940000000000002 0.002784 0.010118 0.20943600000000001 0.023373999999999999 0 0.026398999999999999 0.00084199999999999998 0.0056849999999999991 0.00069800000000000005 0.003872 0.062355000000000015 0.035693000000000009 0 0 0
10 uniform 3 7 0.48430499999999999 8.8206193154441568 1 75 0.21882799999999999 0.065578999999999998 0.17006699999999986 0.0040409999999999995 0.0011850000000000001 0.0029889999999999999 0.011787000000000001 0.048432999999999997 0.024145 0 0.026993 0.00083500000000000002 0.0056760000000000005 0.00071299999999999998 0.004006 0.11966500000000002 0.037284999999999992 0 0 1
10 uniform 3 15 0.47125099999999998 9.1053175183939103 1 75 0.21778 0.061122000000000003 0.16238199999999994 0.0040610000000000004 0.001096 0.0026340000000000001 0.011329000000000001 0.051770999999999998 0.024573000000000001 0 0.026408000000000001 0.00085800000000000004 0.005424 0.000785 0.0038240000000000001 0.109723 0.036193999999999997 0 0 2
10 uniform 3 23 0.44866699999999998 9.4364601926092462 1 75 0.203206 0.062057000000000001 0.15512800000000007 0.0037169999999999998 0.001 0.0025110000000000002 0.011010000000000001 0.043707000000000003 0.021572999999999998 0 0.027206000000000001 0.00083000000000000001 0.0053290000000000004 0.00070200000000000004 0.0034399999999999999 0.10919999999999999 0.034662999999999972 0 0 3
10 uniform 4 0 0.490151 8.7102034772559076 1 75 0.346304 0.01342 0.097709000000000004 0.0036769999999999997 0.0010609999999999999 0.0026459999999999999 0.0095209999999999999 0.189244 0.021212000000000002 0 0.025857999999999999 0.00079600000000000005 0.0055490000000000001 0.00063699999999999998 0.0036249999999999998 0.052985999999999957 0.033499999999999988 0 0 0
10 uniform 4 7 0.40509200000000001 8.5110733691593197 1 75 0.20313700000000001 0.013367 0.15949800000000003 0.0038170000000000001 0.0010960000000000002 0.0025720000000000001 0.0095189999999999997 0.045746000000000002 0.020996999999999998 0 0.026783999999999999 0.00084000000000000003 0.0056630000000000005 0.000602 0.0036240000000000001 0.113644 0.034662999999999985 0 0 1
10 uniform 4 15 0.406698 8.3065315941377609 1 75 0.20496200000000001 0.013351 0.15974600000000003 0.0037800000000000004 0.0011279999999999999 0.0026809999999999998 0.0090679999999999997 0.050878 0.020927000000000001 0 0.026190999999999999 0.00085499999999999997 0.0054310000000000001 0.00055500000000000005 0.0035400000000000002 0.115924 0.032538999999999998 0 0 2
10 uniform 4 23 0.40116800000000002 8.1224426172034736 1 75 0.203651 0.013180000000000001 0.15607100000000004 0.0037810000000000005 0.00095200000000000016 0.002483 0.0087510000000000001 0.051912 0.021018999999999999 0 0.026178 0.00074200000000000004 0.0054129999999999994 0.00057700000000000004 0.0033880000000000004 0.11163400000000001 0.033171999999999979 0 0 3
11 linear 0 0 0.71895200000000004 1.5536623901866733 1 130 0.313469 0.017055000000000001 0.34605300000000011 0.0074080000000000014 0.0017819999999999999 0.0030999999999999999 0.010799 0.144095 0.021676000000000001 0 0.026435 0.00081700000000000002 0.0022669999999999999 0.00079900000000000001 0.0047090000000000005 0.10512499999999995 0.041169999999999998 0.016976999999999989 0 0
11 linear 0 7 0.56510899999999997 1.4209262077672637 1 139 0.180227 0.013524 0.33002500000000007 0.0078659999999999997 0.0017599999999999998 0.0030599999999999998 0.011021 0.014732 0.021699 0 0.026751 0.00087399999999999999 0.0022939999999999996 0.0011640000000000001 0.0044469999999999996 0.10245200000000006 0.040419999999999977 0.018051000000000008 0 1
11 linear 0 15 0.53159900000000004 1.319556978364085 1 131 0.17604 0.012714 0.30490000000000006 0.0067470000000000004 0.0018189999999999999 0.0029689999999999999 0.010992999999999999 0.015204000000000001 0.021144 0 0.026955 0.00089599999999999999 0.002052 0.001031 0.004019 0.10377999999999996 0.03690899999999997 0.015692999999999992 0 2
11 linear 0 23 0.49947999999999998 1.2482364050519399 1 116 0.17743500000000001 0.01294 0.27628800000000003 0.0056900000000000006 0.00116 0.0029429999999999999 0.010893 0.018315000000000001 0.021231 0 0.026037000000000001 0.00092900000000000003 0.002062 0.0011069999999999999 0.0038980000000000004 0.088374000000000064 0.031759999999999969 0.013866000000000002 0 3
11 linear 1 0 0.68669000000000002 1.9994908206572375 1 115 0.29380200000000001 0.011070999999999999 0.34861900000000012 0.0055730000000000007 0.001273 0.0029160000000000002 0.011167 0.140958 0.013213000000000001 0 0.027380999999999999 0.00093700000000000001 0.0021410000000000001 0.0014170000000000001 0.0039199999999999999 0.10937500000000003 0.040092999999999962 0.016563000000000001 0 0
11 linear 1 7 0.58787199999999995 1.7362739460861099 1 123 0.17158200000000001 0.010892000000000001 0.36986400000000008 0.0060499999999999998 0.0015529999999999999 0.0028219999999999999 0.010728 0.018095 0.02307 0 0.026158000000000001 0.00086399999999999997 0.0019610000000000001 0.00125 0.0038180000000000002 0.12090899999999999 0.044643000000000051 0.018825999999999985 0 1
11 linear 1 15 0.63185500000000006 1.4894701938389749 1 138 0.18903900000000001 0.016383999999999999 0.37480999999999987 0.0088360000000000001 0.001941 0.0026450000000000002 0.010591 0.019505000000000002 0.022973 0 0.027089999999999999 0.00082799999999999996 0.0023350000000000003 0.00076599999999999997 0.0043910000000000008 0.12001900000000001 0.045168999999999938 0.018130999999999994 0 2
11 linear 1 23 0.67455399999999999 1.3611663414681423 1 138 0.20901500000000001 0.017795999999999999 0.39839499999999989 0.0082480000000000001 0.0015250000000000001 0.0031289999999999998 0.012437 0.020591000000000002 0.023373000000000001 0 0.029360000000000001 0.00083299999999999997 0.002748 0.0009810000000000001 0.0051380000000000011 0.12411600000000006 0.049914000000000042 0.018886999999999991 0 3
11 linear 2 0 0.45406999999999997 1.0533502384273685 1 88 0.28720600000000002 0.008149 0.12956499999999993 0.0050289999999999996 0.0011039999999999999 0.003375 0.012873000000000001 0.13375999999999999 0.023422999999999999 0 0.027896000000000001 0.00087600000000000004 0.0011610000000000001 0.0013749999999999999 0.0033520000000000004 0.072693000000000008 0.024463999999999993 0.011202999999999996 0 0
11 linear 2 7 0.32674999999999998 1.0456109145264338 1 73 0.169956 0.010515999999999999 0.12171599999999996 0.0039410000000000001 0.00082000000000000009 0.0028609999999999998 0.012456 0.0072649999999999998 0.024663000000000001 0 0.027328999999999999 0.00098900000000000008 0.0018579999999999998 0.001224 0.0036149999999999997 0.074772000000000005 0.019972999999999994 0.0092359999999999977 0 1
11 linear 2 15 0.303228 1.0386128255421514 1 73 0.16270699999999999 0.0088760000000000002 0.10769799999999995 0.0038519999999999995 0.00084800000000000001 0.0027269999999999998 0.012798 0.0062870000000000001 0.022512999999999998 0 0.028611999999999999 0.00086399999999999997 0.0019499999999999999 0.001119 0.0033539999999999998 0.061992000000000005 0.019432999999999992 0.0090680000000000014 0 2
11 linear 2 23 0.29902299999999998 1.0329174253782381 1 66 0.15939700000000001 0.00911 0.10865200000000003 0.0033510000000000002 0.00071500000000000003 0.0027039999999999998 0.011204 0.0060039999999999998 0.021618999999999999 0 0.026658999999999999 0.00091799999999999998 0.0020969999999999999 0.0010579999999999999 0.0032810000000000001 0.067754999999999982 0.017348999999999993 0.0082560000000000012 0 3
11 linear 3 0 0.407559 1.1803083770198022 1 59 0.30078500000000002 0.0091719999999999996 0.076143999999999989 0.003588 0.00090200000000000002 0.0030010000000000002 0.011091999999999999 0.14316499999999999 0.022495000000000001 0 0.031112000000000001 0.00092500000000000004 0.0022499999999999998 0.001201 0.0033629999999999997 0.033322000000000004 0.017808999999999992 0.0094680000000000025 0 0
11 linear 3 7 0.28820499999999999 1.1979214780441467 1 59 0.17191100000000001 0.0096710000000000008 0.084583000000000019 0.0036249999999999998 0.00079699999999999997 0.0032100000000000002 0.011929 0.0057000000000000002 0.023574999999999999 0 0.029968999999999999 0.00093999999999999997 0.003032 0.0012930000000000001 0.0037090000000000001 0.038616000000000004 0.019113000000000008 0.0097340000000000013 0 1
11 linear 3 15 0.249108 1.2172342666386291 1 59 0.143181 0.0085939999999999992 0.076534000000000005 0.0032059999999999996 0.00080199999999999998 0.0027550000000000001 0.010775 0.0048139999999999997 0.010853 0 0.027146 0.000767 0.002215 0.001147 0.0032550000000000005 0.035515999999999992 0.017138999999999998 0.0088130000000000031 0 2
11 linear 3 23 0.27234700000000001 1.2343927783977169 1 59 0.15289900000000001 0.0095790000000000007 0.08822099999999998 0.0034429999999999999 0.00088400000000000002 0.0026589999999999999 0.010427000000000001 0.0047660000000000003 0.021576000000000001 0 0.027153 0.00080699999999999999 0.0021069999999999999 0.00107 0.0041099999999999999 0.044244000000000012 0.018512000000000004 0.009276000000000003 0 3
11 linear 4 0 0.55330299999999999 1.0254508924817567 1 67 0.40456199999999998 0.010453 0.112707 0.00464 0.00095600000000000004 0.0027720000000000002 0.011161000000000001 0.14746300000000001 0.025231 0 0.027855000000000001 0.00084999999999999995 0.103713 0.00071500000000000003 0.0032040000000000003 0.065528000000000003 0.022394000000000001 0.0082899999999999953 0 0
11 linear 4 7 0.41298899999999999 1.0223824149969545 1 67 0.26148199999999999 0.0088880000000000001 0.11668199999999992 0.0041809999999999998 0.00072799999999999991 0.0027750000000000001 0.011814 0.0072589999999999998 0.024937000000000001 0 0.027224999999999999 0.00089700000000000001 0.103687 0.00073300000000000004 0.0031060000000000007 0.066886000000000029 0.021778000000000006 0.01167 0 1
11 linear 4 15 0.47020899999999999 1.0194028222332487 1 67 0.32361499999999999 0.0087659999999999995 0.11333100000000003 0.0040590000000000001 0.000718 0.0027910000000000001 0.010704999999999999 0.006659 0.024358999999999999 0 0.029277999999999998 0.00088599999999999996 0.16649 0.00072599999999999997 0.0029739999999999996 0.067560000000000009 0.021356999999999998 0.0081799999999999946 0 2
11 linear 4 23 0.53877399999999998 1.0168868675657698 1 67 0.395536 0.0084060000000000003 0.11131699999999999 0.0037929999999999999 0.00068800000000000003 0.0025920000000000001 0.010784999999999999 0.0061939999999999999 0.024476999999999999 0 0.029537999999999998 0.00088099999999999995 0.24123699999999998 0.000638 0.0029350000000000001 0.063969999999999985 0.021323999999999992 0.0079290000000000003 0 3
11 uniform 0 0 0.53776599999999997 1.5755566156957705 1 130 0.31475700000000001 0.016296999999999999 0.16528599999999996 0.0065389999999999997 0.001707 0.0028279999999999998 0.011133000000000001 0.14416999999999999 0.021617999999999998 0 0.026696000000000001 0.00081300000000000003 0.0023910000000000003 0.00077999999999999999 0.0047729999999999995 0.10399699999999998 0.041162000000000025 0 0 0
11 uniform 0 7 0.39713300000000001 1.4339954116060876 1 139 0.17609900000000001 0.013194000000000001 0.16773000000000002 0.0069300000000000004 0.0016170000000000002 0.0030660000000000001 0.011622 0.014581999999999999 0.021628999999999999 0 0.026952 0.00090300000000000005 0.0021280000000000001 0.0011540000000000001 0.0041389999999999995 0.10210100000000001 0.040599000000000003 0 0 1
11 uniform 0 15 0.42268800000000001 1.3278542993564428 1 131 0.19024199999999999 0.014001 0.17828400000000005 0.0061670000000000006 0.0015140000000000002 0.0028119999999999998 0.010971 0.016133999999999999 0.023732 0 0.030324 0.00088599999999999996 0.0023039999999999996 0.0011559999999999999 0.0043609999999999994 0.11609800000000001 0.040934000000000019 0 0 2
11 uniform 0 23 0.372114 1.2539154564567287 1 116 0.183444 0.013134 0.14179599999999998 0.0054250000000000001 0.0011900000000000001 0.002679 0.011095000000000001 0.018939999999999999 0.024472000000000001 0 0.027372 0.00085700000000000001 0.0020040000000000001 0.00109 0.004072000000000001 0.09022800000000003 0.033857000000000019 0 0 3
11 uniform 1 0 0.49672899999999998 2.0383921457486531 1 107 0.29475099999999999 0.012229 0.15928299999999992 0.0041510000000000002 0.0010989999999999999 0.002944 0.011761000000000001 0.14563200000000001 0.011944 0 0.029256999999999998 0.00081300000000000003 0.002049 0.0013190000000000001 0.0039629999999999995 0.10419999999999999 0.037497999999999983 0 0 0
11 uniform 1 7 0.40796900000000003 1.7835204345626405 1 123 0.174151 0.012147 0.18685499999999991 0.0050619999999999997 0.0013630000000000001 0.0027950000000000002 0.012227999999999999 0.019847 0.023192999999999998 0 0.025930000000000002 0.00081099999999999998 0.001967 0.001204 0.0036970000000000002 0.120313 0.045792999999999924 0 0 1
11 uniform 1 15 0.42267300000000002 1.5067767881573784 1 130 0.1888 0.015959000000000001 0.17572200000000007 0.0058150000000000007 0.0014829999999999999 0.002699 0.012145 0.021153000000000002 0.022373000000000001 0 0.027255000000000001 0.00080599999999999997 0.0022320000000000005 0.00074799999999999997 0.0041400000000000005 0.11594399999999998 0.040074000000000005 0 0 2
11 uniform 1 23 0.41509699999999999 1.3713957918041715 1 122 0.18192900000000001 0.015751999999999999 0.17725599999999997 0.0059580000000000006 0.001392 0.0026570000000000001 0.010578000000000001 0.018908000000000001 0.023397999999999999 0 0.025645999999999999 0.00077200000000000001 0.0022389999999999997 0.00078299999999999995 0.0041339999999999997 0.11298900000000001 0.044313999999999992 0 0 3
11 uniform 2 0 0.41233900000000001 1.0541988453768174 1 72 0.28628700000000001 0.0069699999999999996 0.093897999999999995 0.0029250000000000005 0.00081799999999999993 0.003326 0.013046 0.134302 0.024278000000000001 0 0.027831999999999999 0.00087100000000000003 0.001057 0.001387 0.003127 0.063587999999999992 0.019500999999999998 0 0 0
11 uniform 2 7 0.28345999999999999 1.0462062092494453 1 57 0.165855 0.0091590000000000005 0.088819000000000009 0.0027640000000000004 0.00070500000000000001 0.0028649999999999999 0.011284000000000001 0.0072830000000000004 0.023910000000000001 0 0.027774 0.00088099999999999995 0.0019659999999999999 0.001183 0.003565 0.062918999999999989 0.016513000000000003 0 0 1
11 uniform 2 15 0.28121099999999999 1.039074193650996 1 57 0.17539399999999999 0.010203 0.078057000000000029 0.0023800000000000002 0.00057799999999999995 0.0031840000000000002 0.012899000000000001 0.0065979999999999997 0.023961 0 0.031455999999999998 0.00097099999999999997 0.0019269999999999999 0.0010950000000000001 0.0033629999999999997 0.053709000000000014 0.015457999999999996 0 0 2
11 uniform 2 23 0.26960899999999999 1.0332851680996242 1 50 0.16311899999999999 0.010333999999999999 0.080415000000000014 0.0020400000000000001 0.00054600000000000004 0.0027130000000000001 0.012581999999999999 0.0064349999999999997 0.024667999999999999 0 0.027262999999999999 0.00086799999999999996 0.0020820000000000001 0.001005 0.0033350000000000003 0.05961799999999999 0.012950000000000007 0 0 3
11 uniform 3 0 0.40259600000000001 1.1838446282591628 1 59 0.30808099999999999 0.0094330000000000004 0.063011999999999999 0.0034420000000000002 0.00093599999999999998 0.0030760000000000002 0.01226 0.14845900000000001 0.024889000000000001 0 0.027938000000000001 0.000834 0.002251 0.0012719999999999999 0.0037030000000000006 0.034810000000000001 0.018309999999999993 0 0 0
11 uniform 3 7 0.25723400000000002 1.2019501666164913 1 59 0.16087599999999999 0.0089870000000000002 0.066138999999999989 0.0030699999999999998 0.00083599999999999994 0.002934 0.011011 0.0054180000000000001 0.024267 0 0.028379000000000001 0.00083600000000000005 0.0027010000000000003 0.0013240000000000001 0.0035649999999999996 0.037663000000000002 0.018571999999999984 0 0 1
11 uniform 3 15 0.244564 1.2218317657989395 1 59 0.15009400000000001 0.0088140000000000007 0.064278000000000016 0.0031409999999999997 0.00078600000000000002 0.0028700000000000002 0.010888 0.0051139999999999996 0.011967 0 0.030297999999999999 0.00073099999999999999 0.0022179999999999999 0.001168 0.0035279999999999999 0.036746000000000008 0.017746000000000001 0 0 2
11 uniform 3 23 0.26862000000000003 1.2395220504896056 1 59 0.16621 0.0094590000000000004 0.071672999999999987 0.0030630000000000002 0.00085500000000000007 0.0028159999999999999 0.010969 0.005091 0.023900999999999999 0 0.027386000000000001 0.00073099999999999999 0.002382 0.001421 0.0036440000000000001 0.043266999999999986 0.018391999999999999 0 0 3
11 uniform 4 0 0.49681599999999998 1.0257050955722151 1 51 0.38899 0.0091599999999999997 0.081048999999999996 0.0025909999999999996 0.00069200000000000002 0.0027729999999999999 0.011004999999999999 0.13698199999999999 0.021742999999999998 0 0.026896 0.00092100000000000005 0.104043 0.00080500000000000005 0.0029920000000000003 0.056493999999999989 0.016928999999999993 0 0 0
11 uniform 4 7 0.36671700000000002 1.0225943397618256 1 51 0.25476300000000002 0.0087200000000000003 0.085457000000000019 0.0025949999999999997 0.00059000000000000003 0.0026280000000000001 0.010245000000000001 0.0069030000000000003 0.021121000000000001 0 0.027709000000000001 0.00088599999999999996 0.103562 0.00072099999999999996 0.0029520000000000006 0.061317000000000017 0.016468999999999994 0 0 1
11 uniform 4 15 0.43778 1.0195765722302093 1 51 0.33135799999999999 0.0085000000000000006 0.080486999999999989 0.0024450000000000001 0.00055699999999999999 0.0026870000000000002 0.010694 0.006607 0.021353 0 0.029160999999999999 0.0010809999999999999 0.17206600000000002 0.00065200000000000002 0.0029639999999999996 0.056502000000000004 0.016323999999999991 0 0 2
11 uniform 4 23 0.50021700000000002 1.0170303381396102 1 51 0.39552199999999998 0.008404 0.079173000000000007 0.0023809999999999999 0.00057600000000000001 0.0026900000000000001 0.010281 0.0065430000000000002 0.021371999999999999 0 0.028568 0.00093499999999999996 0.242699 0.00058500000000000002 0.0029559999999999994 0.054727999999999985 0.016773999999999997 0 0 3
12 linear 0 0 0.66306799999999999 218.56851414669268 1 74 0.453347 0.015039 0.16661400000000004 0.0048320000000000004 0.0013670000000000002 0.0031960000000000001 0.015016 0.18833800000000001 0.115249 0 0.030134000000000001 0.00095399999999999999 0.00084400000000000002 0.001261 0.0040010000000000002 0.091434999999999975 0.029333999999999992 0.010124999999999995 0 0
12 linear 0 7 0.67260399999999998 212.96041975094732 1 74 0.29652000000000001 0.014503 0.33492800000000011 0.004326 0.0011310000000000001 0.0029030000000000002 0.011915 0.050581000000000001 0.115788 0 0.026891000000000002 0.000803 0.00079000000000000001 0.00096299999999999999 0.003895 0.26253599999999994 0.028063999999999981 0.0098769999999999969 0 1
12 linear 0 15 0.64139100000000004 202.51214256068738 1 74 0.23545099999999999 0.014229 0.36333999999999989 0.0055009999999999998 0.00097199999999999999 0.0026329999999999999 0.011499000000000001 0.053429999999999998 0.054648000000000002 0 0.025899999999999999 0.00079799999999999999 0.00076399999999999992 0.0010250000000000001 0.0036979999999999999 0.285578 0.029123999999999966 0.010674999999999995 0 2
12 linear 0 23 0.57805499999999999 188.25134831717196 1 74 0.220884 0.012721 0.31899799999999995 0.0041070000000000004 0.00094400000000000007 0.0026940000000000002 0.0106 0.046047999999999999 0.052012999999999997 0 0.026449 0.000785 0.00083099999999999992 0.00097599999999999998 0.0033610000000000003 0.24693899999999988 0.027207999999999965 0.009503000000000001 0 3
12 linear 1 0 0.49306499999999998 59.851223967019017 1 67 0.32322800000000002 0.012657 0.13072499999999998 0.0037060000000000001 0.0011130000000000001 0.0029710000000000001 0.011634 0.16738400000000001 0.022203000000000001 0 0.026720000000000001 0.00085599999999999999 0.00080199999999999998 0.0010660000000000001 0.0033599999999999993 0.071939000000000003 0.021734999999999987 0.0070150000000000013 0 0
12 linear 1 7 0.510683 61.587044352349523 1 67 0.19559599999999999 0.012101000000000001 0.27973700000000012 0.0035460000000000001 0.001054 0.002758 0.010573000000000001 0.047569 0.021599 0 0.026703000000000001 0.00078299999999999995 0.00080499999999999994 0.00109 0.003189 0.22073200000000001 0.022295999999999986 0.0070160000000000005 0 1
12 linear 1 15 0.50669299999999995 62.62340051451897 1 67 0.19355600000000001 0.01175 0.27828800000000004 0.0034600000000000004 0.00092299999999999999 0.0025760000000000002 0.010128 0.046608999999999998 0.024011999999999999 0 0.026034999999999999 0.000727 0.00076800000000000002 0.00092900000000000003 0.0031580000000000002 0.21944099999999994 0.022132999999999996 0.0070060000000000018 0 2
12 linear 1 23 0.49638599999999999 62.79551993085564 1 67 0.18904799999999999 0.011826 0.27273399999999998 0.0032459999999999998 0.000892 0.0025669999999999998 0.0096480000000000003 0.044537 0.023428999999999998 0 0.025264999999999999 0.00082799999999999996 0.000776 0.00098200000000000002 0.0032510000000000004 0.21369500000000002 0.022494 0.0069920000000000017 0 3
12 linear 2 0 0.557315 227.19866067928982 1 91 0.37594100000000003 0.011454000000000001 0.13497399999999998 0.0070039999999999998 0.001477 0.0028869999999999998 0.010843999999999999 0.18693299999999999 0.054377000000000002 0 0.026037000000000001 0.000825 0.00080000000000000004 0.001258 0.0035429999999999997 0.055493000000000021 0.038061000000000005 0.010865000000000003 0 0
12 linear 2 7 0.68775900000000001 211.27699876414292 1 91 0.26738000000000001 0.015129999999999999 0.36623899999999998 0.0066559999999999996 0.001232 0.002872 0.010305999999999999 0.063367000000000007 0.070133000000000001 0 0.025638000000000001 0.00075799999999999999 0.0010699999999999998 0.00081800000000000004 0.0039300000000000003 0.28200899999999995 0.03882 0.011004999999999999 0 1
12 linear 2 15 0.64394399999999996 200.13683016879426 1 91 0.23973900000000001 0.014657 0.35197200000000001 0.0061079999999999997 0.0013130000000000001 0.0026229999999999999 0.010791 0.052509 0.05672 0 0.024767000000000001 0.000767 0.0010139999999999999 0.00081099999999999998 0.0034539999999999996 0.27522700000000005 0.036519000000000003 0.010357999999999994 0 2
12 linear 2 23 0.65880499999999997 191.56951624634269 1 91 0.26750499999999999 0.014564000000000001 0.34050600000000003 0.0057789999999999994 0.001173 0.0024459999999999998 0.010551 0.052600000000000001 0.085597000000000006 0 0.024209999999999999 0.00076499999999999995 0.0010409999999999998 0.00069099999999999999 0.0037269999999999998 0.26546399999999998 0.036061999999999997 0.010139 0 3
12 linear 3 0 0.52319099999999996 4.6473994275359969 1 53 0.34982999999999997 0.010383999999999999 0.13972099999999998 0.0033939999999999994 0.00080099999999999995 0.002771 0.010299000000000001 0.181447 0.035255000000000002 0 0.02911 0.00093099999999999997 0.00069000000000000008 0.0015770000000000001 0.003582000000000001 0.084140999999999994 0.018539999999999991 0.0052820000000000002 0 0
12 linear 3 7 0.41268199999999999 4.6476165199394543 1 53 0.20303299999999999 0.0087849999999999994 0.17977100000000001 0.0030889999999999997 0.00072099999999999996 0.0026489999999999999 0.0099729999999999992 0.056233999999999999 0.031481000000000002 0 0.025340999999999999 0.00087100000000000003 0.00059800000000000001 0.001268 0.0031550000000000003 0.12607400000000002 0.018378999999999996 0.0051110000000000018 0 1
12 linear 3 15 0.38819199999999998 4.6478646618736166 1 53 0.19051199999999999 0.0090539999999999995 0.16704000000000002 0.0032620000000000001 0.00068500000000000006 0.0023310000000000002 0.0093530000000000002 0.04546 0.030995000000000002 0 0.024794 0.00080400000000000003 0.00058600000000000004 0.0010059999999999999 0.003127 0.11359999999999998 0.01805699999999999 0.0051080000000000023 0 2
12 linear 3 23 0.41299400000000003 4.6481128425354337 1 53 0.201708 0.0087519999999999994 0.17791500000000007 0.0030230000000000001 0.00065499999999999998 0.0025999999999999999 0.010194999999999999 0.056057999999999997 0.031175999999999999 0 0.025863000000000001 0.00073499999999999998 0.00063299999999999999 0.00096100000000000005 0.0030459999999999997 0.12519799999999998 0.017575999999999994 0.0051170000000000018 0 3
12 linear 4 0 0.54613299999999998 243.24982315744285 1 91 0.327679 0.015561999999999999 0.167211 0.0055630000000000002 0.0012620000000000001 0.0027469999999999999 0.010434000000000001 0.166022 0.031548 0 0.025378999999999999 0.00083100000000000003 0.00099799999999999997 0.00067699999999999998 0.003405 0.09834200000000004 0.029534999999999988 0.010309 0 0
12 linear 4 7 0.64229199999999997 247.63972938979424 1 91 0.22509000000000001 0.016948000000000001 0.36333500000000013 0.0055840000000000004 0.0011329999999999999 0.002513 0.0096100000000000005 0.051894999999999997 0.033669999999999999 0 0.028021000000000001 0.00093099999999999997 0.0011050000000000001 0.00073800000000000005 0.0037820000000000002 0.28289299999999995 0.034435000000000007 0.011211000000000004 0 1
12 linear 4 15 0.58516199999999996 253.00827796524487 1 91 0.21809700000000001 0.016243 0.31469199999999992 0.005587 0.001013 0.002594 0.010631 0.056571999999999997 0.033808999999999999 0 0.024926 0.00082799999999999996 0.00097799999999999992 0.00068900000000000005 0.0037319999999999988 0.243344 0.031575000000000006 0.010585000000000001 0 2
12 linear 4 23 0.56050699999999998 258.80500692953149 1 91 0.216725 0.016341000000000001 0.29163600000000001 0.0054349999999999997 0.0012409999999999999 0.002454 0.010637000000000001 0.052907999999999997 0.034314999999999998 0 0.024254999999999999 0.000794 0.0009990000000000001 0.00066299999999999996 0.0037019999999999996 0.22255499999999995 0.029285999999999993 0.010497000000000001 0 3
12 uniform 0 0 0.57723199999999997 212.19120178697295 1 74 0.413107 0.013292 0.124485 0.0043200000000000009 0.001119 0.002552 0.0097190000000000002 0.183307 0.103603 0 0.02596 0.00080500000000000005 0.00076099999999999996 0.001199 0.0032949999999999998 0.085254000000000024 0.027396999999999977 0 0 0
12 uniform 0 7 0.61854900000000002 205.61372950952344 1 74 0.28812100000000002 0.012959 0.29206699999999997 0.0039649999999999998 0.00092800000000000001 0.0027629999999999998 0.010560999999999999 0.049685 0.112951 0 0.026653 0.00077300000000000003 0.00079200000000000006 0.001044 0.0033540000000000002 0.25296100000000005 0.027291999999999969 0 0 1
12 uniform 0 15 0.568712 195.15892470716443 1 74 0.22530800000000001 0.012718999999999999 0.3052939999999999 0.0036470000000000001 0.00093600000000000009 0.0023579999999999999 0.0097870000000000006 0.052063999999999999 0.051811000000000003 0 0.025971999999999999 0.00074899999999999999 0.00077799999999999994 0.00092299999999999999 0.0032359999999999997 0.26652800000000004 0.026878999999999969 0 0 2
12 uniform 0 23 0.54796 181.94994740076632 1 74 0.216943 0.012409999999999999 0.292798 0.003673 0.00099599999999999992 0.0022039999999999998 0.0093729999999999994 0.045856000000000001 0.053218000000000001 0 0.025314 0.00073200000000000001 0.00081599999999999999 0.00091799999999999998 0.0031910000000000003 0.25262400000000007 0.028296999999999965 0 0 3
12 uniform 1 0 0.466723 60.379724749363753 1 67 0.327851 0.012648 0.10332800000000003 0.0033280000000000002 0.0011720000000000001 0.0029350000000000001 0.011457999999999999 0.16775000000000001 0.024808 0 0.02937 0.00081800000000000004 0.00079799999999999999 0.001158 0.0033680000000000003 0.071510999999999977 0.021715999999999992 0 0 0
12 uniform 1 7 0.50831800000000005 61.438391926250048 1 67 0.203099 0.012784 0.26772399999999991 0.0032680000000000001 0.00090700000000000004 0.0028389999999999999 0.010673999999999999 0.047232999999999997 0.023442000000000001 0 0.029278999999999999 0.00079600000000000005 0.00081900000000000007 0.0010300000000000001 0.0032529999999999994 0.23308800000000005 0.023629999999999998 0 0 1
12 uniform 1 15 0.49743799999999999 61.774917797890559 1 67 0.201547 0.013134 0.2555710000000001 0.0035019999999999999 0.00093599999999999998 0.0026719999999999999 0.011553000000000001 0.047735 0.025121999999999998 0 0.026117999999999999 0.00076800000000000002 0.00075699999999999997 0.00093800000000000003 0.0035409999999999999 0.2223170000000001 0.022812999999999996 0 0 2
12 uniform 1 23 0.48278599999999999 61.386618348092874 1 67 0.19550200000000001 0.012253 0.25184100000000004 0.0031410000000000001 0.00086299999999999994 0.002643 0.01078 0.045839999999999999 0.024986000000000001 0 0.025198000000000002 0.00076999999999999996 0.00077599999999999989 0.00092199999999999997 0.0034529999999999999 0.21843100000000004 0.023144999999999992 0 0 3
12 uniform 2 0 0.52892499999999998 233.11803606600958 1 91 0.38644099999999998 0.011375 0.10137100000000004 0.0054969999999999993 0.001214 0.0029030000000000002 0.01129 0.19846 0.056323999999999999 0 0.025777000000000001 0.00085300000000000003 0.00077300000000000003 0.001147 0.0034199999999999994 0.052285000000000026 0.035516000000000006 0 0 0
12 uniform 2 7 0.602603 214.63142151856144 1 91 0.25617299999999998 0.013771 0.29587100000000005 0.0058539999999999998 0.0011560000000000001 0.0025950000000000001 0.010172 0.061187999999999999 0.062390000000000001 0 0.025231 0.000794 0.0010679999999999999 0.00080199999999999998 0.0035280000000000003 0.24729900000000005 0.034890999999999998 0 0 1
12 uniform 2 15 0.54476999999999998 202.4497824707509 1 83 0.23222200000000001 0.013561999999999999 0.26643799999999995 0.0047590000000000002 0.0011670000000000001 0.0024859999999999999 0.0097310000000000001 0.051221999999999997 0.052819999999999999 0 0.024856 0.00080999999999999996 0.001005 0.00077300000000000003 0.0033939999999999999 0.22275799999999998 0.031194999999999987 0 0 2
12 uniform 2 23 0.51320900000000003 193.32783298935476 1 67 0.26531100000000002 0.013474 0.20865000000000006 0.0035299999999999997 0.000941 0.002428 0.0095440000000000004 0.051285999999999998 0.083294000000000007 0 0.024849 0.00074700000000000005 0.001039 0.00076199999999999998 0.0035400000000000002 0.173739 0.024616999999999983 0 0 3
12 uniform 3 0 0.435033 4.6474123541868799 1 37 0.32647900000000002 0.0096799999999999994 0.084337000000000023 0.001879 0.00062999999999999992 0.0026800000000000001 0.010267 0.17171800000000001 0.033283 0 0.026408999999999998 0.000754 0.00059000000000000003 0.0012930000000000001 0.0032190000000000001 0.066305000000000003 0.012461999999999999 0 0 0
12 uniform 3 7 0.325436 4.6476294466329913 1 37 0.20339299999999999 0.0088020000000000008 0.098747000000000015 0.0019649999999999997 0.00049799999999999996 0.0024979999999999998 0.0099120000000000007 0.056126000000000002 0.032476999999999999 0 0.025103 0.00079299999999999998 0.00060099999999999997 0.001101 0.0031859999999999996 0.080461000000000032 0.01272 0 0 1
12 uniform 3 15 0.31048399999999998 4.6478775886178738 1 37 0.18962799999999999 0.0089339999999999992 0.093801000000000023 0.0019270000000000001 0.00051800000000000001 0.0023470000000000001 0.0092820000000000003 0.045123000000000003 0.032822999999999998 0 0.024874 0.00074799999999999997 0.00060599999999999998 0.001011 0.0030019999999999999 0.074824999999999989 0.013240000000000002 0 0 2
12 uniform 3 23 0.33636300000000002 4.6481257693224389 1 37 0.20491999999999999 0.0088170000000000002 0.10785499999999999 0.0018710000000000001 0.000484 0.0024459999999999998 0.0099869999999999994 0.057272999999999998 0.033894000000000001 0 0.025028999999999999 0.00076000000000000004 0.00061300000000000005 0.00089099999999999997 0.0032810000000000001 0.089072000000000012 0.012575999999999997 0 0 3
12 uniform 4 0 0.478269 243.9179726589833 1 59 0.33602300000000002 0.015960999999999999 0.10271000000000002 0.0032290000000000001 0.00095699999999999995 0.0025560000000000001 0.011110999999999999 0.16708500000000001 0.034842999999999999 0 0.025271999999999999 0.00085400000000000005 0.00099299999999999996 0.00066399999999999999 0.0039690000000000003 0.073911000000000004 0.018926000000000009 0 0 0
12 uniform 4 7 0.448347 248.37630537593822 1 59 0.22398799999999999 0.016004000000000001 0.18544599999999992 0.0030589999999999997 0.0008699999999999999 0.0027209999999999999 0.010706 0.057914 0.034422000000000001 0 0.026078 0.00084699999999999999 0.00095699999999999995 0.00069300000000000004 0.0037799999999999995 0.15561499999999995 0.020701000000000004 0 0 1
12 uniform 4 15 0.43597900000000001 253.83658510232993 1 59 0.21918199999999999 0.016308 0.17823500000000003 0.0029020000000000001 0.000776 0.002415 0.0097050000000000001 0.057199 0.034521999999999997 0 0.025915000000000001 0.00079500000000000003 0.0010020000000000001 0.000638 0.0037090000000000005 0.15059299999999995 0.018820000000000007 0 0 2
12 uniform 4 23 0.418182 259.74321605979503 1 59 0.208339 0.015277000000000001 0.17267299999999997 0.0028870000000000002 0.00070100000000000002 0.0022399999999999998 0.0090679999999999997 0.051527000000000003 0.030824000000000001 0 0.024249 0.00078200000000000003 0.00098799999999999995 0.00059599999999999996 0.0033909999999999995 0.14605000000000001 0.017745000000000004 0 0 3
13 linear 0 0 0.79975200000000002 1.5745948602140172 1 110 0.46492699999999998 0.013901999999999999 0.28120499999999993 0.0075459999999999998 0.0013959999999999999 0.0031220000000000002 0.011131 0.19200900000000001 0.021464 0 0.026699000000000001 0.00083299999999999997 0.111156 0.001312 0.0047239999999999999 0.089351000000000028 0.043899999999999988 0.011095000000000001 0 0
13 linear 0 7 0.63405100000000003 1.554367858951976 1 110 0.32455499999999998 0.012529 0.25910900000000009 0.0067080000000000004 0.0011429999999999999 0.0030100000000000001 0.010954 0.022075999999999998 0.021403999999999999 0 0.027064999999999999 0.00082200000000000003 0.14076899999999998 0.001204 0.0044670000000000005 0.086520000000000055 0.039477999999999978 0.012093999999999999 0 1
13 linear 0 15 0.60009299999999999 1.5322109758243059 1 109 0.29172300000000001 0.013882 0.25741300000000006 0.0061960000000000001 0.001224 0.0030170000000000002 0.011070999999999999 0.021499999999999998 0.020865999999999999 0 0.026993 0.00085499999999999997 0.106992 0.0011329999999999999 0.0045730000000000007 0.091861999999999985 0.036423999999999977 0.011073999999999997 0 2
13 linear 0 23 0.49103999999999998 1.5109759194838248 1 109 0.188328 0.013435000000000001 0.25212599999999996 0.0062229999999999994 0.001407 0.0028059999999999999 0.01225 0.022692 0.024773 0 0.025721000000000001 0.00081899999999999996 0.0042100000000000002 0.0011180000000000001 0.0042630000000000003 0.090665999999999997 0.035921999999999975 0.010545000000000001 0 3
13 linear 1 0 0.69784999999999997 15.845324283225951 1 81 0.42363699999999999 0.010340999999999999 0.23760500000000001 0.0044020000000000005 0.0012780000000000001 0.0030850000000000001 0.011608 0.197217 0.088586999999999999 0 0.027172999999999999 0.00085499999999999997 0.0018630000000000001 0.0010349999999999999 0.00346 0.096257000000000023 0.033029000000000017 0.014904000000000008 0 0
13 linear 1 7 0.429558 16.235398709604077 1 81 0.16093099999999999 0.009887 0.23366899999999996 0.0040150000000000003 0.0010400000000000001 0.0030430000000000001 0.01256 0.0056759999999999996 0.022450000000000001 0 0.028167999999999999 0.000812 0.001866 0.00095299999999999996 0.0030769999999999999 0.09698800000000006 0.032259999999999983 0.014409 0 1
13 linear 1 15 0.42876599999999998 16.441816518038362 1 81 0.165021 0.0096570000000000007 0.22922200000000004 0.0039840000000000006 0.00097600000000000009 0.0028340000000000001 0.011096999999999999 0.013579000000000001 0.022112 0 0.028125000000000001 0.00078899999999999999 0.001704 0.00090799999999999995 0.0031129999999999994 0.094170000000000045 0.031094999999999984 0.014385999999999998 0 2
13 linear 1 23 0.424313 16.397157620900845 1 81 0.15709400000000001 0.0096530000000000001 0.23194899999999993 0.0043019999999999994 0.0011440000000000001 0.0027820000000000002 0.010442999999999999 0.0061760000000000001 0.021645999999999999 0 0.027764 0.00079799999999999999 0.0017650000000000001 0.00093099999999999997 0.0032940000000000001 0.094482999999999998 0.032523999999999997 0.014413999999999998 0 3
13 linear 2 0 0.51437999999999995 1.7314321333948217 1 81 0.33821800000000002 0.0094310000000000001 0.13871599999999998 0.0052779999999999997 0.00098299999999999993 0.0029819999999999998 0.011604 0.181591 0.022013999999999999 0 0.027740000000000001 0.000883 0.0026509999999999997 0.00109 0.0035410000000000003 0.081345000000000015 0.027140999999999981 0.010213000000000003 0 0
13 linear 2 7 0.36962299999999998 1.7067934990845568 1 88 0.16939499999999999 0.006979 0.16468999999999995 0.0049629999999999995 0.001016 0.0029329999999999998 0.011594 0.022842999999999999 0.023380999999999999 0 0.028615000000000002 0.00082100000000000001 0.0010659999999999999 0.0014450000000000001 0.003297 0.098697999999999966 0.02861700000000001 0.011577999999999998 0 1
13 linear 2 15 0.427232 1.678663201875408 1 88 0.169985 0.0068640000000000003 0.22228700000000007 0.0046759999999999996 0.00096100000000000005 0.0028470000000000001 0.011709000000000001 0.022093999999999999 0.023244000000000001 0 0.027643999999999998 0.00092199999999999997 0.0012110000000000001 0.001606 0.0033660000000000001 0.097688999999999984 0.027934000000000004 0.011740999999999993 0 2
13 linear 2 23 0.42095300000000002 1.651286680540115 1 81 0.166744 0.0066400000000000001 0.22168399999999996 0.0041869999999999997 0.00096699999999999998 0.0027829999999999999 0.011221999999999999 0.021506999999999998 0.023199000000000001 0 0.028500999999999999 0.00092000000000000003 0.0011169999999999999 0.001343 0.0030559999999999997 0.10106900000000002 0.023241999999999995 0.010136000000000004 0 3
13 linear 3 0 0.52085400000000004 5.8608219573458618 1 59 0.39671899999999999 0.0092650000000000007 0.092469000000000051 0.003862 0.0006739999999999999 0.0029989999999999999 0.011495999999999999 0.195132 0.065448999999999993 0 0.027231999999999999 0.00089099999999999997 0.0020539999999999998 0.00132 0.0035129999999999996 0.044137999999999997 0.020553999999999985 0.010689999999999998 0 0
13 linear 3 7 0.30852400000000002 5.9319765980467505 1 60 0.169627 0.0087749999999999998 0.10576999999999998 0.0040699999999999998 0.00068999999999999997 0.0029129999999999998 0.011138 0.019880999999999999 0.023133000000000001 0 0.026203000000000001 0.00087799999999999998 0.0018709999999999998 0.0011670000000000001 0.0033280000000000002 0.056442000000000013 0.021397999999999983 0.010820000000000001 0 1
13 linear 3 15 0.32811499999999999 5.9604329622698842 1 67 0.168513 0.0089449999999999998 0.12430499999999996 0.004777 0.00087299999999999997 0.0027550000000000001 0.010681 0.018245000000000001 0.022956000000000001 0 0.026348 0.000883 0.0019859999999999999 0.0012440000000000001 0.0034259999999999994 0.070063999999999987 0.024000999999999984 0.011632000000000005 0 2
13 linear 3 23 0.28097499999999997 5.9297827788608357 1 51 0.17313100000000001 0.0087709999999999993 0.080534999999999982 0.0029429999999999999 0.00060700000000000001 0.0028410000000000002 0.010702 0.020874 0.023196000000000001 0 0.026287999999999999 0.00075699999999999997 0.001916 0.0011919999999999999 0.0032030000000000001 0.04449100000000001 0.015063 0.007839000000000004 0 3
13 linear 4 0 0.61548199999999997 5.1012092928870461 1 111 0.35213899999999998 0.012768 0.21833300000000014 0.0061769999999999985 0.001446 0.0030409999999999999 0.011051 0.189277 0.023654999999999999 0 0.027883999999999999 0.00095799999999999998 0.002173 0.00097799999999999992 0.0036489999999999999 0.10757799999999994 0.036035000000000011 0.015515999999999997 0 0
13 linear 4 7 0.44128800000000001 4.7771466079457632 1 95 0.18133099999999999 0.012005999999999999 0.22056199999999995 0.0050219999999999996 0.001165 0.0028189999999999999 0.010721 0.021867999999999999 0.023692000000000001 0 0.027342999999999999 0.00090700000000000004 0.0020759999999999997 0.00096500000000000004 0.003608000000000001 0.11729700000000004 0.034863000000000026 0.013514999999999999 0 1
13 linear 4 15 0.44290099999999999 4.4534072492229422 1 111 0.18296999999999999 0.012071 0.21503699999999998 0.0060820000000000006 0.001328 0.0029199999999999999 0.010902 0.022155999999999999 0.024153000000000001 0 0.027833 0.00089700000000000001 0.0020959999999999998 0.00082700000000000004 0.0034960000000000004 0.11481799999999998 0.034692000000000001 0.014416999999999989 0 2
13 linear 4 23 0.40234500000000001 4.1710707404557548 1 104 0.17937700000000001 0.0093939999999999996 0.18290400000000001 0.0056879999999999995 0.0013600000000000001 0.0027899999999999999 0.010288 0.029321 0.021651 0 0.027942000000000002 0.00096599999999999995 0.0017980000000000001 0.0011280000000000001 0.0033889999999999997 0.10280599999999999 0.027107999999999993 0.012715000000000002 0 3
13 uniform 0 0 0.63508500000000001 1.5751706630826425 1 94 0.45852199999999999 0.012808 0.13284899999999997 0.0044309999999999992 0.0014319999999999999 0.0030240000000000002 0.011457999999999999 0.192356 0.021527999999999999 0 0.026537999999999999 0.00079199999999999995 0.108878 0.001116 0.0043899999999999998 0.082174999999999984 0.036857999999999995 0 0 0
13 uniform 0 7 0.49513800000000002 1.5549817873015985 1 94 0.32458799999999999 0.012285000000000001 0.12763600000000005 0.004496 0.0011100000000000001 0.0028310000000000002 0.010656000000000001 0.021846000000000001 0.021052999999999999 0 0.026474000000000001 0.000803 0.14442599999999997 0.001209 0.0041579999999999994 0.078555999999999959 0.035362000000000005 0 0 1
13 uniform 0 15 0.45826499999999998 1.5329397661054167 1 101 0.28013700000000002 0.012387 0.13419700000000004 0.0043459999999999992 0.0011459999999999999 0.002594 0.010651000000000001 0.021330999999999999 0.020767000000000001 0 0.026980000000000001 0.000843 0.102918 0.00114 0.0042120000000000005 0.083190999999999959 0.036243999999999978 0 0 2
13 uniform 0 23 0.35459800000000002 1.5119431164195618 1 101 0.17690600000000001 0.012156999999999999 0.13518199999999994 0.0040010000000000002 0.0012160000000000001 0.00265 0.010813 0.021063999999999999 0.020931999999999999 0 0.025857999999999999 0.00078100000000000001 0.0040569999999999998 0.0010319999999999999 0.0039539999999999992 0.08668099999999998 0.033868000000000002 0 0 3
13 uniform 1 0 0.58204299999999998 15.247921507054421 1 81 0.40736800000000001 0.010007 0.140015 0.0034970000000000001 0.0011090000000000002 0.0028709999999999999 0.010911000000000001 0.192661 0.083783999999999997 0 0.027115 0.00088900000000000003 0.001745 0.00093499999999999996 0.0033340000000000002 0.093498999999999985 0.03224399999999996 0 0 0
13 uniform 1 7 0.33932299999999999 15.515980965132723 1 81 0.157724 0.0099010000000000001 0.14651699999999995 0.0040109999999999998 0.0010579999999999999 0.002771 0.010628 0.0058089999999999999 0.022277999999999999 0 0.028133999999999999 0.000794 0.0018260000000000001 0.00082200000000000003 0.0031879999999999999 0.099807000000000007 0.032681999999999989 0 0 1
13 uniform 1 15 0.33905000000000002 15.656018663991066 1 81 0.165798 0.0096699999999999998 0.13890800000000003 0.003679 0.00091900000000000011 0.0028170000000000001 0.011289 0.013639999999999999 0.02223 0 0.028729000000000001 0.00083600000000000005 0.001751 0.00087699999999999996 0.0030920000000000001 0.093597999999999987 0.031313999999999974 0 0 2
13 uniform 1 23 0.33089600000000002 15.625745106184466 1 81 0.152944 0.0094090000000000007 0.14380600000000002 0.0034589999999999998 0.00094699999999999993 0.0027490000000000001 0.010449999999999999 0.0060210000000000003 0.021253000000000001 0 0.027851999999999998 0.00073899999999999997 0.001738 0.000825 0.0030830000000000002 0.096316999999999958 0.032910999999999989 0 0 3
13 uniform 2 0 0.48307499999999998 1.7314408546263997 1 65 0.34270200000000001 0.010677000000000001 0.10871700000000002 0.003241 0.00082700000000000004 0.0028500000000000001 0.012654 0.17929500000000001 0.024809000000000001 0 0.027789000000000001 0.00089800000000000004 0.002777 0.001075 0.0034880000000000002 0.075492999999999991 0.023068999999999999 0 0 0
13 uniform 2 7 0.333814 1.7069863399658158 1 72 0.17504600000000001 0.0072020000000000001 0.12987799999999999 0.0033039999999999996 0.00085700000000000001 0.0028999999999999998 0.012664 0.023948000000000001 0.024074000000000002 0 0.028511000000000002 0.00088199999999999997 0.0011099999999999999 0.0014109999999999999 0.0033869999999999998 0.093281000000000003 0.025399999999999995 0 0 1
13 uniform 2 15 0.32982600000000001 1.6782949146337369 1 72 0.17489399999999999 0.0068129999999999996 0.12688399999999997 0.0028180000000000002 0.00081599999999999999 0.0029390000000000002 0.013167 0.023387000000000002 0.025677999999999999 0 0.027734999999999999 0.00082799999999999996 0.001119 0.0013940000000000001 0.0032450000000000001 0.09034200000000002 0.025052000000000008 0 0 2
13 uniform 2 23 0.32533899999999999 1.6503416404466449 1 65 0.17446300000000001 0.007234 0.12444300000000003 0.0025579999999999999 0.00068499999999999995 0.0027750000000000001 0.012241999999999999 0.023299 0.025000999999999999 0 0.027924999999999998 0.00098999999999999999 0.0011769999999999999 0.0014469999999999999 0.0031659999999999995 0.095082 0.019462000000000004 0 0 3
13 uniform 3 0 0.50444 5.8943038310976004 1 67 0.388741 0.0091850000000000005 0.081138999999999989 0.0045149999999999999 0.00089400000000000005 0.0028289999999999999 0.011446 0.19492399999999999 0.063768000000000005 0 0.027505000000000002 0.00085300000000000003 0.0019039999999999999 0.001263 0.0035550000000000004 0.047444 0.022052999999999975 0 0 0
13 uniform 3 7 0.26228899999999999 5.966904945345493 1 44 0.17147599999999999 0.0086379999999999998 0.063944000000000001 0.0028139999999999997 0.00061600000000000001 0.002823 0.011093 0.020060999999999999 0.021766000000000001 0 0.026516999999999999 0.00091699999999999995 0.0019610000000000001 0.0013699999999999999 0.0034869999999999996 0.04261800000000001 0.013958999999999999 0 0 1
13 uniform 3 15 0.27992899999999998 5.9958293272295426 1 59 0.166767 0.0087460000000000003 0.08358500000000002 0.0033310000000000002 0.00085300000000000003 0.0027409999999999999 0.010669 0.018259000000000001 0.021288999999999999 0 0.026950999999999999 0.00085800000000000004 0.0018570000000000001 0.001305 0.0034300000000000003 0.056047 0.017909999999999992 0 0 2
13 uniform 3 23 0.25986100000000001 5.9646792686408947 1 51 0.165157 0.0086890000000000005 0.067403000000000005 0.0028019999999999998 0.00069800000000000005 0.0026450000000000002 0.010113 0.020951999999999998 0.021176 0 0.025832000000000001 0.00078399999999999997 0.0018220000000000001 0.001127 0.0031930000000000001 0.043965000000000004 0.014984000000000001 0 0 3
13 uniform 4 0 0.55921100000000001 5.1217652186265514 1 111 0.35039100000000001 0.012481000000000001 0.16426299999999994 0.0057210000000000004 0.001505 0.002928 0.010952 0.189165 0.021968000000000001 0 0.02819 0.00093400000000000004 0.0019619999999999998 0.00090899999999999998 0.003673 0.10719500000000004 0.039769999999999923 0 0 0
13 uniform 4 7 0.40880100000000003 4.7935844843092124 1 111 0.184674 0.011775000000000001 0.18124600000000002 0.0053100000000000005 0.0012000000000000001 0.0029859999999999999 0.011036000000000001 0.021760999999999999 0.02147 0 0.027876000000000001 0.00087500000000000002 0.002248 0.00097400000000000004 0.0038050000000000002 0.12846299999999994 0.035530999999999965 0 0 1
13 uniform 4 15 0.38962000000000002 4.4665098179278662 1 111 0.17996100000000001 0.011915 0.165909 0.0053159999999999995 0.001248 0.002715 0.010711999999999999 0.022032 0.021009 0 0.027795 0.00091200000000000005 0.0021879999999999998 0.00090700000000000004 0.0036440000000000005 0.11435499999999996 0.034648999999999999 0 0 2
13 uniform 4 23 0.363396 4.181622547671294 1 104 0.183281 0.0093369999999999998 0.14135200000000006 0.004895 0.0014399999999999999 0.002712 0.013013 0.029328 0.023581999999999999 0 0.027511000000000001 0.00090700000000000004 0.001884 0.001127 0.0034320000000000006 0.098731000000000083 0.027075999999999979 0 0 3
14 linear 0 0 0.51815800000000001 157.18455211041817 1 66 0.38305800000000001 0.012714 0.09988099999999997 0.0039420000000000002 0.0010219999999999999 0.002993 0.011086 0.119704 0.022974000000000001 0 0.027126000000000001 0.000803 0.106348 0.001137 0.0034429999999999999 0.057973999999999977 0.019311999999999999 0.0078400000000000015 0 0
14 linear 0 7 0.60542799999999997 150.00920362955503 1 66 0.34437600000000002 0.012595 0.22605600000000001 0.0038249999999999998 0.00084200000000000008 0.0028310000000000002 0.010831 0.017524000000000001 0.022971999999999999 0 0.026617999999999999 0.000825 0.16703300000000001 0.0010970000000000001 0.0035480000000000004 0.184421 0.018708999999999996 0.0078500000000000011 0 1
14 linear 0 15 0.56361799999999995 139.84515009244825 1 66 0.295819 0.011891000000000001 0.23359599999999997 0.0037030000000000001 0.00091600000000000015 0.0026779999999999998 0.010272999999999999 0.019886999999999998 0.022176999999999999 0 0.026970999999999998 0.00081800000000000004 0.12545700000000001 0.0011640000000000001 0.003339 0.18933599999999998 0.018897999999999995 0.010328000000000006 0 2
14 linear 0 23 0.50693200000000005 127.83168547226578 1 66 0.266569 0.012127000000000001 0.20635799999999999 0.00346 0.00090399999999999996 0.0024780000000000002 0.009757 0.014350999999999999 0.022415999999999998 0 0.025897 0.000736 0.106804 0.0010070000000000001 0.0032480000000000005 0.16458100000000003 0.019456000000000005 0.0078759999999999993 0 3
14 linear 1 0 0.56096599999999996 263.6904127673821 1 59 0.43569000000000002 0.012492 0.092980999999999966 0.0029989999999999999 0.000941 0.0026210000000000001 0.010541 0.158994 0.023321000000000001 0 0.025998 0.00073399999999999995 0.124692 0.000977 0.0032680000000000001 0.056021000000000015 0.016368000000000001 0.0070060000000000035 0 0
14 linear 1 7 0.65414700000000003 234.32435086521389 1 59 0.41488000000000003 0.012172000000000001 0.20680799999999999 0.0032169999999999998 0.00095000000000000011 0.0025860000000000002 0.0097610000000000006 0.035654999999999999 0.023806000000000001 0 0.026137000000000001 0.00077200000000000001 0.22911700000000007 0.00097499999999999996 0.0033589999999999996 0.16977200000000001 0.016555 0.0070380000000000026 0 1
14 linear 1 15 0.66189799999999999 198.59870528936378 1 59 0.42214699999999999 0.011924000000000001 0.20816200000000001 0.0029170000000000003 0.00074299999999999995 0.0027109999999999999 0.010441000000000001 0.036051 0.024039999999999999 0 0.026197000000000002 0.00077099999999999998 0.233546 0.00095500000000000001 0.0032170000000000002 0.17167900000000003 0.016205999999999998 0.0069870000000000019 0 2
14 linear 1 23 0.55456000000000005 161.2397220918761 1 59 0.30754599999999999 0.012050999999999999 0.21521800000000002 0.0029520000000000006 0.00073300000000000004 0.0024729999999999999 0.010078 0.035698000000000001 0.021073999999999999 0 0.025944999999999999 0.00072099999999999996 0.12748500000000004 0.00085499999999999997 0.0031580000000000002 0.17519399999999996 0.019658999999999996 0.0069820000000000012 0 3
14 linear 2 0 0.45234400000000002 55.942013369984011 1 91 0.26641100000000001 0.014512000000000001 0.13448599999999999 0.0065079999999999999 0.0011400000000000002 0.0027320000000000001 0.011185 0.108968 0.020774999999999998 0 0.026079999999999999 0.00080999999999999996 0.00099799999999999997 0.00084599999999999996 0.00347 0.066037000000000012 0.029671999999999976 0.010333 0 0
14 linear 2 7 0.522864 57.931745651245812 1 91 0.17100399999999999 0.013753 0.29907000000000011 0.0058769999999999994 0.001057 0.0025950000000000001 0.010359999999999999 0.019332999999999999 0.020729999999999998 0 0.025961000000000001 0.000892 0.000977 0.00065399999999999996 0.0035559999999999997 0.23112100000000008 0.028910999999999971 0.010326000000000005 0 1
14 linear 2 15 0.53485499999999997 60.685178482122865 1 91 0.15627099999999999 0.014080000000000001 0.32860099999999992 0.0057439999999999991 0.0010950000000000001 0.0023149999999999998 0.0097879999999999998 0.0065620000000000001 0.020937000000000001 0 0.025975999999999999 0.000825 0.0010150000000000001 0.00072300000000000001 0.0034689999999999999 0.25960499999999997 0.03038999999999998 0.010326 0 2
14 linear 2 23 0.546682 64.327449324639133 1 91 0.16894600000000001 0.014265 0.32714100000000002 0.005816 0.0010960000000000002 0.0024550000000000002 0.0099330000000000009 0.015802 0.020847000000000001 0 0.026189 0.000825 0.00098499999999999998 0.00064899999999999995 0.0035269999999999998 0.25381199999999993 0.034612999999999963 0.010373999999999998 0 3
14 linear 3 0 0.467997 26.141401119264039 1 99 0.28602 0.013771 0.129966 0.0060380000000000008 0.001299 0.0029060000000000002 0.011146 0.125751 0.021694999999999999 0 0.026424 0.00083900000000000001 0.0010279999999999998 0.00065700000000000003 0.003578 0.06165300000000002 0.034285999999999969 0.011757999999999998 0 0
14 linear 3 7 0.57474099999999995 26.276001080065704 1 99 0.17701800000000001 0.013198 0.34565699999999988 0.0058219999999999991 0.0012699999999999999 0.0026150000000000001 0.010014 0.023293000000000001 0.021158 0 0.026211999999999999 0.00090700000000000004 0.0010609999999999999 0.00072599999999999997 0.0035179999999999999 0.27680900000000003 0.033481000000000011 0.011963000000000001 0 1
14 linear 3 15 0.56898800000000005 26.432801621279673 1 99 0.18412999999999999 0.014919999999999999 0.32894800000000007 0.0067239999999999991 0.001305 0.0025100000000000001 0.011164 0.022627999999999999 0.024170000000000001 0 0.026155999999999999 0.00080000000000000004 0.00098899999999999986 0.00069999999999999999 0.0038839999999999994 0.25926899999999997 0.034554000000000001 0.012177000000000004 0 2
14 linear 3 23 0.58404100000000003 26.592910887639459 1 99 0.18271299999999999 0.014427000000000001 0.34726800000000002 0.006134999999999999 0.0011440000000000001 0.0026120000000000002 0.010517 0.022367999999999999 0.024034 0 0.025977 0.00078100000000000001 0.001057 0.00064599999999999998 0.0038310000000000002 0.276729 0.035292000000000011 0.012112999999999992 0 3
14 linear 4 0 0.61171299999999995 65.33333687719157 1 45 0.51144999999999996 0.009077 0.070227999999999999 0.0026280000000000001 0.00061899999999999998 0.0028579999999999999 0.010754 0.160332 0.022164 0 0.025328 0.00083000000000000001 0.205787 0.0013810000000000001 0.0032460000000000002 0.041975999999999999 0.012584000000000003 0.0053480000000000021 0 0
14 linear 4 7 0.61111199999999999 66.171225195283895 1 45 0.42119800000000002 0.0089269999999999992 0.16316700000000003 0.0024109999999999999 0.00057700000000000004 0.002467 0.0099690000000000004 0.035999999999999997 0.021776 0 0.025621999999999999 0.00082100000000000001 0.24638400000000002 0.001134 0.0031090000000000002 0.13515399999999997 0.012395000000000005 0.0053340000000000002 0 1
14 linear 4 15 0.55079699999999998 67.14307866387189 1 45 0.37340400000000001 0.0088719999999999997 0.14929999999999999 0.003189 0.000571 0.0023440000000000002 0.0097400000000000004 0.035762000000000002 0.021260000000000001 0 0.025173999999999998 0.00077399999999999995 0.19902299999999998 0.0011360000000000001 0.0031399999999999996 0.12164799999999998 0.011943000000000002 0.0053549999999999995 0 2
14 linear 4 23 0.60041 68.129774815601237 1 45 0.42282500000000001 0.0086339999999999993 0.15054200000000001 0.0028250000000000003 0.00056399999999999994 0.002836 0.010441000000000001 0.035798000000000003 0.020846 0 0.024965999999999999 0.00083699999999999996 0.24996400000000002 0.0010579999999999999 0.0030649999999999996 0.12275700000000001 0.011919000000000001 0.0053790000000000027 0 3
14 uniform 0 0 0.500475 151.87316682451629 1 66 0.38044899999999998 0.012597000000000001 0.08549000000000001 0.0034490000000000002 0.001003 0.0026310000000000001 0.010404999999999999 0.11898599999999999 0.027335999999999999 0 0.025801999999999999 0.00079699999999999997 0.105922 0.00107 0.0033309999999999998 0.056485 0.019134999999999996 0 0 0
14 uniform 0 7 0.57643100000000003 145.03734020541546 1 66 0.33092899999999997 0.012122000000000001 0.21178300000000003 0.0031809999999999998 0.00083300000000000008 0.0024269999999999999 0.010034 0.017462999999999999 0.021108999999999999 0 0.026186999999999998 0.00080699999999999999 0.16650899999999999 0.00097999999999999997 0.0032669999999999999 0.1833459999999999 0.018630000000000008 0 0 1
14 uniform 0 15 0.54549700000000001 135.79812415425988 1 66 0.29458099999999998 0.011743999999999999 0.21787899999999993 0.0029310000000000004 0.00080500000000000005 0.0024780000000000002 0.0096319999999999999 0.019616000000000001 0.025930999999999999 0 0.026200999999999999 0.00071500000000000003 0.12518200000000002 0.00093400000000000004 0.003163 0.18871600000000005 0.018927000000000013 0 0 2
14 uniform 0 23 0.49498199999999998 125.17038808249985 1 66 0.264596 0.012007 0.19690699999999989 0.003117 0.00085500000000000007 0.0023440000000000002 0.0094230000000000008 0.014286 0.022161 0 0.025478000000000001 0.00073300000000000004 0.106654 0.00091100000000000003 0.0033009999999999997 0.16730599999999995 0.019522000000000019 0 0 3
14 uniform 1 0 0.544265 263.5343085833581 1 59 0.43130600000000002 0.012262 0.081332000000000015 0.0027060000000000001 0.00087600000000000004 0.002601 0.010501 0.15920699999999999 0.022929999999999999 0 0.026539 0.00072800000000000002 0.121055 0.00097999999999999997 0.0032819999999999998 0.056237000000000002 0.016237000000000005 0 0 0
14 uniform 1 7 0.64158800000000005 237.83019050326556 1 59 0.41172199999999998 0.015344 0.194933 0.0025960000000000002 0.00075900000000000002 0.0026679999999999998 0.0095720000000000006 0.035786999999999999 0.022536 0 0.026284999999999999 0.00073399999999999995 0.229321 0.00098400000000000007 0.0031900000000000001 0.169685 0.016389999999999998 0 0 1
14 uniform 1 15 0.64122400000000002 205.99935457796951 1 59 0.41405900000000001 0.011892 0.19598099999999999 0.0025709999999999995 0.00070100000000000013 0.0024550000000000002 0.0097169999999999999 0.03585 0.022471000000000001 0 0.025862 0.00070399999999999998 0.23362000000000002 0.00084599999999999996 0.0032490000000000002 0.17096899999999995 0.016224000000000006 0 0 2
14 uniform 1 23 0.54175099999999998 171.64643826932027 1 59 0.31045299999999998 0.011982 0.20030099999999998 0.0025079999999999994 0.00068599999999999998 0.0024889999999999999 0.0093449999999999991 0.035633999999999999 0.023628 0 0.025156000000000001 0.00070299999999999996 0.12741000000000002 0.00079100000000000004 0.0031220000000000002 0.17518400000000001 0.016253000000000004 0 0 3
14 uniform 2 0 0.39477499999999999 56.2654395302254 1 67 0.26682299999999998 0.014730999999999999 0.086876000000000009 0.0038520000000000004 0.00097599999999999987 0.0025409999999999999 0.010763999999999999 0.109071 0.020974 0 0.026154 0.00078899999999999999 0.0010449999999999999 0.00070299999999999996 0.0034970000000000001 0.054083999999999986 0.022713000000000004 0 0 0
14 uniform 2 7 0.400725 58.337309019099621 1 67 0.176256 0.013749000000000001 0.18499499999999997 0.0034169999999999995 0.00099299999999999996 0.002784 0.010864 0.019337 0.02051 0 0.025895000000000001 0.00089300000000000002 0.0045429999999999993 0.00066600000000000003 0.0035720000000000005 0.15279700000000002 0.022092999999999998 0 0 1
14 uniform 2 15 0.47267399999999998 61.238283394715715 1 83 0.15559500000000001 0.014038999999999999 0.27070900000000003 0.0048349999999999999 0.001021 0.0026459999999999999 0.0096989999999999993 0.0067299999999999999 0.020688000000000002 0 0.025687000000000001 0.00078799999999999996 0.00098499999999999998 0.00062799999999999998 0.0034099999999999994 0.22930900000000001 0.028491999999999976 0 0 2
14 uniform 2 23 0.51294399999999996 65.167799742816527 1 91 0.16266600000000001 0.013887999999999999 0.30086899999999994 0.0056340000000000001 0.0010249999999999999 0.002349 0.0094879999999999999 0.015716999999999998 0.020708000000000001 0 0.025625999999999999 0.00080699999999999999 0.0010119999999999999 0.000696 0.0033760000000000001 0.25615500000000008 0.030659999999999982 0 0 3
14 uniform 3 0 0.40535599999999999 26.212054712252154 1 67 0.2878 0.013865000000000001 0.07769899999999999 0.0036150000000000002 0.00094700000000000003 0.002784 0.011037999999999999 0.126056 0.021492000000000001 0 0.026971999999999999 0.00092900000000000003 0.0010580000000000001 0.00076900000000000004 0.0035989999999999993 0.044771000000000005 0.022889999999999997 0 0 0
14 uniform 3 7 0.43746000000000002 26.347978899394874 1 67 0.17666100000000001 0.013417 0.221912 0.0035010000000000002 0.0008969999999999999 0.0025899999999999999 0.0098320000000000005 0.022914 0.020757000000000001 0 0.02656 0.00087000000000000001 0.0010560000000000001 0.00067400000000000001 0.00346 0.18753300000000001 0.024269999999999993 0 0 1
14 uniform 3 15 0.41852699999999998 26.506357039800498 1 67 0.17052999999999999 0.013317000000000001 0.20950400000000002 0.003284 0.00083800000000000009 0.0023500000000000001 0.0092259999999999998 0.020931000000000002 0.020608999999999999 0 0.025616 0.00079799999999999999 0.00094899999999999997 0.00063000000000000003 0.0034300000000000003 0.17716100000000004 0.022336999999999989 0 0 2
14 uniform 3 23 0.410856 26.668117744060556 1 67 0.16869700000000001 0.013266 0.20407799999999995 0.0032690000000000002 0.00078399999999999997 0.0023749999999999999 0.0088830000000000003 0.020854000000000001 0.020424000000000001 0 0.025586000000000001 0.00087799999999999998 0.0010220000000000001 0.00061799999999999995 0.0033799999999999998 0.17091799999999996 0.02308099999999998 0 0 3
14 uniform 4 0 0.60716800000000004 65.372954760291506 1 37 0.51414499999999996 0.0091339999999999998 0.069395999999999999 0.001761 0.00056500000000000007 0.0027339999999999999 0.010834 0.161991 0.022266999999999999 0 0.025267000000000001 0.00086300000000000005 0.20591899999999999 0.0013600000000000001 0.0032429999999999998 0.053140000000000007 0.010696000000000004 0 0 0
14 uniform 4 7 0.57036299999999995 66.212423783177755 1 37 0.42763499999999999 0.010347 0.11722399999999998 0.0019979999999999998 0.00051200000000000009 0.0025209999999999998 0.010283 0.035797000000000002 0.021722999999999999 0 0.025382999999999999 0.000794 0.25041200000000002 0.001189 0.0034609999999999997 0.100703 0.010728999999999995 0 0 1
14 uniform 4 15 0.51229599999999997 67.186149897668002 1 37 0.379695 0.0088769999999999995 0.10905100000000001 0.001843 0.00047399999999999997 0.0024480000000000001 0.011605000000000001 0.037241000000000003 0.024837000000000001 0 0.025683999999999998 0.00077099999999999998 0.19663600000000001 0.001047 0.0034060000000000002 0.093486 0.0098489999999999984 0 0 2
14 uniform 4 23 0.54389699999999996 68.174740579925839 1 29 0.43239899999999998 0.0088059999999999996 0.091087999999999961 0.001457 0.00039300000000000001 0.0024750000000000002 0.0099209999999999993 0.037381999999999999 0.023987999999999999 0 0.026574 0.00075500000000000003 0.25309700000000002 0.00096400000000000001 0.0032890000000000003 0.079131000000000021 0.0074039999999999965 0 0 3
15 linear 0 0 0.58843500000000004 1.0842465224172495 1 66 0.43749399999999999 0.025895000000000001 0.10212499999999997 0.004235 0.0007490000000000001 0.0030959999999999998 0.011976000000000001 0.19878599999999999 0.11613800000000001 0 0.028053999999999999 0.00089700000000000001 0.0021570000000000001 0.0021129999999999999 0.0028960000000000006 0.049414999999999987 0.024953999999999973 0.007844000000000002 0 0
15 linear 0 7 0.33938099999999999 1.0862656557063031 1 66 0.16223499999999999 0.024028000000000001 0.13069000000000003 0.0039199999999999999 0.00062699999999999995 0.0029759999999999999 0.010833000000000001 0.02128 0.022124999999999999 0 0.027002000000000002 0.00083000000000000001 0.0021210000000000001 0.001946 0.0028339999999999997 0.079063000000000008 0.023942999999999978 0.0077690000000000007 0 1
15 linear 0 15 0.32910800000000001 1.0876066762115426 1 59 0.162749 0.023806999999999998 0.12207800000000003 0.0034130000000000002 0.00067299999999999999 0.0028800000000000002 0.010536999999999999 0.021302000000000001 0.022224000000000001 0 0.027805 0.00083799999999999999 0.002055 0.001818 0.0030859999999999998 0.076258000000000006 0.020654999999999986 0.0069550000000000011 0 2
15 linear 0 23 0.32972200000000002 1.0879447854773947 1 59 0.16908000000000001 0.022429999999999999 0.118408 0.0029919999999999999 0.00058700000000000007 0.0027169999999999998 0.010129000000000001 0.021632999999999999 0.023517 0 0.026977000000000001 0.00088000000000000003 0.010083999999999999 0.001751 0.0029949999999999998 0.074647000000000019 0.020668000000000002 0.0067910000000000028 0 3
15 linear 1 0 0.605078 1.0848743601041742 1 67 0.46476000000000001 0.022148000000000001 0.095722999999999989 0.0035910000000000004 0.00072300000000000001 0.002666 0.0099010000000000001 0.201742 0.14809800000000001 0 0.027244999999999998 0.00079799999999999999 0.0022529999999999998 0.0019989999999999999 0.0028939999999999999 0.045014000000000005 0.025480000000000003 0.0077400000000000012 0 0
15 linear 1 7 0.32847700000000002 1.084242571075041 1 67 0.15462100000000001 0.022089999999999999 0.12895699999999996 0.0036959999999999996 0.00073200000000000001 0.0024989999999999999 0.0093550000000000005 0.02179 0.021566999999999999 0 0.026816 0.00070600000000000003 0.0023170000000000005 0.0014729999999999999 0.0028310000000000002 0.078077000000000008 0.025307 0.0077360000000000007 0 1
15 linear 1 15 0.334561 1.0825509615635174 1 67 0.160389 0.022789 0.12884700000000002 0.0034759999999999995 0.00071299999999999998 0.002647 0.0095409999999999991 0.020376999999999999 0.022384999999999999 0 0.027557000000000002 0.00078299999999999995 0.0021450000000000002 0.0016930000000000001 0.0030780000000000004 0.078362000000000001 0.025007999999999999 0.0077430000000000034 0 2
15 linear 1 23 0.335729 1.079798287658615 1 66 0.15944 0.021984 0.13246299999999994 0.0031450000000000002 0.00066500000000000001 0.002454 0.0092479999999999993 0.021677999999999999 0.023852000000000002 0 0.027444 0.00075299999999999998 0.0020460000000000001 0.001732 0.0029929999999999996 0.081769999999999968 0.025855000000000017 0.007622000000000002 0 3
15 linear 2 0 0.95502699999999996 1.0474651619586395 1 59 0.76842200000000005 0.056881000000000001 0.10670100000000005 0.0038580000000000003 0.00066700000000000006 0.0026419999999999998 0.010045999999999999 0.19802500000000001 0.109444 0 0.027394000000000002 0.00087000000000000001 0.33830900000000003 0.0012409999999999999 0.0033929999999999993 0.049665000000000001 0.030398999999999989 0.0084309999999999993 0 0
15 linear 2 7 0.61794800000000005 1.0463896837619946 1 59 0.40099000000000001 0.054297999999999999 0.1369490000000001 0.0036939999999999998 0.00057799999999999995 0.00266 0.010747 0.022362 0.023800999999999999 0 0.027819 0.000883 0.23017599999999999 0.0013389999999999999 0.003284 0.080075999999999981 0.030396999999999976 0.0084430000000000009 0 1
15 linear 2 15 0.55913400000000002 1.0446144583854682 1 59 0.35991699999999999 0.040312000000000001 0.13713500000000001 0.0033800000000000002 0.00055999999999999995 0.0027560000000000002 0.009972 0.021378999999999999 0.023383000000000001 0 0.028365000000000001 0.00088599999999999996 0.19362499999999999 0.001173 0.003238 0.081734999999999988 0.028923999999999978 0.0084450000000000029 0 2
15 linear 2 23 0.512077 1.0426986162131224 1 67 0.29763499999999998 0.043157000000000001 0.14558599999999999 0.0044159999999999998 0.00078499999999999989 0.0026389999999999999 0.0097579999999999993 0.021162 0.023068000000000002 0 0.027401999999999999 0.00088099999999999995 0.13384000000000001 0.0010660000000000001 0.0031709999999999998 0.085083000000000006 0.031381999999999959 0.0093920000000000028 0 3
15 linear 3 0 0.70373600000000003 1.0349613589615063 1 60 0.55730900000000005 0.042109000000000001 0.08174900000000003 0.0035479999999999999 0.00085300000000000003 0.0027200000000000002 0.010492 0.197542 0.098890000000000006 0 0.028094999999999998 0.00084699999999999999 0.13550699999999999 0.0012869999999999999 0.0031960000000000009 0.036341000000000005 0.022078999999999998 0.0068719999999999996 0 0
15 linear 3 7 0.342839 1.0364245787939632 1 60 0.170602 0.035861999999999998 0.113717 0.0034840000000000001 0.00078100000000000001 0.0026700000000000001 0.0098829999999999994 0.020781000000000001 0.023584999999999998 0 0.030265 0.00080699999999999999 0.0039170000000000003 0.001122 0.0031980000000000003 0.068052999999999989 0.022202999999999997 0.0069070000000000008 0 1
15 linear 3 15 0.38855099999999998 1.0383118102568794 1 60 0.20541699999999999 0.039218999999999997 0.12192399999999999 0.0032269999999999998 0.00070100000000000002 0.0025799999999999998 0.0093340000000000003 0.021142999999999999 0.021419000000000001 0 0.027016999999999999 0.00081499999999999997 0.046221999999999999 0.0011360000000000001 0.0030410000000000003 0.075740000000000002 0.022828999999999995 0.006883000000000002 0 2
15 linear 3 23 0.47806399999999999 1.040474110425583 1 67 0.287352 0.039035 0.12847900000000001 0.0040130000000000001 0.00095300000000000007 0.00249 0.0093880000000000005 0.02104 0.021148 0 0.027376000000000001 0.00074100000000000001 0.128937 0.0011299999999999999 0.0030949999999999997 0.077629999999999977 0.024910999999999985 0.007714000000000003 0 3
15 linear 4 0 0.57360900000000004 1.0360604594556933 1 59 0.44329600000000002 0.025906999999999999 0.084249000000000018 0.0030249999999999999 0.00072300000000000001 0.0028549999999999999 0.010281999999999999 0.19786699999999999 0.116717 0 0.027893999999999999 0.00077099999999999998 0.0038190000000000003 0.0011000000000000001 0.0032830000000000003 0.03925099999999998 0.021809999999999979 0.0067740000000000005 0 0
15 linear 4 7 0.43712499999999999 1.0343583437570871 1 59 0.27545399999999998 0.025108999999999999 0.11634999999999998 0.0029680000000000002 0.00077200000000000001 0.0026809999999999998 0.0097169999999999999 0.020961 0.02155 0 0.027306 0.00077499999999999997 0.11301899999999999 0.001147 0.0031899999999999997 0.071149000000000004 0.021829000000000001 0.0067630000000000016 0 1
15 linear 4 15 0.30707899999999999 1.0326727664775626 1 59 0.16323199999999999 0.0083870000000000004 0.11601900000000001 0.0027670000000000004 0.00056899999999999995 0.0025569999999999998 0.0093170000000000006 0.020833999999999998 0.021347000000000001 0 0.026915999999999999 0.00072199999999999999 0.0034979999999999998 0.00106 0.0031919999999999995 0.070918999999999968 0.021711999999999967 0.0067570000000000009 0 2
15 linear 4 23 0.41491099999999997 1.0312115763959868 1 59 0.27193899999999999 0.0082539999999999992 0.11514999999999997 0.002699 0.00066 0.0024450000000000001 0.0090559999999999998 0.020646000000000001 0.020861000000000001 0 0.027289999999999998 0.000767 0.11439199999999999 0.00096699999999999998 0.0030900000000000003 0.070961999999999997 0.021210999999999983 0.0067669999999999996 0 3
15 uniform 0 0 0.54192899999999999 1.0806499827578011 1 50 0.43140000000000001 0.023581999999999999 0.071367999999999973 0.0022649999999999997 0.000602 0.0027200000000000002 0.0095639999999999996 0.20016 0.115632 0 0.027699000000000001 0.00077800000000000005 0.0021080000000000001 0.002036 0.0029110000000000004 0.043059999999999994 0.020608999999999999 0 0 0
15 uniform 0 7 0.27970400000000001 1.0819797452101798 1 50 0.15992799999999999 0.022761 0.082084000000000004 0.0018649999999999999 0.000437 0.0028679999999999999 0.010359 0.021530000000000001 0.022268 0 0.027245999999999999 0.00081899999999999996 0.0020039999999999997 0.0015870000000000001 0.0028680000000000003 0.055061000000000013 0.019580999999999994 0 0 1
15 uniform 0 15 0.26837699999999998 1.0828391245459039 1 43 0.155362 0.021756000000000001 0.07779599999999999 0.0016260000000000001 0.00047100000000000006 0.002562 0.0095440000000000004 0.021366 0.021811000000000001 0 0.027304999999999999 0.00077399999999999995 0.0019419999999999999 0.0016280000000000001 0.0028800000000000002 0.052335999999999994 0.019011999999999994 0 0 2
15 uniform 0 23 0.27250000000000002 1.0830393094477424 1 43 0.16473599999999999 0.021208000000000001 0.073210000000000025 0.0016260000000000003 0.00043500000000000006 0.0024390000000000002 0.0089910000000000007 0.021642999999999999 0.023376000000000001 0 0.026724000000000001 0.00079699999999999997 0.010064999999999999 0.0016329999999999999 0.002918 0.050259000000000005 0.016393000000000005 0 0 3
15 uniform 1 0 0.57414299999999996 1.0812276718417904 1 51 0.46556700000000001 0.022716 0.069630000000000011 0.0022649999999999997 0.00069500000000000009 0.0026380000000000002 0.010933 0.198766 0.15113499999999999 0 0.026617999999999999 0.00077999999999999999 0.0022180000000000004 0.0019289999999999999 0.0031519999999999999 0.039578999999999996 0.022118999999999996 0 0 0
15 uniform 1 7 0.29391099999999998 1.0807864310544528 1 51 0.16676099999999999 0.024108000000000001 0.086622000000000005 0.0023709999999999998 0.00065300000000000004 0.0026020000000000001 0.0091739999999999999 0.023255999999999999 0.027132 0 0.028147999999999999 0.00080500000000000005 0.0024489999999999998 0.0016440000000000001 0.0031900000000000001 0.056790999999999994 0.021897000000000007 0 0 1
15 uniform 1 15 0.28602 1.0796180930858845 1 51 0.161913 0.023501999999999999 0.084718000000000029 0.002307 0.00056899999999999995 0.00263 0.0090880000000000006 0.022058000000000001 0.025453 0 0.026960999999999999 0.00080000000000000004 0.0020939999999999999 0.0016329999999999999 0.0030789999999999997 0.054896 0.021878999999999996 0 0 2
15 uniform 1 23 0.30646800000000002 1.0776821821511409 1 58 0.164356 0.021762 0.10266400000000002 0.0023479999999999998 0.00070100000000000002 0.0025790000000000001 0.0086999999999999994 0.023363999999999999 0.025603000000000001 0 0.028718 0.00074700000000000005 0.0019380000000000001 0.001665 0.0031269999999999996 0.066651999999999989 0.027145000000000002 0 0 3
15 uniform 2 0 0.91451800000000005 1.0488941838513348 1 43 0.76487099999999997 0.057171 0.076360000000000025 0.0023470000000000001 0.00051400000000000003 0.002588 0.0095119999999999996 0.20008400000000001 0.107668 0 0.027313 0.00090899999999999998 0.33633099999999999 0.001304 0.0034380000000000001 0.043067999999999995 0.026085999999999988 0 0 0
15 uniform 2 7 0.57835199999999998 1.0476082320575777 1 51 0.400474 0.052865000000000002 0.10703700000000002 0.0027430000000000002 0.00072899999999999994 0.0026619999999999999 0.010456 0.022151000000000001 0.021909000000000001 0 0.027758999999999999 0.00087799999999999998 0.23341499999999998 0.001199 0.0032520000000000001 0.064535999999999996 0.033721000000000001 0 0 1
15 uniform 2 15 0.51642200000000005 1.0455411244300925 1 51 0.35618100000000003 0.040063000000000001 0.10180800000000005 0.0027309999999999999 0.00056499999999999996 0.0027620000000000001 0.0096769999999999998 0.021236000000000001 0.021523 0 0.028202000000000001 0.00085300000000000003 0.19333799999999998 0.001126 0.0031489999999999999 0.064715999999999982 0.028666999999999995 0 0 2
15 uniform 2 23 0.44853199999999999 1.0433771714469704 1 51 0.29835 0.038804999999999999 0.093479000000000034 0.0026449999999999998 0.00058399999999999999 0.0024459999999999998 0.0096819999999999996 0.02112 0.021994 0 0.03109 0.00082200000000000003 0.13381300000000002 0.0011100000000000001 0.0030720000000000001 0.058090999999999983 0.026999999999999986 0 0 3
15 uniform 3 0 0.67110899999999996 1.0350327531978314 1 44 0.554149 0.042868000000000003 0.057596999999999982 0.0023960000000000001 0.00059800000000000001 0.0026779999999999998 0.009757 0.196853 0.098782999999999996 0 0.027768999999999999 0.00078100000000000001 0.13544500000000001 0.0012199999999999999 0.0032649999999999997 0.032962000000000005 0.017997000000000003 0 0 0
15 uniform 3 7 0.28930899999999998 1.0365193859328954 1 44 0.16850399999999999 0.035595000000000002 0.069220000000000004 0.002166 0.00057400000000000007 0.0027799999999999999 0.010559000000000001 0.021155 0.023140999999999998 0 0.027566 0.000825 0.0038459999999999996 0.0010740000000000001 0.0032100000000000006 0.044338000000000002 0.018221999999999999 0 0 1
15 uniform 3 15 0.33757700000000002 1.0384464721750202 1 44 0.206678 0.039823999999999998 0.07540100000000001 0.0021450000000000002 0.00052100000000000009 0.002503 0.009639 0.021264000000000002 0.022783999999999999 0 0.026852000000000001 0.00075900000000000002 0.046356000000000001 0.0010430000000000001 0.0030819999999999997 0.050849000000000005 0.017910000000000006 0 0 2
15 uniform 3 23 0.42769099999999999 1.0406717667140994 1 51 0.28921000000000002 0.041451000000000002 0.080811999999999981 0.0025170000000000001 0.00066300000000000007 0.0024069999999999999 0.0092910000000000006 0.021121999999999998 0.022953000000000001 0 0.027106000000000002 0.00069899999999999997 0.12951499999999999 0.00098499999999999998 0.0030360000000000001 0.052551999999999995 0.020638999999999994 0 0 3
15 uniform 4 0 0.53767399999999999 1.0361332700667139 1 43 0.44214700000000001 0.025323999999999999 0.05680099999999999 0.0016479999999999999 0.00051699999999999999 0.0027659999999999998 0.010009000000000001 0.19750999999999999 0.118215 0 0.027944 0.00078100000000000001 0.0038380000000000003 0.001219 0.0032979999999999997 0.032793999999999997 0.017550999999999994 0 0 0
15 uniform 4 7 0.38877 1.03441398352182 1 43 0.27393400000000001 0.024812000000000001 0.071486000000000008 0.0016100000000000001 0.00051599999999999997 0.0024949999999999998 0.0095659999999999999 0.020865999999999999 0.022896 0 0.027394000000000002 0.00069899999999999997 0.11143599999999999 0.001183 0.0031639999999999997 0.047544999999999997 0.01745399999999999 0 0 1
15 uniform 4 15 0.25529600000000002 1.0327149348174889 1 43 0.16350000000000001 0.0083770000000000008 0.070414000000000004 0.0015989999999999999 0.00046200000000000001 0.0024849999999999998 0.0089599999999999992 0.020906000000000001 0.022463 0 0.027092999999999999 0.00068400000000000004 0.0034380000000000001 0.001065 0.0031380000000000002 0.046753999999999997 0.017217 0 0 2
15 uniform 4 23 0.36296800000000001 1.0312443911512905 1 43 0.27128999999999998 0.008378 0.070564000000000002 0.0015630000000000002 0.00039400000000000004 0.002431 0.0090849999999999993 0.020603 0.022525 0 0.027178000000000001 0.000745 0.11347499999999999 0.0010089999999999999 0.0030430000000000001 0.047333 0.016753999999999995 0 0 3
16 linear 0 0 0.54734499999999997 113.38071320386936 1 67 0.397281 0.012029 0.114006 0.0043010000000000001 0.0011540000000000001 0.0031210000000000001 0.011387 0.17644000000000001 0.089106000000000005 0 0.026563 0.00083000000000000001 0.00084399999999999992 0.0011900000000000001 0.0034849999999999998 0.048451000000000001 0.031012999999999992 0.0071600000000000032 0 0
16 linear 0 7 0.52183000000000002 118.55023201565534 1 67 0.267044 0.011532000000000001 0.22004000000000001 0.0036030000000000003 0.0010219999999999999 0.0029499999999999999 0.011113 0.051304000000000002 0.087511000000000005 0 0.026717000000000001 0.00082799999999999996 0.00084099999999999995 0.001101 0.0033640000000000002 0.155144 0.030640999999999991 0.0071330000000000031 0 1
16 linear 0 15 0.52216899999999999 122.38189265148561 1 67 0.28428900000000001 0.01141 0.20356599999999994 0.003509 0.00090700000000000004 0.0026069999999999999 0.0098980000000000005 0.05135 0.10854999999999999 0 0.026213 0.00079600000000000005 0.00080300000000000011 0.0010200000000000001 0.0032290000000000001 0.13929700000000003 0.029687999999999999 0.0071300000000000001 0 2
16 linear 0 23 0.49897599999999998 123.70609911859802 1 67 0.25542500000000001 0.011353 0.20966799999999999 0.0032109999999999999 0.00080600000000000008 0.0024450000000000001 0.0093240000000000007 0.050345000000000001 0.084235000000000004 0 0.025786 0.00078700000000000005 0.00085899999999999995 0.00096100000000000005 0.003156 0.14511599999999999 0.030046999999999983 0.0071160000000000043 0 3
16 linear 1 0 0.51602099999999995 249.61619879656556 1 67 0.34696199999999999 0.013146 0.13268800000000003 0.0038260000000000004 0.0010999999999999998 0.0028600000000000001 0.010819 0.184777 0.031413999999999997 0 0.026162999999999999 0.00082299999999999995 0.00079900000000000001 0.001121 0.0033370000000000001 0.077386999999999984 0.01925 0.0071050000000000011 0 0
16 linear 1 7 0.47054699999999999 262.15743968060241 1 67 0.20874100000000001 0.012821000000000001 0.22545199999999999 0.003764 0.00095100000000000002 0.002699 0.010089000000000001 0.051153999999999998 0.031078000000000001 0 0.025862 0.00079000000000000001 0.000785 0.001047 0.0032660000000000002 0.170736 0.018884999999999999 0.0071390000000000012 0 1
16 linear 1 15 0.46476000000000001 269.95768187425824 1 67 0.20913799999999999 0.012586999999999999 0.22014799999999998 0.0035239999999999994 0.00087399999999999999 0.0024719999999999998 0.010121 0.051222999999999998 0.031227999999999999 0 0.028622999999999999 0.00077800000000000005 0.00079700000000000007 0.00093999999999999997 0.0032780000000000001 0.16569300000000001 0.018632999999999997 0.0071120000000000011 0 2
16 linear 1 23 0.46873599999999999 272.26480812558145 1 67 0.202704 0.012447 0.23104900000000009 0.0033189999999999999 0.00082800000000000007 0.0023909999999999999 0.0094000000000000004 0.051243999999999998 0.031488000000000002 0 0.025104000000000001 0.00069700000000000003 0.00079099999999999993 0.00092000000000000003 0.0032469999999999995 0.17422599999999996 0.018990999999999997 0.0069830000000000014 0 3
16 linear 2 0 0.64939899999999995 269.35953783420814 1 89 0.406387 0.017662000000000001 0.19306199999999996 0.0050520000000000001 0.0015190000000000002 0.0025569999999999998 0.0099670000000000002 0.18407100000000001 0.091965000000000005 0 0.025968000000000001 0.00084900000000000004 0.00099200000000000004 0.00076599999999999997 0.0034649999999999998 0.12524100000000002 0.028042999999999992 0.011973000000000001 0 0
16 linear 2 7 0.59558699999999998 301.92567635788492 1 89 0.214863 0.014370000000000001 0.33569299999999974 0.0048020000000000007 0.0012309999999999999 0.0024090000000000001 0.0091479999999999999 0.051071999999999999 0.042187000000000002 0 0.025378000000000001 0.00081300000000000003 0.000803 0.001036 0.0031920000000000004 0.26802300000000001 0.028826000000000001 0.012255000000000002 0 1
16 linear 2 15 0.63192099999999995 320.70136661322675 1 89 0.20999799999999999 0.015049 0.37518100000000004 0.0048599999999999997 0.001214 0.0024109999999999999 0.010366 0.052309000000000001 0.034104000000000002 0 0.024979000000000001 0.000883 0.00078600000000000002 0.00093899999999999995 0.003522 0.28961500000000018 0.039325999999999986 0.012850000000000006 0 2
16 linear 2 23 0.61085299999999998 328.21716605167359 1 89 0.221525 0.01524 0.34277500000000011 0.005091 0.001225 0.0023470000000000001 0.010295 0.052351000000000002 0.044574000000000003 0 0.024823000000000001 0.00078600000000000002 0.00080500000000000005 0.00087500000000000002 0.0035740000000000004 0.27360899999999994 0.028216000000000001 0.014557 0 3
16 linear 3 0 0.56851200000000002 186.2192810683795 1 83 0.34909200000000001 0.016160000000000001 0.17041500000000001 0.0054729999999999996 0.001183 0.0025969999999999999 0.011457999999999999 0.18230299999999999 0.031768999999999999 0 0.025697999999999999 0.00083699999999999996 0.00096299999999999999 0.00068599999999999998 0.0034680000000000006 0.094366000000000033 0.023838999999999999 0.0079769999999999997 0 0
16 linear 3 7 0.52686599999999995 192.34413935538919 1 83 0.21357200000000001 0.015443 0.26476799999999995 0.0054439999999999992 0.001145 0.0024589999999999998 0.0095069999999999998 0.053447000000000001 0.031487000000000001 0 0.025472000000000002 0.00084699999999999999 0.00099200000000000004 0.00062 0.0033840000000000003 0.18959899999999996 0.023385999999999994 0.0079790000000000017 0 1
16 linear 3 15 0.54211399999999998 200.42790108585839 1 83 0.21911700000000001 0.015375 0.27102700000000007 0.0052510000000000005 0.001065 0.0022529999999999998 0.0090290000000000006 0.051454 0.041535999999999997 0 0.024646999999999999 0.00075799999999999999 0.00099299999999999996 0.00070200000000000004 0.0034720000000000007 0.19310899999999998 0.023182999999999988 0.0077150000000000022 0 2
16 linear 3 23 0.54530199999999995 210.11598200194905 1 83 0.21757799999999999 0.015517 0.28012599999999999 0.0050800000000000003 0.0010300000000000001 0.002209 0.008626 0.051285999999999998 0.041420999999999999 0 0.025224 0.00079600000000000005 0.00096499999999999993 0.00062399999999999999 0.0033370000000000001 0.19870099999999996 0.02277100000000001 0.0073710000000000017 0 3
16 linear 4 0 0.55286500000000005 57.777182083669992 1 53 0.43352299999999999 0.008763 0.088099000000000011 0.003751 0.00073600000000000011 0.0029290000000000002 0.011176999999999999 0.16623499999999999 0.13684199999999999 0 0.026789 0.000861 0.001645 0.001322 0.0034150000000000005 0.036150000000000002 0.022380000000000001 0.00545 0 0
16 linear 4 7 0.43880400000000003 57.403373217682677 1 53 0.30071399999999998 0.008319 0.108374 0.0032780000000000001 0.00064499999999999996 0.0027109999999999999 0.010296 0.052601000000000002 0.126276 0 0.026027999999999999 0.00084900000000000004 0.001534 0.0012570000000000001 0.0031649999999999998 0.054691000000000004 0.024078999999999986 0.0054719999999999994 0 1
16 linear 4 15 0.42624099999999998 56.976938705190477 1 53 0.29130800000000001 0.0082760000000000004 0.10532499999999997 0.0031939999999999998 0.00069499999999999998 0.002483 0.0094800000000000006 0.049034000000000001 0.12643699999999999 0 0.025545999999999999 0.00085700000000000001 0.0013570000000000001 0.001132 0.002996 0.052557000000000006 0.023129999999999984 0.0054569999999999992 0 2
16 linear 4 23 0.42841099999999999 56.55155212384912 1 53 0.293819 0.008267 0.10484299999999998 0.0033829999999999997 0.00063999999999999994 0.0023059999999999999 0.0093410000000000003 0.052080000000000001 0.126611 0 0.025212999999999999 0.000825 0.0013699999999999999 0.001134 0.0029679999999999997 0.052080000000000001 0.02306600000000001 0.0054510000000000027 0 3
16 uniform 0 0 0.51553099999999996 109.47806696330653 1 67 0.388409 0.011709000000000001 0.091977000000000017 0.0037209999999999999 0.0010410000000000003 0.0027690000000000002 0.010736000000000001 0.17616000000000001 0.085571999999999995 0 0.026450999999999999 0.00087100000000000003 0.00078400000000000008 0.0012160000000000001 0.0035249999999999999 0.048191999999999999 0.031126999999999998 0 0 0
16 uniform 0 7 0.49096800000000002 114.56637528887957 1 67 0.26004699999999997 0.011583 0.19673900000000005 0.003287 0.00087799999999999987 0.0026310000000000001 0.0096760000000000006 0.051214999999999997 0.085886000000000004 0 0.026029 0.00080000000000000004 0.00081700000000000002 0.00116 0.0033510000000000002 0.15562600000000007 0.03073 0 0 1
16 uniform 0 15 0.49457699999999999 118.87593002248494 1 67 0.27857500000000002 0.011183 0.17901400000000001 0.003222 0.00079500000000000003 0.00232 0.009195 0.051282000000000001 0.106185 0 0.025666000000000001 0.00078100000000000001 0.000825 0.001049 0.0033630000000000001 0.13903300000000005 0.02974700000000001 0 0 2
16 uniform 0 23 0.47429300000000002 121.30884552453452 1 67 0.25601200000000002 0.011132 0.18484400000000004 0.003088 0.00080100000000000006 0.0023730000000000001 0.0091769999999999994 0.050531 0.085816000000000003 0 0.025437000000000001 0.00071400000000000001 0.000812 0.00095500000000000001 0.0031439999999999992 0.14481000000000002 0.029956 0 0 3
16 uniform 1 0 0.48725299999999999 254.22766708868025 1 67 0.34440900000000002 0.013141999999999999 0.10656399999999996 0.0034340000000000004 0.0010280000000000001 0.0027460000000000002 0.010600999999999999 0.18102099999999999 0.033487999999999997 0 0.025939 0.00079900000000000001 0.00078299999999999995 0.00109 0.0035019999999999999 0.077345999999999998 0.019226000000000004 0 0 0
16 uniform 1 7 0.44445899999999999 263.50004759303516 1 67 0.20993800000000001 0.012736000000000001 0.19919999999999996 0.0031640000000000001 0.00084199999999999987 0.0026900000000000001 0.010462000000000001 0.051157000000000001 0.033216000000000002 0 0.025895999999999999 0.00085099999999999998 0.00077899999999999996 0.00097900000000000005 0.0034350000000000001 0.17027600000000007 0.018862999999999987 0 0 1
16 uniform 1 15 0.43307800000000002 267.53516491528529 1 67 0.204564 0.012649000000000001 0.19367100000000004 0.0029610000000000005 0.00078399999999999997 0.0023449999999999999 0.0095989999999999999 0.051153999999999998 0.031014 0 0.025954999999999999 0.00074200000000000004 0.000803 0.00088800000000000001 0.0033470000000000001 0.16510900000000003 0.018538999999999996 0 0 2
16 uniform 1 23 0.44409100000000001 266.77342405821196 1 67 0.206543 0.012416999999999999 0.20315199999999997 0.002934 0.00079100000000000004 0.0022409999999999999 0.0089379999999999998 0.051153999999999998 0.036089000000000003 0 0.024882000000000001 0.00068900000000000005 0.00080999999999999996 0.00083900000000000001 0.0032459999999999998 0.17410100000000001 0.019038999999999997 0 0 3
16 uniform 2 0 0.61975100000000005 272.93107875854531 1 89 0.403362 0.017689 0.16713000000000006 0.0046649999999999999 0.0014319999999999999 0.002395 0.0098720000000000006 0.18086199999999999 0.091883999999999993 0 0.025898999999999998 0.00084000000000000003 0.00095199999999999994 0.00078700000000000005 0.0035299999999999997 0.12506099999999995 0.02799200000000001 0 0 0
16 uniform 2 7 0.562782 307.7187726455013 1 89 0.21685099999999999 0.014308 0.30169400000000002 0.0044659999999999995 0.001271 0.0022539999999999999 0.011191 0.051076000000000003 0.041964000000000001 0 0.025241 0.00080500000000000005 0.00078899999999999999 0.00097199999999999999 0.0032859999999999994 0.25978099999999987 0.027415999999999999 0 0 1
16 uniform 2 15 0.549543 321.48139553499686 1 89 0.20296500000000001 0.013792 0.30296100000000009 0.0042599999999999999 0.001145 0.002251 0.0090039999999999999 0.051057999999999999 0.031039000000000001 0 0.025252 0.00087699999999999996 0.00080000000000000015 0.0010280000000000001 0.0032080000000000003 0.261351 0.027122 0 0 2
16 uniform 2 23 0.53898000000000001 324.05677443460559 1 81 0.212371 0.013629 0.28570100000000004 0.0037329999999999998 0.0010019999999999999 0.0022209999999999999 0.0087419999999999998 0.051049999999999998 0.041592999999999998 0 0.025283 0.00072999999999999996 0.00080400000000000003 0.00090399999999999996 0.0031219999999999998 0.24742600000000006 0.025409000000000001 0 0 3
16 uniform 3 0 0.49859500000000001 186.92806397071436 1 67 0.34900300000000001 0.016031 0.10777399999999997 0.0035639999999999999 0.00106 0.002336 0.0097719999999999994 0.180535 0.031524999999999997 0 0.025618999999999999 0.00084599999999999996 0.00096799999999999989 0.00083100000000000003 0.0036319999999999998 0.078282999999999991 0.019406000000000003 0 0 0
16 uniform 3 7 0.43138100000000001 193.20432048183295 1 67 0.212113 0.015737000000000001 0.17816199999999999 0.0035490000000000001 0.00085499999999999997 0.0023050000000000002 0.009325 0.051055000000000003 0.031431000000000001 0 0.025396999999999999 0.00080599999999999997 0.00097999999999999997 0.00067900000000000002 0.0034900000000000005 0.14914800000000003 0.018953999999999985 0 0 1
16 uniform 3 15 0.46680300000000002 201.53190437098513 1 67 0.22559999999999999 0.015716000000000001 0.19981899999999997 0.003571 0.00085599999999999988 0.0021879999999999998 0.0087749999999999998 0.052469000000000002 0.046077 0 0.024684999999999999 0.00081700000000000002 0.00096799999999999989 0.00067599999999999995 0.0038319999999999999 0.17043999999999995 0.018905999999999999 0 0 2
16 uniform 3 23 0.45733800000000002 211.59533745037527 1 67 0.22583600000000001 0.015658999999999999 0.19034000000000004 0.0033780000000000004 0.00079799999999999988 0.0021589999999999999 0.0088970000000000004 0.052634 0.044856 0 0.026672000000000001 0.00081800000000000004 0.001008 0.00060999999999999997 0.003702 0.16120999999999999 0.018833000000000003 0 0 3
16 uniform 4 0 0.50892000000000004 57.985480368449181 1 37 0.44103700000000001 0.0086949999999999996 0.044648 0.0018080000000000001 0.00055600000000000007 0.002977 0.010881999999999999 0.16888 0.14182700000000001 0 0.026525 0.00078299999999999995 0.0016119999999999999 0.001323 0.0032420000000000001 0.025686000000000004 0.013389 0 0 0
16 uniform 4 7 0.38627499999999998 57.607499051593663 1 37 0.30089399999999999 0.0083909999999999992 0.06176100000000001 0.0020950000000000001 0.00048400000000000006 0.0025790000000000001 0.0099729999999999992 0.052831000000000003 0.12606700000000001 0 0.026015 0.00082600000000000002 0.0014689999999999998 0.001243 0.0031630000000000004 0.041158 0.015015000000000002 0 0 1
16 uniform 4 15 0.374473 57.176323056958502 1 37 0.29251500000000002 0.0081890000000000001 0.059161999999999992 0.0018760000000000001 0.00048999999999999998 0.002647 0.010387 0.049112000000000003 0.12506700000000001 0 0.02579 0.000834 0.0014269999999999999 0.00117 0.0030110000000000002 0.039283000000000005 0.014324000000000003 0 0 2
16 uniform 4 23 0.37786900000000001 56.746230850380066 1 37 0.29494599999999999 0.0081049999999999994 0.060469999999999996 0.0017829999999999999 0.00047000000000000004 0.0024199999999999998 0.0096139999999999993 0.052049999999999999 0.12734100000000001 0 0.025510999999999999 0.00084900000000000004 0.0013799999999999999 0.0011100000000000001 0.0029290000000000002 0.041110000000000008 0.013841000000000003 0 0 3
17 linear 0 0 0.42724000000000001 1.1552839427277464 1 74 0.29027199999999997 0.0068190000000000004 0.104616 0.0049550000000000002 0.00097799999999999992 0.002921 0.011221 0.149781 0.022658000000000001 0 0.026758000000000001 0.00083600000000000005 0.000406 0.0018370000000000001 0.0029099999999999994 0.056144999999999994 0.023412999999999996 0.0088109999999999994 0 0
17 linear 0 7 0.304033 1.1616758846105646 1 66 0.17086200000000001 0.0067080000000000004 0.10401899999999997 0.0038159999999999999 0.00069200000000000002 0.0027309999999999999 0.010274 0.034701999999999997 0.021465999999999999 0 0.026537000000000002 0.00072599999999999997 0.00041800000000000002 0.001547 0.0029679999999999997 0.060940000000000008 0.020801999999999994 0.007837000000000002 0 1
17 linear 0 15 0.32066800000000001 1.1665931075043245 1 66 0.17478299999999999 0.0065030000000000001 0.11711999999999999 0.0036560000000000004 0.00063000000000000013 0.0026080000000000001 0.0097160000000000007 0.041147999999999997 0.022172000000000001 0 0.026294999999999999 0.00074700000000000005 0.00043300000000000001 0.0016080000000000001 0.0028140000000000001 0.074639999999999998 0.020221999999999993 0.0078399999999999997 0 2
17 linear 0 23 0.31302400000000002 1.1691093554751955 1 66 0.17293700000000001 0.0063220000000000004 0.11186300000000002 0.0034090000000000006 0.00058799999999999998 0.0025850000000000001 0.0098180000000000003 0.036915000000000003 0.022127999999999998 0 0.026796 0.00084500000000000005 0.00041100000000000002 0.001622 0.0028989999999999997 0.060942000000000003 0.021720000000000007 0.0084470000000000049 0 3
17 linear 1 0 0.43216599999999999 1.158083621492491 1 66 0.27563199999999999 0.0065389999999999997 0.12826700000000005 0.0033160000000000004 0.00068000000000000005 0.00248 0.009783 0.13897699999999999 0.022311999999999999 0 0.02648 0.00076400000000000003 0.00042400000000000001 0.0018519999999999999 0.0029120000000000005 0.050246999999999993 0.021065 0.0099830000000000023 0 0
17 linear 1 7 0.34229999999999999 1.1564580115656513 1 66 0.16952400000000001 0.0061250000000000002 0.14523999999999995 0.0032739999999999996 0.00062199999999999994 0.002405 0.0090060000000000001 0.033340000000000002 0.023873999999999999 0 0.026778 0.00075500000000000003 0.00040499999999999998 0.0014840000000000001 0.0027960000000000003 0.069333999999999965 0.021139999999999999 0.0099769999999999963 0 1
17 linear 1 15 0.39443499999999998 1.1523355060295677 1 73 0.17993000000000001 0.010324 0.17885799999999996 0.0036839999999999998 0.00084400000000000002 0.0024949999999999998 0.0092049999999999996 0.037114000000000001 0.023675999999999999 0 0.026474999999999999 0.00077399999999999995 0.00060899999999999995 0.001083 0.0031089999999999994 0.083198999999999981 0.028271999999999995 0.012035000000000001 0 2
17 linear 1 23 0.383127 1.1457253384666979 1 73 0.17882899999999999 0.01023 0.16907799999999998 0.0036210000000000001 0.00089999999999999998 0.0022889999999999998 0.0086960000000000006 0.033763000000000001 0.023581000000000001 0 0.026418000000000001 0.00074299999999999995 0.00059800000000000001 0.0010709999999999999 0.0030589999999999992 0.076281999999999975 0.02764500000000002 0.011889 0 3
17 linear 2 0 0.37673899999999999 1.0792217858815518 1 61 0.26555699999999999 0.0088850000000000005 0.077139999999999972 0.0042469999999999999 0.00094400000000000007 0.0023219999999999998 0.0092999999999999992 0.11833 0.023845999999999999 0 0.026363999999999999 0.000745 0.00062399999999999999 0.001178 0.0030669999999999994 0.035281000000000007 0.021147000000000006 0.007322000000000003 0 0
17 linear 2 7 0.31838 1.0884952107383821 1 61 0.17066500000000001 0.0088120000000000004 0.11458099999999999 0.0038079999999999998 0.00081599999999999989 0.0024290000000000002 0.0090869999999999996 0.028745 0.023144000000000001 0 0.026426000000000002 0.00072800000000000002 0.00064700000000000001 0.001101 0.0029390000000000002 0.072455999999999993 0.021465000000000001 0.0072540000000000009 0 1
17 linear 2 15 0.336586 1.1085013516923432 1 82 0.16984099999999999 0.0063829999999999998 0.13381899999999999 0.0043959999999999997 0.001039 0.0022889999999999998 0.008744 0.036340999999999998 0.023408999999999999 0 0.026152999999999999 0.00071699999999999997 0.00042199999999999996 0.001635 0.0028839999999999998 0.075972000000000026 0.030138999999999999 0.0097370000000000043 0 2
17 linear 2 23 0.318969 1.1284789356732332 1 74 0.16900999999999999 0.0064310000000000001 0.11940600000000001 0.0038310000000000002 0.0008969999999999999 0.002225 0.0088649999999999996 0.036345000000000002 0.023493 0 0.025894 0.00074399999999999998 0.00041799999999999997 0.001585 0.0028730000000000001 0.069270999999999999 0.025198000000000012 0.0087880000000000024 0 3
17 linear 3 0 0.36351 1.0714600686892057 1 61 0.248254 0.0088839999999999995 0.082334999999999992 0.0034619999999999998 0.00089499999999999996 0.0021979999999999999 0.0090430000000000007 0.107929 0.023116999999999999 0 0.026017999999999999 0.00076499999999999995 0.00059099999999999995 0.0010430000000000001 0.0031549999999999998 0.040997999999999993 0.020823999999999999 0.0072410000000000026 0 0
17 linear 3 7 0.30038900000000002 1.0771352598582395 1 61 0.15916 0.0088350000000000008 0.108768 0.0034689999999999999 0.00076300000000000001 0.0022000000000000001 0.0087690000000000008 0.021468000000000001 0.022873999999999999 0 0.025132000000000002 0.00070500000000000001 0.0005979999999999999 0.0011069999999999999 0.0030530000000000002 0.067593 0.020598000000000012 0.0072500000000000012 0 1
17 linear 3 15 0.29806199999999999 1.0856597499621246 1 61 0.15870000000000001 0.0087390000000000002 0.10697 0.0035830000000000002 0.000727 0.002173 0.0084950000000000008 0.020192000000000002 0.023556000000000001 0 0.025985000000000001 0.00068499999999999995 0.00059100000000000005 0.000977 0.0030140000000000002 0.065565000000000012 0.020913000000000005 0.0072430000000000003 0 2
17 linear 3 23 0.35353800000000002 1.0977500986223085 1 68 0.16702600000000001 0.0091450000000000004 0.15164800000000001 0.0044339999999999996 0.001018 0.0021940000000000002 0.0085339999999999999 0.025904 0.023463000000000001 0 0.026433000000000002 0.00069300000000000004 0.00058799999999999998 0.0010150000000000001 0.0030020000000000003 0.10114599999999994 0.025841999999999983 0.0098160000000000018 0 3
17 linear 4 0 0.34531000000000001 1.0654306332241672 1 61 0.232015 0.0083789999999999993 0.08036699999999998 0.0036750000000000003 0.0008389999999999999 0.0024030000000000002 0.0097820000000000008 0.091287999999999994 0.021655000000000001 0 0.025708000000000002 0.00071599999999999995 0.00058 0.0010059999999999999 0.0029689999999999999 0.039915999999999972 0.019889999999999998 0.0072410000000000018 0 0
17 linear 4 7 0.29158899999999999 1.0683282762100144 1 61 0.14996799999999999 0.0081440000000000002 0.109634 0.003571 0.000767 0.0023900000000000002 0.0095809999999999992 0.011601999999999999 0.020764000000000001 0 0.025312000000000001 0.00077399999999999995 0.00057899999999999998 0.0010219999999999999 0.0029780000000000006 0.069454000000000016 0.019641999999999986 0.0072500000000000021 0 1
17 linear 4 15 0.27736100000000002 1.0719933387009364 1 61 0.146536 0.0083140000000000002 0.098761000000000015 0.0034719999999999994 0.00073899999999999997 0.002261 0.0090779999999999993 0.0081600000000000006 0.021103 0 0.026121999999999999 0.00069700000000000003 0.00061800000000000006 0.0010280000000000001 0.0029259999999999998 0.058123000000000015 0.020055999999999994 0.0072450000000000014 0 2
17 linear 4 23 0.29337299999999999 1.0760110235993114 1 68 0.14588799999999999 0.0089890000000000005 0.11399600000000003 0.0037410000000000004 0.00097400000000000004 0.0022790000000000002 0.0090580000000000001 0.0060080000000000003 0.023907000000000001 0 0.025243999999999999 0.00077300000000000003 0.00057399999999999997 0.0010020000000000001 0.0029350000000000001 0.068620999999999974 0.022467000000000015 0.0080680000000000005 0 3
17 uniform 0 0 0.383602 1.1504573590580642 1 58 0.28425400000000001 0.0068570000000000002 0.074841999999999964 0.0028000000000000004 0.00079699999999999997 0.0022230000000000001 0.0092800000000000001 0.149954 0.022266000000000001 0 0.026446999999999998 0.00074100000000000001 0.000406 0.001792 0.0029559999999999999 0.047370999999999983 0.018579999999999985 0 0 0
17 uniform 0 7 0.27104699999999998 1.1546287818471046 1 58 0.16944300000000001 0.0066290000000000003 0.077728999999999993 0.0023750000000000004 0.000727 0.0024359999999999998 0.010015 0.035069999999999997 0.021618999999999999 0 0.02632 0.00072000000000000005 0.000406 0.001557 0.0028629999999999997 0.050289000000000014 0.018665999999999995 0 0 1
17 uniform 0 15 0.28501300000000002 1.1576575877135913 1 58 0.17391899999999999 0.0063200000000000001 0.087835999999999984 0.002222 0.00063600000000000006 0.0022569999999999999 0.0088450000000000004 0.040738000000000003 0.023657000000000001 0 0.026578999999999998 0.000745 0.00042000000000000002 0.0016949999999999999 0.0027749999999999997 0.060757000000000019 0.018218999999999989 0 0 2
17 uniform 0 23 0.27366099999999999 1.1590437329374899 1 58 0.16692100000000001 0.0062129999999999998 0.083674000000000012 0.002166 0.00058799999999999998 0.0021749999999999999 0.0088529999999999998 0.036581000000000002 0.021502 0 0.026314000000000001 0.00072400000000000003 0.00044200000000000001 0.0015579999999999999 0.002931 0.05535300000000002 0.019596999999999989 0 0 3
17 uniform 1 0 0.368863 1.152722824963734 1 58 0.27218399999999998 0.0063179999999999998 0.073181999999999997 0.0023419999999999999 0.000803 0.0021819999999999999 0.0091409999999999998 0.13835600000000001 0.022279 0 0.026394999999999998 0.00073800000000000005 0.00044399999999999995 0.0019250000000000001 0.0028939999999999994 0.044847999999999992 0.019619999999999992 0 0 0
17 uniform 1 7 0.26655000000000001 1.1513850943592949 1 50 0.166349 0.0061279999999999998 0.079396000000000008 0.0018389999999999999 0.00053899999999999998 0.0023410000000000002 0.0089440000000000006 0.033183999999999998 0.021297 0 0.028072 0.00069099999999999999 0.00039999999999999996 0.00139 0.0028370000000000001 0.055581999999999999 0.016324999999999992 0 0 1
17 uniform 1 15 0.30596699999999999 1.1483066060160139 1 57 0.175596 0.010374 0.10170000000000001 0.0023209999999999997 0.00062500000000000001 0.0023080000000000002 0.0088299999999999993 0.037028999999999999 0.021794999999999998 0 0.025915000000000001 0.00072099999999999996 0.00060499999999999996 0.001088 0.0031739999999999997 0.069362999999999994 0.023338999999999995 0 0 2
17 uniform 1 23 0.296593 1.1433941177315283 1 57 0.17438400000000001 0.0099489999999999995 0.09435399999999998 0.0022389999999999997 0.00053399999999999997 0.002215 0.008626 0.033321000000000003 0.021812999999999999 0 0.026325000000000001 0.00069800000000000005 0.00059500000000000004 0.0011249999999999999 0.003225 0.062422999999999999 0.023009000000000026 0 0 3
17 uniform 2 0 0.34009899999999998 1.0800747934838915 1 45 0.26357799999999998 0.0086219999999999995 0.049786999999999998 0.002398 0.000794 0.0023180000000000002 0.0092650000000000007 0.118755 0.022034999999999999 0 0.026409999999999999 0.00068900000000000005 0.00060000000000000006 0.0011460000000000001 0.0030000000000000001 0.02678199999999999 0.016230999999999995 0 0 0
17 uniform 2 7 0.28053400000000001 1.0899011821513849 1 45 0.168794 0.0088559999999999993 0.084808000000000022 0.002359 0.00066100000000000002 0.0022230000000000001 0.0089309999999999997 0.028847999999999999 0.021555000000000001 0 0.026762999999999999 0.00067900000000000002 0.00061899999999999998 0.001109 0.00298 0.060652000000000011 0.017025999999999996 0 0 1
17 uniform 2 15 0.29553800000000002 1.1124545852458472 1 66 0.169797 0.0065059999999999996 0.099014999999999992 0.0029230000000000003 0.00086499999999999999 0.0021840000000000002 0.0098300000000000002 0.033091000000000002 0.025316000000000002 0 0.025916999999999999 0.00071500000000000003 0.00042299999999999998 0.001549 0.0031190000000000002 0.062079999999999996 0.026713999999999981 0 0 2
17 uniform 2 23 0.28851100000000002 1.1309945155222521 1 58 0.17387900000000001 0.0067019999999999996 0.09027700000000001 0.0024860000000000004 0.00066100000000000002 0.0022039999999999998 0.0099930000000000001 0.037776999999999998 0.024930999999999998 0 0.025839000000000001 0.00064700000000000001 0.000408 0.00156 0.0031090000000000007 0.059568000000000003 0.021478999999999995 0 0 3
17 uniform 3 0 0.33579999999999999 1.0719084867733206 1 45 0.254357 0.010264000000000001 0.053194000000000005 0.002336 0.00063400000000000001 0.002248 0.010267999999999999 0.109626 0.024715999999999998 0 0.026196000000000001 0.00070200000000000004 0.00059299999999999999 0.0010870000000000001 0.0033909999999999999 0.029821000000000004 0.016403999999999998 0 0 0
17 uniform 3 7 0.27646999999999999 1.0777542065344705 1 45 0.169213 0.0090340000000000004 0.079970999999999987 0.0026609999999999997 0.00063199999999999997 0.0022330000000000002 0.0098150000000000008 0.023063 0.024239 0 0.027210000000000002 0.00070399999999999998 0.00063700000000000009 0.0012160000000000001 0.0034269999999999995 0.056800999999999997 0.016241999999999999 0 0 1
17 uniform 3 15 0.26283400000000001 1.086603268437095 1 45 0.16437599999999999 0.0087770000000000001 0.07209900000000001 0.0024039999999999999 0.00063000000000000003 0.002398 0.0092370000000000004 0.021281000000000001 0.024021000000000001 0 0.027601000000000001 0.00069200000000000002 0.00057999999999999989 0.0010640000000000001 0.0030210000000000007 0.04935500000000001 0.01602 0 0 2
17 uniform 3 23 0.30530299999999999 1.0993266114059141 1 52 0.16589100000000001 0.0090609999999999996 0.11243299999999998 0.0025600000000000002 0.00079499999999999992 0.0023159999999999999 0.0089009999999999992 0.029270999999999998 0.020795000000000001 0 0.025909999999999999 0.00070899999999999999 0.00059000000000000003 0.00099700000000000006 0.0030540000000000007 0.083892999999999995 0.020755999999999986 0 0 3
17 uniform 4 0 0.311141 1.065543262113043 1 45 0.23011300000000001 0.0083730000000000002 0.055397999999999989 0.002212 0.00061300000000000005 0.0023679999999999999 0.0099220000000000003 0.091004000000000002 0.021506000000000001 0 0.025293 0.000678 0.00060499999999999996 0.0010319999999999999 0.0030749999999999996 0.033369999999999997 0.015312999999999995 0 0 0
17 uniform 4 7 0.25000800000000001 1.0684471466686993 1 45 0.14877899999999999 0.0081449999999999995 0.075836000000000001 0.0022400000000000002 0.00059400000000000002 0.0023679999999999999 0.0097640000000000001 0.011674 0.020829 0 0.025191999999999999 0.00071599999999999995 0.00058500000000000002 0.000941 0.0030149999999999999 0.054061000000000026 0.015034999999999998 0 0 1
17 uniform 4 15 0.23688200000000001 1.0721123306093074 1 45 0.147284 0.0082979999999999998 0.064234999999999987 0.0022300000000000002 0.00057600000000000001 0.0022420000000000001 0.0090629999999999999 0.0080820000000000006 0.02086 0 0.02588 0.00069899999999999997 0.00060099999999999997 0.0033140000000000001 0.003016 0.042273999999999985 0.015223 0 0 2
17 uniform 4 23 0.24912799999999999 1.0761170107995106 1 52 0.142126 0.0090039999999999999 0.080246999999999971 0.0025309999999999998 0.00076199999999999998 0.0022070000000000002 0.0087600000000000004 0.0060650000000000001 0.021315000000000001 0 0.025087000000000002 0.00067699999999999998 0.00058099999999999992 0.00096199999999999996 0.0030229999999999996 0.054723999999999988 0.017735999999999991 0 0 3
18 linear 0 0 0.55417300000000003 8.9727093892403822 1 89 0.34393299999999999 0.011631000000000001 0.16699900000000012 0.005385 0.001451 0.0030660000000000001 0.011115 0.18440899999999999 0.021935 0 0.02674 0.00082899999999999998 0.0047740000000000005 0.0010839999999999999 0.0035530000000000002 0.059264000000000039 0.040268999999999999 0.014965999999999997 0 0
18 linear 0 7 0.43889699999999998 8.7105155010137665 1 89 0.20066899999999999 0.011265000000000001 0.19659399999999999 0.0048199999999999996 0.0011819999999999999 0.0027590000000000002 0.010276 0.046704000000000002 0.023508000000000001 0 0.025859 0.00079600000000000005 0.0044270000000000004 0.0010790000000000001 0.0035339999999999998 0.081722999999999976 0.040617999999999994 0.015431999999999996 0 1
18 linear 0 15 0.44494299999999998 8.2462287888279722 1 89 0.199097 0.011013 0.20395100000000013 0.0046359999999999995 0.0011510000000000001 0.0027009999999999998 0.0096399999999999993 0.049473999999999997 0.021307 0 0.026112 0.000727 0.004725 0.00090899999999999998 0.0033699999999999997 0.092207000000000025 0.03725500000000001 0.014953999999999995 0 2
18 linear 0 23 0.443027 7.5884441383843377 1 89 0.20723 0.011325 0.19317500000000001 0.0048130000000000004 0.001108 0.0025049999999999998 0.0092639999999999997 0.052685999999999997 0.023269000000000001 0 0.026317 0.00069899999999999997 0.0045339999999999998 0.00095699999999999995 0.0033759999999999997 0.080281999999999992 0.038730999999999988 0.014937000000000004 0 3
18 linear 1 0 0.69264599999999998 6.5788288723011075 1 89 0.46724599999999999 0.011219 0.18308699999999997 0.0047239999999999999 0.0012980000000000001 0.0027789999999999998 0.010402 0.18306800000000001 0.023165999999999999 0 0.026786000000000001 0.00086799999999999996 0.13514199999999998 0.00098700000000000003 0.0033500000000000001 0.066133999999999984 0.045440000000000015 0.014589999999999999 0 0
18 linear 1 7 0.57297600000000004 6.3946490842183268 1 89 0.32755899999999999 0.011016 0.20330200000000004 0.0048329999999999996 0.0012439999999999999 0.0056690000000000004 0.0096919999999999992 0.042429000000000001 0.022936000000000002 0 0.026584 0.00077099999999999998 0.13561400000000001 0.00093499999999999996 0.0034139999999999999 0.084541000000000005 0.045995999999999995 0.014593000000000002 0 1
18 linear 1 15 0.393895 6.0649919828645569 1 74 0.189836 0.011155 0.16697899999999999 0.004052 0.0009859999999999999 0.0025920000000000001 0.0093559999999999997 0.040032999999999999 0.022571999999999998 0 0.025936000000000001 0.00087200000000000005 0.0046280000000000002 0.00088800000000000001 0.0033430000000000001 0.072625000000000009 0.034687000000000023 0.011631999999999997 0 2
18 linear 1 23 0.42942999999999998 5.6041935215034497 1 74 0.21407799999999999 0.011081000000000001 0.17740900000000009 0.0043880000000000004 0.0010200000000000001 0.0025439999999999998 0.0092800000000000001 0.042042999999999997 0.043971000000000003 0 0.025950000000000001 0.00076300000000000001 0.004646 0.001021 0.0033649999999999999 0.078260000000000024 0.034295000000000013 0.012284999999999994 0 3
18 linear 2 0 0.81214399999999998 4.5812862766705065 1 82 0.61042300000000005 0.011070999999999999 0.16185899999999995 0.0048719999999999996 0.0010769999999999998 0.0026489999999999999 0.010107 0.18625 0.033293999999999997 0 0.026772000000000001 0.00079799999999999999 0.26666799999999996 0.00089999999999999998 0.0033810000000000003 0.060843000000000015 0.037750000000000034 0.012963000000000001 0 0
18 linear 2 7 0.63729999999999998 3.5244933266611369 1 106 0.37814500000000001 0.010815999999999999 0.20816200000000004 0.0076549999999999995 0.001291 0.0024659999999999999 0.0091319999999999995 0.048599999999999997 0.075313000000000005 0 0.026373000000000001 0.000745 0.13170899999999999 0.0011100000000000001 0.003349 0.10121300000000001 0.049521000000000003 0.014360999999999994 0 1
18 linear 2 15 0.33915899999999999 2.8248090501350287 1 61 0.19384499999999999 0.0094509999999999993 0.109607 0.0041180000000000001 0.00091700000000000006 0.002395 0.0097590000000000003 0.045352999999999997 0.021621000000000001 0 0.028686 0.00088000000000000003 0.0032370000000000003 0.0012819999999999999 0.0033730000000000001 0.060506000000000004 0.023917000000000004 0.0075640000000000021 0 2
18 linear 2 23 0.32370300000000002 2.6516653952944429 1 61 0.183616 0.0082609999999999992 0.107748 0.0035379999999999999 0.00080500000000000016 0.0023509999999999998 0.0091369999999999993 0.041963 0.023406 0 0.025939 0.00075500000000000003 0.0028679999999999999 0.0009990000000000001 0.0029740000000000001 0.061671000000000011 0.022742999999999996 0.0070140000000000037 0 3
18 linear 3 0 0.68807600000000002 148.42775852099157 1 59 0.551701 0.010137 0.10514699999999999 0.0034499999999999999 0.00098900000000000008 0.002977 0.010710000000000001 0.16719500000000001 0.024007000000000001 0 0.027467999999999999 0.00089800000000000004 0.23315999999999998 0.0010610000000000001 0.0031540000000000001 0.059374999999999997 0.021417000000000002 0.0087910000000000019 0 0
18 linear 3 7 0.55895899999999998 154.84961208778194 1 59 0.286634 0.009809 0.24149699999999999 0.0033140000000000001 0.0008299999999999999 0.0028300000000000001 0.010356000000000001 0.026504 0.023382 0 0.027401999999999999 0.00086300000000000005 0.11172399999999999 0.0011349999999999999 0.0032160000000000001 0.19720299999999999 0.019949000000000005 0.0087679999999999998 0 1
18 linear 3 15 0.64073100000000005 162.49040671543239 1 59 0.37879600000000002 0.0098209999999999999 0.23063600000000001 0.0036290000000000003 0.00082200000000000003 0.002611 0.010286999999999999 0.029305000000000001 0.023474999999999999 0 0.026875 0.00092000000000000003 0.199075 0.0010219999999999999 0.0031749999999999994 0.183 0.02189799999999998 0.0096200000000000035 0 2
18 linear 3 23 0.56009699999999996 170.31211190175009 1 59 0.28066099999999999 0.0098530000000000006 0.24860699999999999 0.0033039999999999996 0.00083500000000000002 0.0025850000000000001 0.010521000000000001 0.029113 0.023702000000000001 0 0.027057000000000001 0.00085999999999999998 0.10349900000000001 0.00097799999999999992 0.0030740000000000003 0.201044 0.021693 0.009608999999999996 0 3
18 linear 4 0 0.63216099999999997 122.12979975915523 1 60 0.51009499999999997 0.0097839999999999993 0.089970999999999982 0.0041609999999999998 0.00085999999999999987 0.0024949999999999998 0.010019 0.16098299999999999 0.022707000000000001 0 0.027444 0.00086899999999999998 0.20357 0.0010460000000000001 0.0029960000000000004 0.05038900000000001 0.016655999999999994 0.0070020000000000039 0 0
18 linear 4 7 0.66384399999999999 126.13929860976967 1 67 0.37198399999999998 0.0097890000000000008 0.25761799999999996 0.0040600000000000002 0.00091399999999999988 0.0025539999999999998 0.010047 0.033417000000000002 0.023123000000000001 0 0.026393 0.00080599999999999997 0.19439599999999999 0.001026 0.0029950000000000007 0.21002899999999997 0.020789999999999986 0.0086730000000000036 0 1
18 linear 4 15 0.628251 130.77265860415721 1 59 0.36768699999999999 0.0096179999999999998 0.23014100000000004 0.0032050000000000004 0.00094300000000000004 0.002408 0.0098219999999999991 0.032452000000000002 0.021146000000000002 0 0.026474999999999999 0.00083699999999999996 0.19527899999999998 0.00095600000000000004 0.0030130000000000001 0.185862 0.01993 0.0087789999999999986 0 2
18 linear 4 23 0.61029900000000004 135.3830223539272 1 59 0.36103400000000002 0.0094090000000000007 0.21919899999999995 0.0030929999999999998 0.00090200000000000002 0.0022620000000000001 0.0096530000000000001 0.021672 0.021092 0 0.026554000000000001 0.00085599999999999999 0.20069300000000001 0.00099200000000000004 0.0030130000000000001 0.17494800000000002 0.019870999999999993 0.0087650000000000054 0 3
18 uniform 0 0 0.50121599999999999 8.6520849177345074 1 89 0.340781 0.015925000000000002 0.11384500000000002 0.0048240000000000002 0.0013270000000000001 0.0029420000000000002 0.010459 0.18427299999999999 0.021898000000000001 0 0.026363000000000001 0.00086600000000000002 0.0045069999999999997 0.0010200000000000001 0.0034650000000000002 0.059414999999999996 0.040303999999999993 0 0 0
18 uniform 0 7 0.37936300000000001 8.4679547651193694 1 89 0.202012 0.011535 0.13569999999999996 0.0043969999999999999 0.0011410000000000001 0.0029190000000000002 0.010220999999999999 0.046730000000000001 0.021496999999999999 0 0.026204000000000002 0.00076800000000000002 0.004509 0.00107 0.0036560000000000004 0.081056000000000059 0.040608000000000005 0 0 1
18 uniform 0 15 0.37542900000000001 8.1314786807060866 1 81 0.20028099999999999 0.01136 0.13534400000000002 0.0039199999999999999 0.001062 0.002872 0.0098460000000000006 0.049333000000000002 0.021406000000000001 0 0.026252000000000001 0.00077200000000000001 0.0046540000000000002 0.00092199999999999997 0.0035069999999999997 0.088120999999999991 0.034262999999999988 0 0 2
18 uniform 0 23 0.36711300000000002 7.6297604179511023 1 81 0.20214299999999999 0.011155 0.12553599999999998 0.0038970000000000003 0.00099299999999999996 0.0025409999999999999 0.0090869999999999996 0.052678000000000003 0.021028000000000002 0 0.025899999999999999 0.00068800000000000003 0.0043619999999999996 0.00098200000000000002 0.0033769999999999998 0.076527999999999985 0.036100999999999973 0 0 3
18 uniform 1 0 0.61860400000000004 6.39615785817002 1 81 0.46278200000000003 0.01108 0.11744800000000002 0.0036699999999999997 0.00097099999999999986 0.00263 0.0097179999999999992 0.18307300000000001 0.021128000000000001 0 0.025989999999999999 0.000776 0.135134 0.00088900000000000003 0.0033839999999999999 0.060687000000000012 0.043688999999999971 0 0 0
18 uniform 1 7 0.48829499999999998 6.2600022510862647 1 81 0.32711000000000001 0.011266 0.12177300000000003 0.0041019999999999997 0.00097799999999999992 0.0025820000000000001 0.0094289999999999999 0.042570999999999998 0.024122999999999999 0 0.026234 0.00072000000000000005 0.135547 0.00096000000000000002 0.0034350000000000006 0.071860999999999994 0.037060000000000003 0 0 1
18 uniform 1 15 0.37741799999999998 6.0096487961483485 1 74 0.18987999999999999 0.010997 0.14856899999999998 0.0035989999999999998 0.0010560000000000001 0.0026649999999999998 0.0094459999999999995 0.040112000000000002 0.021042999999999999 0 0.025961999999999999 0.00072000000000000005 0.0046280000000000002 0.00098200000000000002 0.003431 0.087180000000000021 0.044465999999999971 0 0 2
18 uniform 1 23 0.39019700000000002 5.6456922241695917 1 74 0.221051 0.012227999999999999 0.13010600000000003 0.0038190000000000003 0.001042 0.0025100000000000001 0.010144 0.041597000000000002 0.045457999999999998 0 0.025822999999999999 0.00082600000000000002 0.0046310000000000006 0.00094899999999999997 0.0036290000000000003 0.082732999999999987 0.035322999999999986 0 0 3
18 uniform 2 0 0.77187899999999998 4.8489663463557742 1 82 0.61083500000000002 0.012302 0.11956099999999997 0.0045380000000000004 0.00115 0.0025249999999999999 0.010588 0.186948 0.034444000000000002 0 0.025382999999999999 0.00073300000000000004 0.26447400000000004 0.00090499999999999999 0.0037550000000000001 0.06776500000000002 0.038751000000000001 0 0 0
18 uniform 2 7 0.58004699999999998 3.7313667470734844 1 82 0.38842399999999999 0.010803999999999999 0.151836 0.0043490000000000004 0.001103 0.0026870000000000002 0.011361 0.050106999999999999 0.077418000000000001 0 0.026353999999999999 0.00078700000000000005 0.13178699999999999 0.0011280000000000001 0.0033259999999999995 0.093558000000000044 0.045184999999999996 0 0 1
18 uniform 2 15 0.28043000000000001 2.8476344973724821 1 45 0.18806600000000001 0.0082660000000000008 0.066514999999999991 0.002405 0.00071100000000000004 0.002565 0.0098600000000000007 0.045305999999999999 0.021631999999999998 0 0.025940999999999999 0.00075100000000000004 0.0030559999999999997 0.001235 0.0031910000000000003 0.044086000000000014 0.015671000000000001 0 0 2
18 uniform 2 23 0.27831600000000001 2.6652347965242629 1 45 0.184313 0.0082129999999999998 0.068147999999999972 0.0023830000000000001 0.00066699999999999995 0.002359 0.0091210000000000006 0.042092999999999998 0.021312999999999999 0 0.029139999999999999 0.00077700000000000002 0.0029079999999999996 0.0011280000000000001 0.0030019999999999995 0.045425 0.015973999999999999 0 0 3
18 uniform 3 0 0.66789299999999996 149.11521300013609 1 59 0.54724300000000003 0.0098420000000000001 0.090021999999999977 0.0030410000000000003 0.00095999999999999992 0.002774 0.010602 0.16750699999999999 0.022290999999999998 0 0.027199999999999998 0.00086300000000000005 0.23038899999999998 0.001124 0.0032580000000000005 0.059111000000000004 0.021373999999999987 0 0 0
18 uniform 3 7 0.54947999999999997 155.62736199084497 1 59 0.28991400000000001 0.0099139999999999992 0.22788999999999998 0.003359 0.000883 0.0026670000000000001 0.010354 0.026359 0.021722999999999999 0 0.027723999999999999 0.00090799999999999995 0.11154500000000001 0.001243 0.0032929999999999999 0.19824799999999995 0.019980999999999988 0 0 1
18 uniform 3 15 0.624884 163.39280329616858 1 59 0.37600499999999998 0.0098209999999999999 0.21759699999999998 0.0035490000000000001 0.00085699999999999991 0.0027239999999999999 0.010213 0.029139000000000002 0.02147 0 0.027269999999999999 0.00093000000000000005 0.19930900000000001 0.0011670000000000001 0.003241 0.18556100000000006 0.021873999999999998 0 0 2
18 uniform 3 23 0.54093000000000002 171.36197420658374 1 59 0.27981200000000001 0.0097990000000000004 0.23053900000000002 0.0029709999999999997 0.000803 0.002447 0.010211 0.029256000000000001 0.023375 0 0.026783000000000001 0.00093700000000000001 0.103143 0.0010369999999999999 0.0031950000000000004 0.19858400000000001 0.021602999999999997 0 0 3
18 uniform 4 0 0.59857300000000002 122.47687837866768 1 44 0.51401399999999997 0.0096380000000000007 0.060045000000000001 0.0021459999999999999 0.00065099999999999989 0.0025019999999999999 0.010104999999999999 0.16111300000000001 0.022755000000000001 0 0.027356999999999999 0.00085499999999999997 0.207342 0.0011620000000000001 0.0030910000000000004 0.041913999999999993 0.011521999999999998 0 0 0
18 uniform 4 7 0.62611300000000003 126.51835358339338 1 59 0.36935000000000001 0.0096989999999999993 0.226687 0.0028829999999999997 0.00092699999999999998 0.0023570000000000002 0.009887 0.033251000000000003 0.023045 0 0.027050000000000001 0.00084699999999999999 0.19110899999999997 0.0010510000000000001 0.0032439999999999995 0.19577499999999998 0.021210000000000003 0 0 1
18 uniform 4 15 0.61912900000000004 131.1919003395254 1 59 0.37606800000000001 0.0097079999999999996 0.21303199999999997 0.0027500000000000003 0.00090299999999999994 0.0024250000000000001 0.0098370000000000003 0.032603 0.022842000000000001 0 0.026734000000000001 0.00079799999999999999 0.20118900000000001 0.00098200000000000002 0.0031379999999999997 0.18351899999999999 0.019897000000000005 0 0 2
18 uniform 4 23 0.61491799999999996 135.84576047967138 1 59 0.36377300000000001 0.0096159999999999995 0.22034399999999998 0.0028989999999999997 0.00097299999999999991 0.0022790000000000002 0.0098209999999999999 0.021651 0.023587 0 0.026238000000000001 0.00076400000000000003 0.20061499999999999 0.00096900000000000003 0.0031110000000000001 0.18929400000000005 0.020934999999999995 0 0 3
19 linear 0 0 0.57832700000000004 2.2003585356463606 1 97 0.327677 0.014813 0.197963 0.0070399999999999994 0.0014560000000000003 0.0030709999999999999 0.011354 0.150252 0.035202999999999998 0 0.026882 0.00091299999999999997 0.00089099999999999987 0.001279 0.0039039999999999999 0.093542000000000028 0.039060000000000025 0.014846999999999997 0 0
19 linear 0 7 0.53932100000000005 2.2437683728765347 1 97 0.21208299999999999 0.014258 0.27423699999999995 0.0067720000000000002 0.00131 0.0031199999999999999 0.012708000000000001 0.038845999999999999 0.035895999999999997 0 0.026608 0.00084699999999999999 0.00088000000000000003 0.001181 0.0038140000000000005 0.15242700000000001 0.045086000000000022 0.016102000000000005 0 1
19 linear 0 15 0.54798000000000002 2.2848910973160366 1 105 0.20519699999999999 0.012813 0.29036900000000004 0.0065449999999999996 0.001518 0.0029889999999999999 0.012083999999999999 0.040493000000000001 0.034377999999999999 0 0.027466999999999998 0.00084699999999999999 0.00076100000000000007 0.001062 0.0035930000000000003 0.16187199999999999 0.044192000000000058 0.017763000000000004 0 2
19 linear 0 23 0.51427699999999998 2.316024192868209 1 97 0.18981700000000001 0.012401000000000001 0.27702300000000013 0.0055970000000000004 0.0014570000000000002 0.0025720000000000001 0.0099450000000000007 0.038471999999999999 0.021228 0 0.026315000000000002 0.00087500000000000002 0.000834 0.001008 0.0033479999999999994 0.14900700000000006 0.042196999999999991 0.017266999999999991 0 3
19 linear 1 0 0.438502 2.2680279921391686 1 74 0.29520200000000002 0.010184 0.106973 0.0042250000000000005 0.0012530000000000002 0.002493 0.010311000000000001 0.15107400000000001 0.022311999999999999 0 0.026741000000000001 0.00081700000000000002 0.00061699999999999993 0.001238 0.0032509999999999995 0.052583000000000005 0.027890999999999985 0.0094610000000000024 0 0
19 linear 1 7 0.38594400000000001 2.2044619979128943 1 74 0.192825 0.012883 0.15438200000000005 0.0039319999999999997 0.0011799999999999998 0.0027850000000000001 0.010952999999999999 0.049535999999999997 0.021635000000000001 0 0.026121999999999999 0.00078399999999999997 0.00059299999999999999 0.0011479999999999999 0.0031519999999999999 0.10006400000000003 0.027379999999999998 0.0095789999999999972 0 1
19 linear 1 15 0.43485699999999999 2.1032611270260997 1 82 0.202095 0.010479 0.19199600000000003 0.004875 0.00098400000000000007 0.00265 0.010704999999999999 0.048375000000000001 0.023581000000000001 0 0.029298000000000001 0.00091200000000000005 0.00066100000000000013 0.001193 0.0034119999999999997 0.12885800000000003 0.031722 0.010707000000000003 0 2
19 linear 1 23 0.43669200000000002 1.9688473339398813 1 82 0.19652900000000001 0.010725 0.193551 0.0046370000000000005 0.001085 0.0025799999999999998 0.010770999999999999 0.041480000000000003 0.034321999999999998 0 0.026464000000000001 0.00075199999999999996 0.00056100000000000008 0.001065 0.0034009999999999999 0.13206100000000004 0.030742000000000019 0.010219999999999998 0 3
19 linear 2 0 0.443328 1.3870106513798703 1 61 0.32378699999999999 0.010322 0.083941000000000016 0.0039500000000000004 0.0010200000000000001 0.002856 0.01091 0.16500100000000001 0.035948000000000001 0 0.026089000000000001 0.00087399999999999999 0.00058699999999999996 0.001109 0.0033900000000000002 0.040260999999999984 0.022509999999999992 0.0074579999999999959 0 0
19 linear 2 7 0.427786 1.4840079468804448 1 76 0.20764099999999999 0.013805 0.176651 0.0045100000000000001 0.001127 0.002516 0.010629 0.043649 0.035217999999999999 0 0.026394999999999998 0.00088400000000000002 0.00081700000000000002 0.001059 0.0035360000000000001 0.12174399999999999 0.029035999999999989 0.0091750000000000009 0 1
19 linear 2 15 0.48206500000000002 1.6470442488167734 1 83 0.25678200000000001 0.012624 0.18232700000000004 0.00464 0.0012439999999999999 0.0023570000000000002 0.0094039999999999992 0.042779999999999999 0.080861000000000002 0 0.028701000000000001 0.00088000000000000003 0.00078199999999999993 0.0010449999999999999 0.0031640000000000006 0.12353100000000006 0.030958999999999993 0.009888999999999995 0 2
19 linear 2 23 0.48788700000000002 1.8292272365004265 1 90 0.23483399999999999 0.012515 0.20851700000000006 0.0051610000000000007 0.0013140000000000001 0.0023270000000000001 0.009051 0.036445999999999999 0.074983999999999995 0 0.025930999999999999 0.00077800000000000005 0.00076199999999999998 0.001026 0.003104 0.13955299999999995 0.035091999999999963 0.011011 0 3
19 linear 3 0 0.43289299999999997 1.3773231738598388 1 61 0.31953799999999999 0.0092919999999999999 0.079214000000000007 0.0040359999999999997 0.00091799999999999998 0.0022889999999999998 0.013975 0.17191899999999999 0.023075999999999999 0 0.02613 0.00080000000000000004 0.00065399999999999996 0.001196 0.0030339999999999998 0.037175999999999987 0.021454000000000025 0.0072420000000000028 0 0
19 linear 3 7 0.36486099999999999 1.4025985878140874 1 61 0.17990400000000001 0.0088389999999999996 0.151752 0.0037999999999999996 0.00079199999999999995 0.0024680000000000001 0.010316000000000001 0.040974999999999998 0.021201000000000001 0 0.025798000000000001 0.00085899999999999995 0.00058799999999999998 0.0010839999999999999 0.0030459999999999997 0.10987600000000002 0.021412 0.0072500000000000038 0 1
19 linear 3 15 0.37112099999999998 1.4427922631833545 1 61 0.17527599999999999 0.0086870000000000003 0.161109 0.0040249999999999999 0.00084500000000000005 0.0022720000000000001 0.0092759999999999995 0.038376 0.021041000000000001 0 0.025847999999999999 0.00078700000000000005 0.00061200000000000002 0.00107 0.0031060000000000007 0.11611400000000002 0.022850000000000009 0.0078040000000000028 0 2
19 linear 3 23 0.40699999999999997 1.5249709880307913 1 77 0.18613399999999999 0.0093290000000000005 0.18046199999999996 0.0048269999999999997 0.00098200000000000002 0.0026340000000000001 0.0101 0.041931000000000003 0.0246 0 0.026918999999999998 0.00081700000000000002 0.000611 0.00098499999999999998 0.0032859999999999999 0.12578400000000003 0.028137999999999996 0.0093689999999999954 0 3
19 linear 4 0 0.42201699999999998 1.3165119385394031 1 61 0.30420599999999998 0.0092440000000000005 0.083824000000000023 0.0037920000000000002 0.00081400000000000005 0.0024550000000000002 0.0092130000000000007 0.16072700000000001 0.025014999999999999 0 0.026897000000000001 0.00075100000000000004 0.00060099999999999997 0.0010709999999999999 0.003271 0.037251999999999993 0.02185200000000001 0.011191000000000003 0 0
19 linear 4 7 0.38861099999999998 1.3286372050386355 1 61 0.19397700000000001 0.010024999999999999 0.15837300000000001 0.003748 0.00083400000000000011 0.002248 0.0092750000000000003 0.047162000000000003 0.023581000000000001 0 0.027517 0.00087000000000000001 0.00065799999999999995 0.0010250000000000001 0.0032630000000000007 0.11226299999999996 0.023418000000000001 0.0080220000000000014 0 1
19 linear 4 15 0.37806800000000002 1.3446599146042637 1 61 0.19281499999999999 0.0099670000000000002 0.14934200000000003 0.0036850000000000003 0.00081400000000000005 0.0025699999999999998 0.0097109999999999991 0.044491999999999997 0.023268 0 0.027827999999999999 0.00087200000000000005 0.00064999999999999997 0.0011199999999999999 0.0032640000000000004 0.10361300000000001 0.022969999999999994 0.0080310000000000034 0 2
19 linear 4 23 0.392816 1.3638470580845929 1 61 0.201686 0.0097710000000000002 0.15429800000000005 0.0042130000000000006 0.00084199999999999998 0.002415 0.0095709999999999996 0.044525000000000002 0.023619000000000001 0 0.027990000000000001 0.00092400000000000002 0.00064599999999999998 0.0011529999999999999 0.0033390000000000004 0.10801099999999995 0.023442999999999995 0.0080239999999999999 0 3
19 uniform 0 0 0.51386799999999999 2.1589289561949783 1 73 0.34164499999999998 0.01414 0.129192 0.0042199999999999998 0.0011589999999999999 0.0027239999999999999 0.011422 0.16667599999999999 0.036284999999999998 0 0.029186 0.00090700000000000004 0.00085000000000000006 0.001204 0.0038529999999999997 0.083503999999999995 0.033033000000000014 0 0 0
19 uniform 0 7 0.44222899999999998 2.2026647362093139 1 81 0.21444099999999999 0.019379 0.17772300000000002 0.0046550000000000003 0.001134 0.0026689999999999999 0.010546 0.041180000000000001 0.035000999999999997 0 0.029257999999999999 0.00085499999999999997 0.00086499999999999999 0.001126 0.003787 0.12936900000000001 0.034467000000000018 0 0 1
19 uniform 0 15 0.45959800000000001 2.2476031711553626 1 89 0.213029 0.013978000000000001 0.19882100000000005 0.0048170000000000001 0.0013730000000000001 0.002666 0.010222 0.042946999999999999 0.035353000000000002 0 0.028672 0.00087500000000000002 0.000883 0.0010610000000000001 0.0036449999999999994 0.141185 0.04204900000000001 0 0 2
19 uniform 0 23 0.461482 2.2865909027690945 1 89 0.19917699999999999 0.014760000000000001 0.21364699999999995 0.00496 0.0013669999999999999 0.0025349999999999999 0.0098729999999999998 0.042826999999999997 0.023677 0 0.028864000000000001 0.00085599999999999999 0.00085099999999999998 0.00099799999999999997 0.0038179999999999998 0.15169300000000002 0.04606699999999999 0 0 3
19 uniform 1 0 0.43063699999999999 2.2343402072938363 1 66 0.31745499999999999 0.010161999999999999 0.081364000000000006 0.0032789999999999998 0.00087599999999999993 0.0026059999999999998 0.011974 0.165155 0.027706000000000001 0 0.027942000000000002 0.00083500000000000002 0.00057299999999999994 0.001237 0.003287 0.048407000000000013 0.023031999999999997 0 0 0
19 uniform 1 7 0.348103 2.1880951217887348 1 74 0.18540599999999999 0.0095239999999999995 0.12958500000000001 0.0035330000000000001 0.0009549999999999999 0.0024139999999999999 0.010274 0.043936999999999997 0.021885999999999999 0 0.026808999999999999 0.00081300000000000003 0.00056199999999999989 0.0010920000000000001 0.0031580000000000002 0.093292000000000014 0.025120000000000007 0 0 1
19 uniform 1 15 0.36313499999999999 2.111564078005546 1 74 0.19673099999999999 0.0092969999999999997 0.13392600000000007 0.0033400000000000001 0.00090300000000000005 0.0022680000000000001 0.0091439999999999994 0.046469999999999997 0.023658999999999999 0 0.029888999999999999 0.000901 0.00060400000000000004 0.0010430000000000001 0.0030389999999999996 0.096845000000000028 0.025857000000000012 0 0 2
19 uniform 1 23 0.36375200000000002 2.0040088222124952 1 74 0.19716600000000001 0.010862 0.13239999999999999 0.003192 0.0011149999999999999 0.0022829999999999999 0.0088660000000000006 0.040100999999999998 0.031380999999999999 0 0.029239999999999999 0.00086499999999999999 0.00063999999999999994 0.001075 0.0032929999999999999 0.095358999999999985 0.025966999999999994 0 0 3
19 uniform 2 0 0.39258199999999999 1.3901668467513306 1 45 0.31303700000000001 0.0088090000000000009 0.053401000000000004 0.0022169999999999998 0.00080499999999999994 0.0023649999999999999 0.0095390000000000006 0.158164 0.032590000000000001 0 0.025699 0.00083100000000000003 0.00058499999999999991 0.001106 0.0030249999999999999 0.030662999999999996 0.015982000000000003 0 0 0
19 uniform 2 7 0.36397800000000002 1.513110553284402 1 60 0.19745099999999999 0.012600999999999999 0.13068099999999999 0.0030539999999999999 0.001008 0.0023479999999999998 0.0092200000000000008 0.042113999999999999 0.031973000000000001 0 0.026010999999999999 0.00080999999999999996 0.00082899999999999998 0.0010560000000000001 0.0032440000000000004 0.098644999999999997 0.023058000000000009 0 0 1
19 uniform 2 15 0.41928300000000002 1.6930134454844505 1 67 0.24052699999999999 0.012593999999999999 0.14196700000000001 0.0037320000000000005 0.0010349999999999999 0.0023600000000000001 0.0089709999999999998 0.042116000000000001 0.072806999999999997 0 0.026211000000000002 0.00077200000000000001 0.00079100000000000004 0.001077 0.003333 0.10651200000000006 0.025448000000000012 0 0 2
19 uniform 2 23 0.46149899999999999 1.8805882958682048 1 74 0.261714 0.014057 0.15893300000000005 0.0038630000000000001 0.0011479999999999999 0.002372 0.0091420000000000008 0.036677000000000001 0.088607000000000005 0 0.028767000000000001 0.00085300000000000003 0.00083299999999999997 0.0011839999999999999 0.0036610000000000002 0.11742000000000002 0.030057 0 0 3
19 uniform 3 0 0.38972400000000001 1.3798048868259827 1 45 0.30572899999999997 0.010758999999999999 0.055040999999999993 0.0023539999999999998 0.00080699999999999988 0.0023189999999999999 0.0097619999999999998 0.16042600000000001 0.024974 0 0.025758 0.00077399999999999995 0.00062399999999999999 0.0012800000000000001 0.0033029999999999995 0.03101799999999999 0.016955999999999999 0 0 0
19 uniform 3 7 0.33756199999999997 1.406120991759523 1 45 0.198462 0.01085 0.110037 0.002359 0.00068300000000000001 0.0023149999999999998 0.010335 0.042238999999999999 0.024482 0 0.028101000000000001 0.00089599999999999999 0.00062800000000000009 0.0013090000000000001 0.0033170000000000001 0.086623000000000019 0.016342000000000002 0 0 1
19 uniform 3 15 0.31323099999999998 1.4488095548081825 1 45 0.17973 0.0090069999999999994 0.10572799999999999 0.0023670000000000002 0.00064900000000000005 0.0023059999999999999 0.010118 0.039600000000000003 0.022661000000000001 0 0.025840999999999999 0.00078100000000000001 0.00061800000000000006 0.0010139999999999999 0.003259999999999999 0.081949000000000008 0.016632000000000008 0 0 2
19 uniform 3 23 0.30015199999999997 1.5434238832077385 1 45 0.179562 0.0089289999999999994 0.094258000000000008 0.0023440000000000002 0.000638 0.002317 0.010071999999999999 0.039752000000000003 0.022228000000000001 0 0.026591 0.00077499999999999997 0.00062100000000000002 0.00095699999999999995 0.002928 0.07157100000000001 0.015939999999999992 0 0 3
19 uniform 4 0 0.38909500000000002 1.3174951913435533 1 45 0.30953900000000001 0.0091039999999999992 0.052797000000000004 0.0023690000000000004 0.00063000000000000003 0.0022690000000000002 0.0083680000000000004 0.16530300000000001 0.024118000000000001 0 0.030013999999999999 0.00077399999999999995 0.00058100000000000003 0.001077 0.0029590000000000003 0.029986000000000002 0.01602 0 0 0
19 uniform 4 7 0.30876100000000001 1.3298223975312924 1 45 0.180557 0.0089569999999999997 0.102178 0.0022689999999999997 0.00060499999999999996 0.0023570000000000002 0.0092320000000000006 0.042598999999999998 0.023848999999999999 0 0.025978000000000001 0.00076099999999999996 0.00061699999999999993 0.001047 0.0029670000000000005 0.079267000000000004 0.016178999999999999 0 0 1
19 uniform 4 15 0.29879099999999997 1.3461695062085164 1 45 0.17851 0.0089409999999999993 0.094221999999999986 0.0022040000000000002 0.00058900000000000001 0.0023470000000000001 0.0090489999999999998 0.040208000000000001 0.022440000000000002 0 0.027986 0.00079900000000000001 0.000571 0.00092000000000000003 0.0029500000000000004 0.072118999999999989 0.015368999999999999 0 0 2
19 uniform 4 23 0.31298199999999998 1.3658505582902234 1 45 0.178564 0.014048 0.10250800000000002 0.0023519999999999999 0.00059600000000000007 0.0021719999999999999 0.0088470000000000007 0.040162999999999997 0.022931 0 0.027862000000000001 0.00080699999999999999 0.00059100000000000005 0.00091 0.0030480000000000004 0.079005999999999993 0.016475999999999994 0 0 3
20 linear 0 0 1.025849 3.1677702450514822 1 89 0.77282300000000004 0.0094409999999999997 0.21419299999999999 0.0053219999999999995 0.0013730000000000001 0.0027550000000000001 0.010591 0.17816499999999999 0.095792000000000002 0 0.025961999999999999 0.00076599999999999997 0.37865199999999999 0.001237 0.003326 0.13465900000000008 0.046121999999999976 0.012363000000000001 0 0
20 linear 0 7 0.95115799999999995 3.1187849008958297 1 97 0.59770800000000002 0.0093570000000000007 0.3102640000000001 0.0056529999999999992 0.001358 0.0027190000000000001 0.010289 0.051686999999999997 0.041744000000000003 0 0.026016000000000001 0.000776 0.38499800000000001 0.00117 0.0031829999999999996 0.22808599999999996 0.04599499999999998 0.013316 0 1
20 linear 0 15 0.89823900000000001 3.0590859152472332 1 89 0.59598499999999999 0.0089739999999999993 0.26321099999999997 0.0049429999999999995 0.0011849999999999999 0.0025869999999999999 0.01027 0.051354999999999998 0.031690999999999997 0 0.025610999999999998 0.00076400000000000003 0.394424 0.0010820000000000001 0.0031320000000000002 0.18085999999999994 0.048909000000000008 0.012343 0 2
20 linear 0 23 0.86344600000000005 2.9962047748863978 1 89 0.55030999999999997 0.0088120000000000004 0.27449999999999986 0.0048060000000000004 0.0012810000000000002 0.0025439999999999998 0.0095739999999999992 0.051423999999999997 0.032771000000000002 0 0.025405 0.00075500000000000003 0.34809199999999996 0.0010059999999999999 0.0030730000000000002 0.19602600000000012 0.044441000000000022 0.012367999999999999 0 3
20 linear 1 0 0.69785799999999998 2.3286769614524361 1 82 0.49003799999999997 0.0093810000000000004 0.16960700000000001 0.0049509999999999988 0.001193 0.0024659999999999999 0.0093970000000000008 0.18313099999999999 0.066223000000000004 0 0.025602 0.000785 0.12427400000000001 0.0010989999999999999 0.0031829999999999992 0.10740000000000002 0.034158999999999967 0.0097460000000000047 0 0
20 linear 1 7 0.64921200000000001 2.2020064914850241 1 82 0.33666400000000002 0.0096399999999999993 0.27376999999999996 0.004744 0.0009859999999999999 0.0023860000000000001 0.0091529999999999997 0.051124999999999997 0.042917999999999998 0 0.025302999999999999 0.00077800000000000005 0.12531200000000001 0.0011410000000000001 0.0032350000000000005 0.21002600000000005 0.035636999999999974 0.0097390000000000029 0 1
20 linear 1 15 0.67092399999999996 2.0118905495988355 1 90 0.34143800000000002 0.0093699999999999999 0.28883399999999992 0.0049890000000000004 0.001353 0.002281 0.0089119999999999998 0.048304 0.042653999999999997 0 0.024996000000000001 0.00069099999999999999 0.13638599999999998 0.0010560000000000001 0.0030909999999999996 0.2188240000000001 0.039650999999999985 0.010682000000000002 0 2
20 linear 1 23 0.73799099999999995 1.7223998227632951 1 99 0.35736000000000001 0.01214 0.33089799999999975 0.0062790000000000007 0.001431 0.0023289999999999999 0.0091280000000000007 0.055453000000000002 0.033839000000000001 0 0.026054000000000001 0.00071400000000000001 0.14455899999999999 0.0010200000000000001 0.0032949999999999998 0.254247 0.043289999999999974 0.011770000000000006 0 3
20 linear 2 0 0.45374199999999998 1.5476750903208694 1 61 0.33052300000000001 0.0095689999999999994 0.089599999999999999 0.0034830000000000004 0.00093800000000000003 0.0022560000000000002 0.0089490000000000004 0.17572199999999999 0.033526 0 0.025451999999999999 0.00072800000000000002 0.00061200000000000002 0.001209 0.0030760000000000002 0.044728999999999991 0.024305000000000007 0.0072320000000000014 0 0
20 linear 2 7 0.54344300000000001 1.6560962012764806 1 76 0.21427099999999999 0.012321 0.28680500000000003 0.0043110000000000006 0.001261 0.0021949999999999999 0.0087139999999999995 0.051312999999999998 0.031480000000000001 0 0.025406999999999999 0.00072499999999999995 0.0098579999999999987 0.001062 0.0032620000000000001 0.22796700000000006 0.03279 0.0090080000000000021 0 1
20 linear 2 15 0.519316 1.9909609544316378 1 83 0.19914699999999999 0.0094590000000000004 0.28159799999999985 0.0044770000000000001 0.0012130000000000001 0.0021849999999999999 0.0084659999999999996 0.051357 0.031320000000000001 0 0.025187999999999999 0.00073300000000000004 0.0028450000000000003 0.001072 0.0030760000000000002 0.21881800000000001 0.034717999999999964 0.0098470000000000016 0 2
20 linear 2 23 0.43539800000000001 2.2486575949191296 1 74 0.19874700000000001 0.0094420000000000007 0.20254599999999995 0.0039579999999999997 0.001183 0.002137 0.0082789999999999999 0.051223999999999999 0.030769000000000001 0 0.025284000000000001 0.00070100000000000002 0.0030849999999999996 0.0011490000000000001 0.003153 0.14454100000000006 0.033242999999999988 0.0087950000000000007 0 3
20 linear 3 0 0.71665199999999996 1.4874372688668454 1 61 0.58007399999999998 0.0089189999999999998 0.10309199999999996 0.0039040000000000004 0.00086200000000000003 0.002251 0.0090159999999999997 0.17646999999999999 0.032383000000000002 0 0.025701999999999999 0.00079900000000000001 0.25246999999999997 0.0011039999999999999 0.003091 0.056570000000000009 0.025647999999999983 0.0072390000000000015 0 0
20 linear 3 7 0.69725099999999995 1.4910806879377592 1 61 0.44579600000000003 0.0087089999999999997 0.21860100000000005 0.0036979999999999999 0.00074999999999999991 0.00232 0.0089250000000000006 0.051102000000000002 0.031132 0 0.025413000000000002 0.00070799999999999997 0.25095600000000001 0.001026 0.0030069999999999997 0.16810499999999998 0.024399000000000004 0.012100999999999992 0 1
20 linear 3 15 0.57185399999999997 1.4954533642880956 1 61 0.32778099999999999 0.0086449999999999999 0.21154599999999998 0.0034850000000000003 0.00079200000000000006 0.00216 0.0087080000000000005 0.051416999999999997 0.030810000000000001 0 0.025499000000000001 0.00075600000000000005 0.133211 0.00098799999999999995 0.0029649999999999998 0.16638000000000006 0.023909 0.007254 0 2
20 linear 3 23 0.69540900000000005 1.4999410761731307 1 61 0.42368099999999997 0.0085640000000000004 0.23874200000000001 0.0034780000000000002 0.00073200000000000012 0.0021459999999999999 0.0086599999999999993 0.051168999999999999 0.031348000000000001 0 0.025337999999999999 0.00072999999999999996 0.22989599999999999 0.00088800000000000001 0.0029269999999999995 0.18533699999999995 0.029209000000000006 0.0073839999999999965 0 3
20 linear 4 0 0.58191400000000004 1.40043097898584 1 61 0.43378100000000003 0.010318000000000001 0.11302899999999999 0.0035969999999999995 0.00089499999999999996 0.0022049999999999999 0.0096200000000000001 0.18084900000000001 0.035673000000000003 0 0.024937000000000001 0.00068999999999999997 0.103545 0.0010950000000000001 0.0033119999999999998 0.065586000000000005 0.026227000000000014 0.0074209999999999988 0 0
20 linear 4 7 0.59527799999999997 1.3835167171582259 1 61 0.33903800000000001 0.0089350000000000002 0.22131400000000007 0.0036049999999999997 0.00083500000000000002 0.002183 0.0097789999999999995 0.052559000000000002 0.035300999999999999 0 0.024693 0.00071000000000000002 0.137458 0.001201 0.0032479999999999996 0.17478299999999997 0.025103000000000011 0.0074249999999999976 0 1
20 linear 4 15 0.57532899999999998 1.3671242415694429 1 61 0.33056000000000002 0.0086840000000000007 0.21172000000000002 0.0036030000000000003 0.00082700000000000004 0.0022200000000000002 0.0096419999999999995 0.049017999999999999 0.035256000000000003 0 0.024930000000000001 0.00069700000000000003 0.13481699999999999 0.0010629999999999999 0.0029790000000000003 0.16639199999999996 0.024684000000000005 0.0072460000000000016 0 2
20 linear 4 23 0.56513199999999997 1.3531733447934811 1 61 0.32802100000000001 0.0087200000000000003 0.204346 0.0034650000000000002 0.00078899999999999999 0.002202 0.0085470000000000008 0.044488 0.031809999999999998 0 0.025177999999999999 0.00069499999999999998 0.14046999999999998 0.001 0.003010000000000001 0.15801900000000005 0.025599 0.0072440000000000013 0 3
20 uniform 0 0 0.98396399999999995 3.1088939135402902 1 81 0.76780899999999996 0.0092200000000000008 0.18026200000000003 0.0042489999999999993 0.001227 0.002245 0.0087530000000000004 0.182333 0.094144000000000005 0 0.025472000000000002 0.00075500000000000003 0.37789499999999998 0.0011479999999999999 0.0031800000000000005 0.12523000000000004 0.04199400000000001 0 0 0
20 uniform 0 7 0.86414800000000003 3.0583062865116863 1 81 0.59446500000000002 0.0091599999999999997 0.23403199999999999 0.0040819999999999997 0.0011769999999999999 0.0022179999999999999 0.0083689999999999997 0.051354999999999998 0.041949 0 0.024725 0.00077099999999999998 0.38926700000000003 0.001077 0.0031519999999999999 0.18049100000000001 0.040487000000000009 0 0 1
20 uniform 0 15 0.87524500000000005 2.9981271886096974 1 89 0.59606099999999995 0.0090650000000000001 0.24016600000000005 0.004692 0.0012960000000000001 0.0021819999999999999 0.0084220000000000007 0.051181999999999998 0.032632000000000001 0 0.025052999999999999 0.00070899999999999999 0.39828500000000006 0.0011410000000000001 0.0031890000000000004 0.18083899999999997 0.04520600000000001 0 0 2
20 uniform 0 23 0.83489800000000003 2.9360182210058317 1 81 0.55428599999999995 0.0091229999999999992 0.24449899999999994 0.0039089999999999993 0.00095399999999999999 0.0023310000000000002 0.0093159999999999996 0.051382999999999998 0.033357999999999999 0 0.025850999999999999 0.00076599999999999997 0.35373200000000005 0.001083 0.0030039999999999997 0.19026499999999999 0.041117999999999974 0 0 3
20 uniform 1 0 0.65427100000000005 2.3547445620997238 1 66 0.481234 0.0094280000000000006 0.13817299999999993 0.002895 0.00085599999999999999 0.0024250000000000001 0.0092370000000000004 0.177901 0.065194000000000002 0 0.025475000000000001 0.000754 0.124003 0.0010920000000000001 0.0030559999999999997 0.099254999999999996 0.029029999999999993 0 0 0
20 uniform 1 7 0.56503300000000001 2.2544792987403159 1 66 0.33297199999999999 0.0093050000000000008 0.20180999999999999 0.0028349999999999998 0.00079300000000000009 0.0023400000000000001 0.0089020000000000002 0.051188999999999998 0.043338000000000002 0 0.025048000000000001 0.00072499999999999995 0.125081 0.0011150000000000001 0.0030249999999999995 0.16218799999999997 0.029769999999999991 0 0 1
20 uniform 1 15 0.57117499999999999 2.0898516497248982 1 66 0.33961200000000002 0.011724 0.19866799999999996 0.0028170000000000001 0.00072899999999999994 0.002202 0.0084770000000000002 0.048076000000000001 0.043643000000000001 0 0.025004999999999999 0.000687 0.13661700000000002 0.0010939999999999999 0.0029380000000000001 0.15836399999999998 0.030254000000000007 0 0 2
20 uniform 1 23 0.610398 1.7832239269868739 1 67 0.35083300000000001 0.011962 0.22408500000000003 0.0032889999999999998 0.00091599999999999982 0.0022529999999999998 0.0086899999999999998 0.051288 0.033466000000000003 0 0.025389999999999999 0.00074700000000000005 0.144425 0.0010039999999999999 0.003238 0.18364399999999989 0.03006699999999999 0 0 3
20 uniform 2 0 0.41967100000000002 1.5543976976740983 1 45 0.328872 0.0096410000000000003 0.063650000000000012 0.0022829999999999999 0.000754 0.0021879999999999998 0.0086070000000000001 0.18146100000000001 0.031819 0 0.025389999999999999 0.00078399999999999997 0.00060100000000000008 0.00106 0.003058 0.038294000000000002 0.018593000000000002 0 0 0
20 uniform 2 7 0.46716400000000002 1.6921259340524981 1 60 0.21373600000000001 0.01222 0.21801700000000004 0.0031380000000000002 0.0010830000000000002 0.002176 0.0084370000000000001 0.051486999999999998 0.031452000000000001 0 0.025418 0.00073999999999999999 0.0098200000000000006 0.001059 0.0032380000000000004 0.18151599999999998 0.02746500000000001 0 0 1
20 uniform 2 15 0.44489499999999998 2.075311562998114 1 67 0.19814000000000001 0.0093080000000000003 0.21555899999999997 0.0031159999999999998 0.0010479999999999999 0.0021779999999999998 0.0084440000000000001 0.051138000000000003 0.031387999999999999 0 0.024943 0.00070699999999999995 0.0028410000000000002 0.0011180000000000001 0.0030459999999999997 0.17621500000000001 0.029193 0 0 2
20 uniform 2 23 0.41919899999999999 2.3155674065241083 1 74 0.19814699999999999 0.0093179999999999999 0.18816000000000008 0.0032919999999999998 0.001122 0.0020899999999999998 0.0082990000000000008 0.051290000000000002 0.030785 0 0.025235 0.00073700000000000002 0.0030769999999999999 0.0010250000000000001 0.0030469999999999998 0.14387600000000003 0.033186999999999987 0 0 3
20 uniform 3 0 0.67998999999999998 1.4903262862898172 1 45 0.57599599999999995 0.0087740000000000005 0.077890000000000001 0.0022309999999999999 0.00068000000000000005 0.0021069999999999999 0.0083359999999999997 0.176178 0.032129999999999999 0 0.024677999999999999 0.00076199999999999998 0.25573200000000001 0.001108 0.0029039999999999995 0.050580000000000007 0.020551999999999994 0 0 0
20 uniform 3 7 0.61708700000000005 1.4941594736776156 1 45 0.443193 0.0087569999999999992 0.14782000000000001 0.0023600000000000001 0.00064099999999999997 0.002202 0.008293 0.050991000000000002 0.031384000000000002 0 0.024742 0.00069300000000000004 0.25084499999999998 0.001021 0.0029060000000000002 0.12143 0.019599999999999992 0 0 1
20 uniform 3 15 0.50195199999999995 1.4987527553703712 1 45 0.32871600000000001 0.0086300000000000005 0.14753399999999994 0.0022190000000000001 0.00060499999999999996 0.0021289999999999998 0.0083330000000000001 0.053786 0.030955 0 0.02512 0.00073499999999999998 0.13303799999999999 0.0010059999999999999 0.0029239999999999995 0.12135800000000001 0.019253999999999997 0 0 2
20 uniform 3 23 0.61561299999999997 1.5034581846180042 1 45 0.420346 0.0099270000000000001 0.16734600000000002 0.0024039999999999999 0.00064900000000000005 0.0020630000000000002 0.0083219999999999995 0.051313999999999999 0.031378000000000003 0 0.025062999999999998 0.00077399999999999995 0.22675600000000001 0.00095699999999999995 0.0032459999999999998 0.13808400000000004 0.022018000000000003 0 0 3
20 uniform 4 0 0.54627199999999998 1.4022926385819994 1 45 0.43595899999999999 0.0104 0.082152000000000003 0.002251 0.00071900000000000002 0.0022109999999999999 0.0099349999999999994 0.18137600000000001 0.035943999999999997 0 0.024916000000000001 0.000678 0.10347300000000001 0.0011360000000000001 0.0033699999999999993 0.054143999999999998 0.021006999999999991 0 0 0
20 uniform 4 7 0.52738600000000002 1.3850098052532609 1 45 0.34655000000000002 0.0090399999999999994 0.154142 0.0022799999999999999 0.00068400000000000015 0.0022360000000000001 0.0099270000000000001 0.052692999999999997 0.035045 0 0.024924999999999999 0.00072099999999999996 0.137291 0.0010679999999999999 0.0092160000000000002 0.12685800000000003 0.020303000000000002 0 0 1
20 uniform 4 15 0.50486500000000001 1.3683157262704218 1 45 0.332312 0.0086750000000000004 0.14674099999999998 0.002209 0.00063700000000000009 0.0022539999999999999 0.0086680000000000004 0.049124000000000001 0.035124000000000002 0 0.026287000000000001 0.00069999999999999999 0.134996 0.00096299999999999999 0.0029679999999999997 0.12006100000000004 0.019851999999999998 0 0 2
20 uniform 4 23 0.49388100000000001 1.3541468870616689 1 45 0.33014300000000002 0.0086859999999999993 0.13790100000000002 0.0022959999999999999 0.00057399999999999997 0.0021359999999999999 0.0082179999999999996 0.044481 0.031772000000000002 0 0.024731 0.00068000000000000005 0.145014 0.0010059999999999999 0.0029639999999999992 0.11035300000000001 0.020802000000000005 0 0 3
21 linear 0 0 0.84719900000000004 290.17820007125135 1 119 0.52910000000000001 0.0099649999999999999 0.26935000000000009 0.0072989999999999999 0.0019629999999999999 0.003006 0.011542 0.14954200000000001 0.022950999999999999 0 0.026986 0.00091299999999999997 0.225495 0.00115 0.0034989999999999999 0.12386700000000005 0.051538000000000021 0.022439999999999995 0 0
21 linear 0 7 0.81949399999999994 283.03593382637308 1 112 0.42354000000000003 0.0095960000000000004 0.35096800000000011 0.006038 0.0014989999999999999 0.0029369999999999999 0.011610000000000001 0.026731000000000001 0.02274 0 0.027980000000000001 0.00088900000000000003 0.244172 0.001196 0.0033609999999999998 0.214281 0.048354999999999995 0.020762999999999986 0 1
21 linear 0 15 0.81232700000000002 267.99577630940837 1 119 0.38968000000000003 0.012906000000000001 0.36947800000000014 0.006788999999999999 0.0015530000000000001 0.002712 0.011181 0.027699000000000001 0.021878000000000002 0 0.032399999999999998 0.00082299999999999995 0.20122300000000001 0.000892 0.0033529999999999996 0.23675699999999994 0.048026000000000006 0.020631999999999994 0 2
21 linear 0 23 0.71635000000000004 250.95169105550468 1 119 0.29490300000000003 0.012716999999999999 0.36698500000000001 0.0075539999999999991 0.0017170000000000002 0.0026770000000000001 0.010638999999999999 0.022825000000000002 0.023511000000000001 0 0.028087000000000001 0.00083500000000000002 0.11372399999999999 0.00097499999999999996 0.003483 0.232102 0.047688999999999947 0.020673999999999991 0 3
21 linear 1 0 0.48733799999999999 9.2120738371753426 1 81 0.33437600000000001 0.011985000000000001 0.11375499999999995 0.0046910000000000007 0.001217 0.003143 0.011428000000000001 0.165134 0.023224000000000002 0 0.027515999999999999 0.00087000000000000001 0.012399 0.001147 0.0036420000000000003 0.051546000000000029 0.03244000000000001 0.010884 0 0
21 linear 1 7 0.418711 9.3708762670840748 1 96 0.21842300000000001 0.011516999999999999 0.15623799999999999 0.0053559999999999988 0.0012539999999999999 0.002836 0.010873000000000001 0.054905000000000002 0.033255 0 0.026454999999999999 0.00081899999999999996 0.0037329999999999993 0.00095200000000000005 0.0034859999999999995 0.080709000000000003 0.036777999999999998 0.013136000000000004 0 1
21 linear 1 15 0.408246 9.4880269913741078 1 96 0.20900299999999999 0.011402000000000001 0.15548699999999996 0.0050699999999999999 0.0013880000000000001 0.002614 0.010377000000000001 0.048478 0.032870000000000003 0 0.025922000000000001 0.00072499999999999995 0.0037750000000000001 0.00097900000000000005 0.0033699999999999997 0.076806999999999959 0.040285999999999975 0.014721000000000001 0 2
21 linear 1 23 0.41670000000000001 9.5274313936309749 1 96 0.217749 0.011212 0.15528599999999995 0.0052329999999999998 0.0013510000000000002 0.002591 0.0097420000000000007 0.052586000000000001 0.033550999999999997 0 0.025839000000000001 0.00073999999999999999 0.0083529999999999993 0.00099099999999999991 0.0033 0.074253000000000027 0.041162000000000004 0.015698 0 3
21 linear 2 0 0.66039099999999995 99.501233463803047 1 59 0.52265300000000003 0.0099489999999999995 0.10624399999999998 0.0036210000000000001 0.0010350000000000001 0.0028969999999999998 0.011315 0.16167400000000001 0.025041999999999998 0 0.027373000000000001 0.00096400000000000001 0.20650200000000002 0.001224 0.003424 0.062556999999999988 0.019518999999999991 0.0087760000000000043 0 0
21 linear 2 7 0.58241699999999996 106.23422340512525 1 59 0.32084400000000002 0.0097789999999999995 0.23051300000000008 0.003434 0.00099599999999999992 0.0025999999999999999 0.010696000000000001 0.036644000000000003 0.024133000000000002 0 0.030207000000000001 0.00091200000000000005 0.132659 0.0012099999999999999 0.0032269999999999998 0.18353500000000003 0.021429000000000007 0.0096160000000000013 0 1
21 linear 2 15 0.64998500000000003 116.86357251704422 1 59 0.36685800000000002 0.0094920000000000004 0.24859900000000007 0.0031080000000000005 0.00089300000000000002 0.0024710000000000001 0.010324 0.037314 0.021347999999999999 0 0.027001000000000001 0.00089400000000000005 0.18541099999999999 0.0010690000000000001 0.0031300000000000004 0.19743100000000005 0.023696999999999989 0.010546 0 2
21 linear 2 23 0.69767400000000002 129.0713828785712 1 66 0.42425400000000002 0.0098499999999999994 0.24233900000000003 0.0032240000000000003 0.0009810000000000001 0.0025049999999999998 0.01042 0.034382000000000003 0.021759000000000001 0 0.026304000000000001 0.00076000000000000004 0.246419 0.0010070000000000001 0.0031079999999999992 0.18636900000000006 0.025939999999999991 0.011414000000000002 0 3
21 linear 3 0 0.439724 2.9385629608624466 1 61 0.32418999999999998 0.0087539999999999996 0.080783000000000008 0.0046800000000000001 0.00092100000000000005 0.0029139999999999999 0.011226 0.16311500000000001 0.032547 0 0.026565999999999999 0.000861 0.0020709999999999999 0.001245 0.003241 0.035281000000000007 0.021321000000000003 0.0070380000000000026 0 0
21 linear 3 7 0.32590799999999998 2.8307712747388361 1 61 0.183921 0.0083059999999999991 0.10899800000000001 0.0039710000000000006 0.00076800000000000002 0.002679 0.010170999999999999 0.041687000000000002 0.021027000000000001 0 0.026315000000000002 0.00087600000000000004 0.0018159999999999999 0.0010920000000000001 0.0031969999999999998 0.066491000000000008 0.01869199999999999 0.0070160000000000014 0 1
21 linear 3 15 0.32477499999999998 2.729182751474351 1 61 0.187199 0.0083289999999999996 0.10500300000000005 0.0037190000000000001 0.00072500000000000006 0.0024069999999999999 0.0093989999999999994 0.048175999999999997 0.021034000000000001 0 0.025843999999999999 0.00078200000000000003 0.001874 0.00106 0.003166 0.05723000000000001 0.023919999999999997 0.0070220000000000031 0 2
21 linear 3 23 0.330125 2.6440410124606686 1 61 0.18631200000000001 0.0081639999999999994 0.11122800000000002 0.0037520000000000001 0.00092400000000000002 0.0023630000000000001 0.0091000000000000004 0.048550000000000003 0.020847999999999998 0 0.025904 0.00075699999999999997 0.0018230000000000002 0.000968 0.0030040000000000002 0.066986000000000004 0.020434999999999995 0.0070160000000000031 0 3
21 linear 4 0 0.43195699999999998 2.4078572928556663 1 61 0.32112499999999999 0.0082070000000000008 0.078375999999999987 0.0035400000000000002 0.00089399999999999994 0.0026979999999999999 0.0096819999999999996 0.18102099999999999 0.020861999999999999 0 0.025881000000000001 0.00071100000000000004 0.0013240000000000001 0.00107 0.0031639999999999993 0.033991999999999988 0.020088999999999999 0.0070420000000000023 0 0
21 linear 4 7 0.32708900000000002 2.4235796486628058 1 61 0.18979699999999999 0.0081259999999999995 0.10297900000000001 0.0035699999999999994 0.00080400000000000003 0.002738 0.0096559999999999997 0.051697 0.020670000000000001 0 0.02545 0.00071000000000000002 0.0012920000000000002 0.001003 0.0031319999999999998 0.059469000000000001 0.019305999999999997 0.0070120000000000017 0 1
21 linear 4 15 0.33061800000000002 2.4435380419466712 1 61 0.19259799999999999 0.0083269999999999993 0.10510100000000003 0.0037510000000000004 0.00083599999999999994 0.0026080000000000001 0.0093500000000000007 0.052526999999999997 0.020781999999999998 0 0.025857999999999999 0.00073899999999999997 0.0012159999999999999 0.001147 0.003107 0.061390000000000028 0.019149999999999986 0.0071859999999999979 0 2
21 linear 4 23 0.33475100000000002 2.4658382621303949 1 61 0.19705900000000001 0.0084030000000000007 0.10452400000000002 0.0038260000000000004 0.00079200000000000006 0.0025309999999999998 0.010433 0.053719000000000003 0.024246 0 0.025638999999999999 0.00073099999999999999 0.0012470000000000001 0.001031 0.0034180000000000005 0.058431999999999998 0.021251999999999986 0.0072379999999999953 0 3
21 uniform 0 0 0.77481999999999995 282.86750846034755 1 111 0.53589100000000001 0.01021 0.19362400000000007 0.0059869999999999993 0.001673 0.0027820000000000002 0.012314 0.150979 0.028028999999999998 0 0.026626 0.00090799999999999995 0.22528799999999999 0.0010349999999999999 0.003424 0.12359699999999997 0.049389999999999989 0 0 0
21 uniform 0 7 0.75100800000000001 276.78005501696617 1 104 0.43334 0.0097590000000000003 0.27536299999999991 0.0054019999999999997 0.0013410000000000002 0.002751 0.010938 0.028173 0.025405 0 0.02887 0.00084000000000000003 0.24859799999999999 0.001109 0.0033410000000000002 0.21183999999999995 0.044886000000000016 0 0 1
21 uniform 0 15 0.74965400000000004 262.6368131154515 1 119 0.38775100000000001 0.012971 0.30865000000000004 0.0068009999999999998 0.0014860000000000001 0.0027720000000000002 0.010985 0.027463999999999999 0.022096000000000001 0 0.028246 0.00085999999999999998 0.201123 0.00094899999999999997 0.0033580000000000003 0.24014800000000003 0.048055999999999988 0 0 2
21 uniform 0 23 0.63731199999999999 247.57014746944938 1 119 0.289132 0.012433 0.29677999999999999 0.0059360000000000003 0.0015500000000000002 0.0026830000000000001 0.010671999999999999 0.022685 0.022571000000000001 0 0.027838999999999999 0.00082100000000000001 0.11141 0.00085800000000000004 0.0032770000000000004 0.22906100000000007 0.047217000000000009 0 0 3
21 uniform 1 0 0.44799 9.022865621074077 1 65 0.334422 0.011833 0.079976999999999951 0.0030839999999999999 0.00083000000000000012 0.00297 0.010834 0.16519800000000001 0.021878999999999999 0 0.029686000000000001 0.00079799999999999999 0.0123 0.00123 0.0037850000000000002 0.045480999999999994 0.024688000000000012 0 0 0
21 uniform 1 7 0.391681 9.2058542267654264 1 88 0.214364 0.011721000000000001 0.13466399999999998 0.0043900000000000007 0.0011719999999999999 0.0026740000000000002 0.010218 0.052707999999999998 0.031787999999999997 0 0.026227 0.000812 0.0038270000000000005 0.001036 0.0035759999999999993 0.082670999999999967 0.03805 0 0 1
21 uniform 1 15 0.38964199999999999 9.3687063005977684 1 96 0.21137 0.011287999999999999 0.13488700000000001 0.0049059999999999998 0.0013110000000000001 0.0026719999999999999 0.010241 0.048750000000000002 0.033381000000000001 0 0.026745000000000001 0.00076599999999999997 0.0037939999999999996 0.00087900000000000001 0.0033799999999999998 0.079615000000000033 0.040117000000000014 0 0 2
21 uniform 1 23 0.38618200000000003 9.4738994072477123 1 96 0.21326700000000001 0.011063999999999999 0.12977800000000006 0.0045310000000000003 0.001291 0.0025569999999999998 0.0095329999999999998 0.052410999999999999 0.033737000000000003 0 0.026214999999999999 0.00072300000000000001 0.0036710000000000002 0.00092100000000000005 0.0033010000000000001 0.073571000000000011 0.041176000000000032 0 0 3
21 uniform 2 0 0.66924600000000001 100.30254470381223 1 75 0.522706 0.010031999999999999 0.10857699999999998 0.0046370000000000005 0.001103 0.0029139999999999999 0.011322 0.16179499999999999 0.025056999999999999 0 0.027161999999999999 0.00092900000000000003 0.20619100000000001 0.00123 0.0033829999999999997 0.072229999999999947 0.024316999999999988 0 0 0
21 uniform 2 7 0.57148600000000005 107.3271598750631 1 67 0.31846600000000003 0.0097319999999999993 0.217915 0.0041609999999999998 0.00085999999999999987 0.0025829999999999998 0.010678999999999999 0.036755999999999997 0.024232 0 0.027282000000000001 0.00094899999999999997 0.13275700000000001 0.0012750000000000001 0.003238 0.18592099999999992 0.021213999999999979 0 0 1
21 uniform 2 15 0.67456199999999999 118.83954582379326 1 67 0.37473400000000001 0.0097090000000000006 0.26624100000000001 0.0038240000000000001 0.0010690000000000001 0.002594 0.010725999999999999 0.037058000000000001 0.023266999999999999 0 0.026971999999999999 0.00077700000000000002 0.18928600000000001 0.001227 0.0031479999999999998 0.22863199999999997 0.025952999999999986 0 0 2
21 uniform 2 23 0.65273499999999995 131.58056687222526 1 58 0.42950300000000002 0.010015 0.18913200000000002 0.002764 0.00071400000000000001 0.0027030000000000001 0.010784 0.034724999999999999 0.023757 0 0.027231999999999999 0.00078100000000000001 0.24643500000000002 0.0010460000000000001 0.0032030000000000001 0.15743599999999996 0.021662000000000004 0 0 3
21 uniform 3 0 0.39934399999999998 2.9500634665866552 1 45 0.32110699999999998 0.0087229999999999999 0.051587000000000008 0.0026710000000000002 0.00074200000000000004 0.002911 0.010907999999999999 0.161301 0.033942 0 0.026631999999999999 0.00084900000000000004 0.001977 0.0011820000000000001 0.0031910000000000003 0.028729999999999995 0.016074000000000001 0 0 0
21 uniform 3 7 0.28334999999999999 2.8393495851036539 1 45 0.18593499999999999 0.0085159999999999993 0.071226999999999999 0.0025440000000000003 0.00069400000000000006 0.0026689999999999999 0.010182999999999999 0.041654999999999998 0.022884999999999999 0 0.02639 0.00081499999999999997 0.0018079999999999999 0.0010269999999999999 0.0030790000000000001 0.050338999999999995 0.014128999999999999 0 0 1
21 uniform 3 15 0.28496700000000003 2.7356284621670364 1 45 0.18656800000000001 0.0083000000000000001 0.072416000000000008 0.0025260000000000005 0.00066200000000000005 0.0026610000000000002 0.0095689999999999994 0.048045999999999998 0.021021000000000001 0 0.025995999999999998 0.00080199999999999998 0.001794 0.00099500000000000001 0.0030869999999999999 0.050246000000000006 0.015393000000000004 0 0 2
21 uniform 3 23 0.28881099999999998 2.6490747353699877 1 45 0.190197 0.0083689999999999997 0.071971000000000021 0.0025000000000000001 0.00075000000000000002 0.002562 0.0095149999999999992 0.048708000000000001 0.021321 0 0.026537000000000002 0.00076300000000000001 0.0018749999999999999 0.001077 0.0030559999999999997 0.049984999999999995 0.015245000000000002 0 0 3
21 uniform 4 0 0.393453 2.4096815224785884 1 45 0.32238499999999998 0.0083149999999999995 0.045035000000000019 0.00233 0.00069099999999999999 0.0028210000000000002 0.0098860000000000007 0.18074599999999999 0.020754000000000002 0 0.026402999999999999 0.00070699999999999995 0.0013149999999999998 0.001085 0.0032710000000000005 0.023977999999999999 0.0143 0 0 0
21 uniform 4 7 0.28965299999999999 2.4254611298270636 1 45 0.18971199999999999 0.0080429999999999998 0.074350999999999987 0.002317 0.00061699999999999993 0.002712 0.0095370000000000003 0.051601000000000001 0.020851999999999999 0 0.025507999999999999 0.00080199999999999998 0.001261 0.001134 0.0031440000000000005 0.053391000000000001 0.014189000000000002 0 0 1
21 uniform 4 15 0.28077800000000003 2.4455037256515806 1 45 0.188609 0.0081040000000000001 0.066724000000000006 0.0023289999999999999 0.00058200000000000005 0.0025820000000000001 0.0092820000000000003 0.052796999999999997 0.020693 0 0.025328 0.00071699999999999997 0.0012279999999999999 0.00095100000000000002 0.0029869999999999996 0.046338999999999998 0.013665000000000007 0 0 2
21 uniform 4 23 0.28049499999999999 2.4679124262261727 1 45 0.18681400000000001 0.0079089999999999994 0.068594000000000002 0.0023150000000000002 0.00055700000000000009 0.0023649999999999999 0.0088310000000000003 0.052060000000000002 0.020816999999999999 0 0.025512 0.00063699999999999998 0.0012080000000000001 0.00094300000000000004 0.0029499999999999999 0.046510000000000003 0.015346000000000005 0 0 3
22 linear 0 0 0.43822100000000003 3.7028441215168066 1 81 0.28850199999999998 0.0092239999999999996 0.10950099999999996 0.0048009999999999997 0.0012929999999999999 0.0029759999999999999 0.011436 0.139824 0.021919999999999999 0 0.026868 0.00071299999999999998 0.0025869999999999999 0.0010399999999999999 0.0032360000000000002 0.05270200000000002 0.029345999999999994 0.0096370000000000015 0 0
22 linear 0 7 0.32942100000000002 3.6330683004018183 1 81 0.16815099999999999 0.0087290000000000006 0.12652900000000003 0.0042460000000000006 0.0011819999999999999 0.002977 0.011188999999999999 0.022648000000000001 0.021689 0 0.027220999999999999 0.00075799999999999999 0.002405 0.0011440000000000001 0.0029919999999999999 0.072485000000000036 0.026777000000000016 0.0096350000000000012 0 1
22 linear 0 15 0.32827499999999998 3.5538465944611182 1 81 0.162268 0.0085339999999999999 0.13180700000000001 0.0040939999999999995 0.001168 0.0026029999999999998 0.010068000000000001 0.021236999999999999 0.020944999999999998 0 0.026630000000000001 0.00086399999999999997 0.00232 0.001008 0.0028759999999999997 0.075884000000000007 0.028662999999999977 0.009614000000000001 0 2
22 linear 0 23 0.31120300000000001 3.4755289065463906 1 74 0.16061300000000001 0.0086940000000000003 0.11446699999999999 0.00679 0.001206 0.002441 0.0096469999999999993 0.021017999999999998 0.021069999999999998 0 0.026218999999999999 0.00083100000000000003 0.0024340000000000004 0.00097799999999999992 0.0029519999999999998 0.064228999999999994 0.025246000000000001 0.0088079999999999999 0 3
22 linear 1 0 0.57660699999999998 4.0681619255527304 1 97 0.33346199999999998 0.011986 0.19534800000000005 0.0062529999999999999 0.001255 0.0028210000000000002 0.010354 0.178201 0.021572000000000001 0 0.027002999999999999 0.00084000000000000003 0.0051979999999999995 0.001073 0.0035860000000000006 0.071252999999999997 0.046336999999999982 0.015716999999999998 0 0
22 linear 1 7 0.59890399999999999 4.0488122293883615 1 97 0.2964 0.016049999999999998 0.25052899999999995 0.0060719999999999993 0.0011819999999999999 0.002735 0.010293999999999999 0.044345000000000002 0.021274000000000001 0 0.027369999999999998 0.00084900000000000004 0.098400000000000015 0.001227 0.003974000000000001 0.12566700000000003 0.047414999999999999 0.016146000000000001 0 1
22 linear 1 15 0.48383599999999999 3.9805313800074744 1 97 0.20196800000000001 0.011419 0.23512700000000014 0.005855 0.0011410000000000001 0.002764 0.011331000000000001 0.042784000000000003 0.024701000000000001 0 0.027258000000000001 0.00077300000000000003 0.0039090000000000001 0.0010070000000000001 0.0035850000000000001 0.11587799999999994 0.046357999999999969 0.015877999999999993 0 2
22 linear 1 23 0.50497499999999995 3.848076948463834 1 105 0.206647 0.011357000000000001 0.24855000000000008 0.0064089999999999998 0.0012280000000000001 0.0025690000000000001 0.0098130000000000005 0.045607000000000002 0.02444 0 0.027852999999999999 0.00074899999999999999 0.0040260000000000001 0.00096100000000000005 0.0037110000000000003 0.12662099999999996 0.049297999999999925 0.016501000000000005 0 3
22 linear 2 0 0.39229199999999997 2.5483663369443841 1 61 0.28071699999999999 0.0085769999999999996 0.077654000000000029 0.0044520000000000002 0.00087300000000000008 0.0025660000000000001 0.010442999999999999 0.13686200000000001 0.021371999999999999 0 0.026571000000000001 0.00079299999999999998 0.0019 0.0011659999999999999 0.003241 0.035453999999999986 0.021412000000000007 0.0072320000000000023 0 0
22 linear 2 7 0.30942399999999998 2.5698723161811974 1 61 0.164662 0.0083859999999999994 0.11191000000000001 0.0039069999999999999 0.00080800000000000002 0.002647 0.010333999999999999 0.021422 0.021604999999999999 0 0.026790000000000001 0.00078899999999999999 0.0019979999999999998 0.00109 0.0031279999999999997 0.070483999999999991 0.020702000000000005 0.0072360000000000011 0 1
22 linear 2 15 0.30099900000000002 2.598255592914648 1 61 0.162137 0.0081980000000000004 0.10628699999999999 0.0037569999999999999 0.00081500000000000008 0.002349 0.009469 0.020923000000000001 0.021097999999999999 0 0.026547999999999999 0.00081400000000000005 0.001853 0.001024 0.00297 0.063523999999999983 0.021710999999999991 0.0072470000000000043 0 2
22 linear 2 23 0.36559599999999998 2.6532654708467875 1 76 0.17016500000000001 0.011054 0.15481500000000001 0.0044819999999999999 0.0012460000000000001 0.0023040000000000001 0.0091719999999999996 0.022498000000000001 0.021564 0 0.026119 0.00072000000000000005 0.0020620000000000005 0.00098299999999999993 0.0032649999999999997 0.097912000000000013 0.030765999999999988 0.0090470000000000012 0 3
22 linear 3 0 0.41654400000000003 2.1369280188748561 1 61 0.30636099999999999 0.0082299999999999995 0.077878000000000044 0.0035660000000000002 0.00080600000000000008 0.0023679999999999999 0.010052999999999999 0.15945899999999999 0.021441000000000002 0 0.027084 0.00084400000000000002 0.0019149999999999998 0.001109 0.0031519999999999999 0.036273999999999994 0.021018999999999999 0.0072100000000000011 0 0
22 linear 3 7 0.328065 2.1431801679760594 1 61 0.182029 0.0081989999999999997 0.113665 0.0035350000000000004 0.000794 0.0023249999999999998 0.010272 0.037301000000000001 0.021083000000000001 0 0.026592999999999999 0.00074200000000000004 0.001931 0.0010820000000000001 0.0030470000000000002 0.072372999999999993 0.020757000000000015 0.0072399999999999982 0 1
22 linear 3 15 0.33196500000000001 2.1513263304419947 1 61 0.177679 0.0081150000000000007 0.122281 0.0035190000000000004 0.00076199999999999998 0.0023609999999999998 0.0095399999999999999 0.038091 0.021104000000000001 0 0.026429999999999999 0.00074600000000000003 0.0019270000000000001 0.001024 0.0030859999999999998 0.081964000000000023 0.019818000000000006 0.0072200000000000016 0 2
22 linear 3 23 0.340005 2.1607849736514604 1 61 0.178282 0.0080219999999999996 0.12834199999999996 0.0035829999999999998 0.00083499999999999991 0.002209 0.0092239999999999996 0.037096999999999998 0.021069999999999998 0 0.025541000000000001 0.00068099999999999996 0.0056179999999999997 0.00092599999999999996 0.0030389999999999996 0.084723000000000021 0.02158199999999999 0.0077650000000000019 0 3
22 linear 4 0 0.467775 1.7915537159851744 1 76 0.31600600000000001 0.010810999999999999 0.110461 0.00511 0.0012669999999999999 0.0025690000000000001 0.012343 0.15106600000000001 0.026459 0 0.029512 0.00079699999999999997 0.0035230000000000001 0.001132 0.003859 0.050672000000000036 0.031158999999999996 0.010038 0 0
22 linear 4 7 0.36226799999999998 1.7746575547981962 1 68 0.18585399999999999 0.0092280000000000001 0.14056399999999999 0.0042950000000000002 0.001023 0.0026099999999999999 0.011865000000000001 0.024303999999999999 0.026244 0 0.030190000000000002 0.000812 0.0034489999999999998 0.0011490000000000001 0.0036970000000000002 0.088348999999999997 0.027426000000000006 0.0086960000000000023 0 1
22 linear 4 15 0.31941599999999998 1.7570825281723679 1 68 0.165466 0.0085070000000000007 0.11969599999999996 0.0044990000000000004 0.00098799999999999995 0.002336 0.0094439999999999993 0.020834999999999999 0.021156999999999999 0 0.026626 0.00072000000000000005 0.0032550000000000001 0.001088 0.003179 0.071962000000000012 0.024721 0.0080679999999999988 0 2
22 linear 4 23 0.31467699999999998 1.7411074131693021 1 68 0.16198499999999999 0.0081969999999999994 0.11934299999999999 0.0040809999999999996 0.00087499999999999991 0.0023289999999999999 0.0092060000000000006 0.020782999999999999 0.021111999999999999 0 0.026497 0.00081099999999999998 0.003107 0.0010169999999999999 0.0029979999999999998 0.072153999999999982 0.024220999999999989 0.0080820000000000041 0 3
22 uniform 0 0 0.415966 3.6388616487739101 1 81 0.287049 0.0089060000000000007 0.094082000000000013 0.0039560000000000003 0.001374 0.0026519999999999998 0.010043 0.140014 0.021482000000000001 0 0.026457999999999999 0.00075100000000000004 0.0023110000000000001 0.0012149999999999999 0.0030590000000000001 0.052481 0.029438999999999983 0 0 0
22 uniform 0 7 0.30858600000000003 3.5758042817689462 1 81 0.16275800000000001 0.0087290000000000006 0.111428 0.0036209999999999992 0.0012030000000000001 0.0025769999999999999 0.0096419999999999995 0.022270000000000002 0.021141 0 0.026116 0.00071699999999999997 0.0023900000000000002 0.001013 0.0030930000000000003 0.072328999999999991 0.026968000000000013 0 0 1
22 uniform 0 15 0.31095 3.5039648141151405 1 81 0.16037699999999999 0.0084939999999999998 0.11670300000000002 0.0035399999999999997 0.0010950000000000001 0.0024759999999999999 0.0092519999999999998 0.020967 0.020944999999999998 0 0.026315000000000002 0.00077200000000000001 0.0023479999999999998 0.00095699999999999995 0.0029910000000000002 0.075949000000000016 0.028658999999999987 0 0 2
22 uniform 0 23 0.29641600000000001 3.4326021968176819 1 74 0.15968399999999999 0.0087139999999999995 0.10423299999999996 0.0033680000000000003 0.001067 0.0023930000000000002 0.0091629999999999993 0.02086 0.020757999999999999 0 0.026079000000000001 0.00067000000000000002 0.0024169999999999999 0.0010070000000000001 0.0029989999999999999 0.064495000000000011 0.028665000000000003 0 0 3
22 uniform 1 0 0.49189100000000002 4.0253292602520254 1 81 0.33374399999999999 0.011808000000000001 0.11824900000000001 0.0041130000000000003 0.001186 0.0024510000000000001 0.010016000000000001 0.178534 0.021735000000000001 0 0.026529 0.00082600000000000002 0.0045549999999999992 0.0010640000000000001 0.0035399999999999993 0.064334000000000002 0.041034999999999995 0 0 0
22 uniform 1 7 0.491207 4.01268648463454 1 81 0.29009299999999999 0.011449000000000001 0.158304 0.0039849999999999998 0.001088 0.0025089999999999999 0.0095670000000000009 0.044156000000000001 0.021215000000000001 0 0.026766000000000002 0.00074700000000000005 0.098313999999999999 0.0010369999999999999 0.0034210000000000004 0.10377600000000001 0.041596999999999974 0 0 1
22 uniform 1 15 0.378307 3.9585325655607653 1 81 0.190167 0.011136999999999999 0.14954500000000004 0.0037929999999999999 0.00099500000000000001 0.002362 0.0095770000000000004 0.041072999999999998 0.021017999999999998 0 0.026297999999999998 0.00076900000000000004 0.0037940000000000001 0.00098999999999999999 0.0032330000000000002 0.095637000000000014 0.041027999999999981 0 0 2
22 uniform 1 23 0.38096000000000002 3.8373433288687848 1 81 0.1933 0.011030999999999999 0.14959600000000003 0.0037259999999999997 0.00099700000000000006 0.0023349999999999998 0.0092689999999999995 0.044283000000000003 0.023064000000000001 0 0.025897 0.00076300000000000001 0.0039750000000000002 0.00092699999999999998 0.0031880000000000003 0.096311999999999981 0.040279000000000002 0 0 3
22 uniform 2 0 0.35977399999999998 2.5569948630778288 1 45 0.28477000000000002 0.0084530000000000004 0.049046000000000006 0.0023159999999999999 0.00071100000000000004 0.0022910000000000001 0.010163999999999999 0.14155499999999999 0.023141999999999999 0 0.026526999999999998 0.000767 0.0018500000000000001 0.001059 0.00316 0.025601999999999989 0.016655 0 0 0
22 uniform 2 7 0.262102 2.5799161311511902 1 45 0.16348199999999999 0.0085170000000000003 0.071986999999999995 0.0025530000000000001 0.00066200000000000005 0.0022650000000000001 0.0097599999999999996 0.021021999999999999 0.022561999999999999 0 0.025822999999999999 0.00070500000000000001 0.0019940000000000001 0.001122 0.003124 0.049216000000000017 0.015936999999999996 0 0 1
22 uniform 2 15 0.26000200000000001 2.6104907363582366 1 45 0.16325000000000001 0.0081770000000000002 0.071334000000000009 0.0023360000000000004 0.00062600000000000004 0.0024359999999999998 0.0099380000000000007 0.020919 0.022422999999999998 0 0.025798999999999999 0.00073899999999999997 0.0018810000000000001 0.00108 0.0030649999999999996 0.048372000000000005 0.016195999999999995 0 0 2
22 uniform 2 23 0.32953100000000002 2.6794029130640142 1 60 0.17241300000000001 0.011006 0.123155 0.0030500000000000002 0.0010089999999999999 0.0024329999999999998 0.0096629999999999997 0.02232 0.023358 0 0.025687999999999999 0.00068400000000000004 0.0021119999999999997 0.00095200000000000005 0.0032620000000000001 0.089647999999999992 0.024435999999999996 0 0 3
22 uniform 3 0 0.38020900000000002 2.1376999866182973 1 45 0.30226199999999998 0.0083099999999999997 0.052249999999999984 0.0022890000000000002 0.00073400000000000006 0.002317 0.0099740000000000002 0.15867200000000001 0.023216000000000001 0 0.026624999999999999 0.00069499999999999998 0.0019240000000000001 0.001072 0.003081 0.029324999999999997 0.016166000000000007 0 0 0
22 uniform 3 7 0.27805200000000002 2.1440371524810837 1 45 0.17790300000000001 0.0080440000000000008 0.074790000000000009 0.002215 0.00066399999999999999 0.0022369999999999998 0.0099159999999999995 0.037162000000000001 0.022782 0 0.025909000000000001 0.00069899999999999997 0.0019170000000000001 0.001116 0.0030009999999999998 0.051939999999999986 0.016073000000000007 0 0 1
22 uniform 3 15 0.28980400000000001 2.1523071272068561 1 45 0.181587 0.0082220000000000001 0.082323999999999994 0.0024099999999999998 0.00059199999999999997 0.0022030000000000001 0.0091059999999999995 0.038142000000000002 0.023727999999999999 0 0.026144000000000001 0.00067100000000000005 0.0020010000000000002 0.0042969999999999996 0.0031100000000000004 0.059957000000000003 0.015576000000000001 0 0 2
22 uniform 3 23 0.28371200000000002 2.1619305618528593 1 45 0.17780299999999999 0.0081530000000000005 0.080437999999999982 0.0023409999999999998 0.00059600000000000007 0.002245 0.0095149999999999992 0.037261000000000002 0.024143999999999999 0 0.025984 0.00077999999999999999 0.001941 0.001047 0.0030330000000000001 0.057266999999999998 0.016435999999999996 0 0 3
22 uniform 4 0 0.37323699999999999 1.7941540041390678 1 52 0.28238600000000003 0.0085489999999999993 0.064078999999999997 0.0027479999999999996 0.00077099999999999998 0.002346 0.010078 0.13506299999999999 0.024459999999999999 0 0.027113999999999999 0.00072000000000000005 0.0031840000000000002 0.001134 0.003228 0.036082999999999997 0.020125999999999984 0 0 0
22 uniform 4 7 0.27662500000000001 1.7768923398220815 1 52 0.16599900000000001 0.0084449999999999994 0.084092000000000014 0.0025690000000000001 0.00080300000000000011 0.0023340000000000001 0.0097710000000000002 0.02085 0.022675000000000001 0 0.028528999999999999 0.00076300000000000001 0.0032810000000000001 0.001108 0.0031900000000000001 0.053157000000000003 0.023148999999999999 0 0 1
22 uniform 4 15 0.27208199999999999 1.7589776206040222 1 52 0.165632 0.0083140000000000002 0.080753000000000005 0.002385 0.00064199999999999999 0.002565 0.010182 0.023081999999999998 0.020841999999999999 0 0.026481999999999999 0.00067599999999999995 0.0030509999999999999 0.00097900000000000005 0.0030500000000000002 0.053417999999999993 0.019545000000000007 0 0 2
22 uniform 4 23 0.27024100000000001 1.7427272912348268 1 52 0.16188 0.0084880000000000008 0.081692000000000015 0.0025930000000000003 0.00070200000000000004 0.0022850000000000001 0.0088450000000000004 0.020558 0.021031000000000001 0 0.026884999999999999 0.00077099999999999998 0.0032109999999999999 0.00093999999999999997 0.0031879999999999999 0.054303999999999998 0.019618 0 0 3
23 linear 0 0 0.63311300000000004 16.233902226671066 1 82 0.32068400000000002 0.013236 0.26892899999999997 0.0062979999999999998 0.0013060000000000001 0.0031930000000000001 0.011642 0.166625 0.022886 0 0.026381000000000002 0.00084400000000000002 0.001841 0.0010139999999999999 0.0034099999999999998 0.104587 0.04004300000000003 0.017351999999999989 0 0
23 linear 0 7 0.48892200000000002 16.700879650300749 1 82 0.175484 0.010699999999999999 0.27295299999999983 0.0058239999999999993 0.0011000000000000001 0.0033700000000000002 0.012035000000000001 0.0080669999999999995 0.025509 0 0.029694999999999999 0.00094799999999999995 0.0020369999999999997 0.001224 0.0036300000000000004 0.10886999999999998 0.037970999999999998 0.016995000000000003 0 1
23 linear 0 15 0.50470300000000001 16.995680709723594 1 82 0.18454100000000001 0.011932999999999999 0.27871700000000005 0.0057099999999999998 0.0010219999999999999 0.0030170000000000002 0.01184 0.0084829999999999992 0.027647999999999999 0 0.029472000000000002 0.00095399999999999999 0.0020639999999999999 0.0010480000000000001 0.0035000000000000001 0.10770299999999997 0.039336000000000051 0.016296999999999996 0 2
23 linear 0 23 0.44076199999999999 17.041352986733589 1 82 0.15685499999999999 0.0096100000000000005 0.24801499999999999 0.00479 0.00094799999999999995 0.0028660000000000001 0.010732 0.0059909999999999998 0.021791000000000001 0 0.028159 0.00087100000000000003 0.0019469999999999999 0.00072000000000000005 0.002869 0.095957999999999988 0.03504700000000003 0.014943000000000005 0 3
23 linear 1 0 0.42116900000000002 1.0108697400798328 1 59 0.32559900000000003 0.0064419999999999998 0.06830399999999999 0.0034889999999999999 0.00072599999999999997 0.0030890000000000002 0.011416000000000001 0.175709 0.025853999999999999 0 0.028910000000000002 0.00089899999999999995 0.0017200000000000002 0.001604 0.0028110000000000001 0.029678999999999994 0.01855999999999999 0.0070450000000000026 0 0
23 linear 1 7 0.26428200000000002 1.0108040031535084 1 59 0.16212799999999999 0.0062030000000000002 0.075099999999999986 0.0037260000000000001 0.00063199999999999997 0.0029580000000000001 0.010706 0.019744000000000001 0.021427000000000002 0 0.029378000000000001 0.00086399999999999997 0.0016610000000000001 0.0012869999999999999 0.0027919999999999998 0.037250999999999999 0.017896999999999996 0.0070280000000000021 0 1
23 linear 1 15 0.24717 1.0106542381038515 1 59 0.146616 0.0059560000000000004 0.074418999999999985 0.0031359999999999999 0.00062100000000000002 0.0029750000000000002 0.010477 0.0079419999999999994 0.021676000000000001 0 0.029302999999999999 0.00085099999999999998 0.0015939999999999999 0.001286 0.0027830000000000003 0.036810999999999997 0.017774000000000002 0.0070200000000000028 0 2
23 linear 1 23 0.25998399999999999 1.0104307565271318 1 59 0.153224 0.0059129999999999999 0.080813000000000024 0.0030720000000000001 0.00070399999999999998 0.0026979999999999999 0.0096010000000000002 0.016832 0.021987 0 0.02912 0.00078399999999999997 0.001601 0.001165 0.0027350000000000005 0.037520999999999985 0.023315999999999996 0.0070170000000000033 0 3
23 linear 2 0 0.41711799999999999 1.0089731907291923 1 52 0.32219500000000001 0.0088749999999999992 0.066805999999999977 0.0028729999999999997 0.00067599999999999995 0.0028 0.010331999999999999 0.17552000000000001 0.021940999999999999 0 0.028358999999999999 0.00083699999999999996 0.0029890000000000003 0.0010989999999999999 0.0029369999999999995 0.032377000000000003 0.016733000000000001 0.0061579999999999994 0 0
23 linear 2 7 0.26068000000000002 1.0091385210930417 1 52 0.15643199999999999 0.0086169999999999997 0.075402999999999998 0.0035199999999999997 0.0006600000000000001 0.002575 0.0095680000000000001 0.012311000000000001 0.020943 0 0.02793 0.00076599999999999997 0.0029499999999999999 0.001078 0.0029920000000000003 0.041118000000000009 0.016683999999999991 0.0061849999999999995 0 1
23 linear 2 15 0.27214300000000002 1.0094844081941412 1 52 0.165133 0.0082830000000000004 0.079192000000000026 0.0029659999999999999 0.00067600000000000006 0.002611 0.0098359999999999993 0.021950999999999998 0.021111000000000001 0 0.027642 0.00077700000000000002 0.0031620000000000003 0.00097799999999999992 0.0029239999999999995 0.044629999999999989 0.017034999999999991 0.0061870000000000024 0 2
23 linear 2 23 0.26375199999999999 1.0100985558144895 1 59 0.14973500000000001 0.0062110000000000004 0.087970999999999994 0.0030420000000000004 0.00062399999999999999 0.0024359999999999998 0.0090779999999999993 0.015689999999999999 0.021496000000000001 0 0.026721999999999999 0.00071699999999999997 0.001686 0.0013389999999999999 0.0028179999999999998 0.047491000000000005 0.020332999999999993 0.0069980000000000025 0 3
23 linear 3 0 0.66790899999999997 6.3847383994123001 1 136 0.34346500000000002 0.012429000000000001 0.27040000000000008 0.0088470000000000007 0.0016200000000000001 0.0028760000000000001 0.010907999999999999 0.18276000000000001 0.022287000000000001 0 0.027660000000000001 0.00091799999999999998 0.0021350000000000002 0.00075299999999999998 0.0036030000000000003 0.13080199999999995 0.046191000000000017 0.017544999999999995 0 0
23 linear 3 7 0.46588299999999999 5.8587972952224607 1 129 0.19100600000000001 0.0093860000000000002 0.22626999999999986 0.0080170000000000016 0.001779 0.002846 0.010877 0.036184000000000001 0.023272000000000001 0 0.027882000000000001 0.00096900000000000003 0.0019980000000000002 0.00076099999999999996 0.0032750000000000001 0.116699 0.037536000000000014 0.015861999999999998 0 1
23 linear 3 15 0.38162400000000002 5.3574407701568463 1 97 0.18171000000000001 0.0088350000000000008 0.16217100000000001 0.0054839999999999993 0.001291 0.002843 0.010659 0.031593999999999997 0.023272000000000001 0 0.027428000000000001 0.00092699999999999998 0.0018969999999999998 0.00065799999999999995 0.0030209999999999998 0.088487999999999956 0.027463000000000005 0.011761000000000001 0 2
23 linear 3 23 0.37735400000000002 4.937428664337812 1 97 0.181755 0.0088299999999999993 0.15865600000000002 0.0051259999999999995 0.0011339999999999998 0.002598 0.010022 0.030710999999999999 0.022817 0 0.027997000000000001 0.00085599999999999999 0.001921 0.00062399999999999999 0.0030709999999999999 0.090757000000000004 0.027374999999999997 0.011878999999999999 0 3
23 linear 4 0 0.64190899999999995 6.1341323070362472 1 95 0.34596100000000002 0.015146 0.24711799999999998 0.0056600000000000001 0.0011970000000000001 0.0024680000000000001 0.010099 0.18323 0.022914 0 0.026964999999999999 0.00089800000000000004 0.0022620000000000001 0.00031399999999999999 0.003669 0.1094 0.038709999999999994 0.015265000000000001 0 0
23 linear 4 7 0.51830600000000004 5.6239307214236218 1 120 0.19677700000000001 0.012640999999999999 0.27182600000000007 0.0073889999999999997 0.0013950000000000002 0.002637 0.010219000000000001 0.032931000000000002 0.023861 0 0.026814999999999999 0.00081700000000000002 0.002088 0.00084599999999999996 0.0035380000000000003 0.13283600000000001 0.044279999999999979 0.016760999999999995 0 1
23 linear 4 15 0.49237500000000001 5.1422363424668331 1 120 0.19075900000000001 0.012184 0.25408900000000006 0.0068139999999999997 0.001495 0.0026199999999999999 0.010090999999999999 0.032937000000000001 0.023191 0 0.027628 0.00081499999999999997 0.0020370000000000002 0.00078899999999999999 0.0033540000000000002 0.13490600000000005 0.042836999999999965 0.015661999999999999 0 2
23 linear 4 23 0.386818 4.7416090265481845 1 97 0.18360299999999999 0.0090810000000000005 0.16549500000000003 0.0050759999999999998 0.001457 0.0025720000000000001 0.009953 0.032459000000000002 0.023098 0 0.029135000000000001 0.00084900000000000004 0.0018619999999999997 0.00081300000000000003 0.0029929999999999996 0.084183999999999939 0.030828999999999971 0.011857000000000001 0 3
23 uniform 0 0 0.53193000000000001 15.529634502737235 1 98 0.32302900000000001 0.010081 0.16746800000000001 0.0060039999999999998 0.0012160000000000001 0.0026949999999999999 0.01086 0.16758700000000001 0.024549000000000001 0 0.026683999999999999 0.00089999999999999998 0.001977 0.001237 0.0034319999999999997 0.11097700000000002 0.039766999999999969 0 0 0
23 uniform 0 7 0.37273699999999999 15.845639454693035 1 98 0.16437099999999999 0.0096659999999999992 0.16865100000000008 0.0052510000000000005 0.001016 0.0029819999999999998 0.011167 0.0073220000000000004 0.024614 0 0.026391000000000001 0.00081800000000000004 0.001846 0.0011019999999999999 0.003238 0.11396699999999998 0.038109000000000004 0 0 1
23 uniform 0 15 0.36148999999999998 16.042082903898912 1 98 0.15623000000000001 0.0096050000000000007 0.166246 0.0047509999999999991 0.001173 0.0028050000000000002 0.010763999999999999 0.0074359999999999999 0.022064 0 0.026202 0.00078399999999999997 0.0018600000000000001 0.00090700000000000004 0.0030110000000000007 0.10923999999999998 0.04038499999999999 0 0 2
23 uniform 0 23 0.36129699999999998 16.072291654477414 1 98 0.15467700000000001 0.0095060000000000006 0.16810100000000008 0.0044999999999999997 0.0010610000000000001 0.0026419999999999998 0.010529999999999999 0.0060070000000000002 0.022079999999999999 0 0.027798 0.00075199999999999996 0.0018370000000000001 0.00070799999999999997 0.0028789999999999996 0.112965 0.038523000000000002 0 0 3
23 uniform 1 0 0.38948899999999997 1.0106541488456351 1 43 0.32525500000000002 0.0065469999999999999 0.043602999999999996 0.0021410000000000001 0.00053299999999999995 0.0030490000000000001 0.011457999999999999 0.17874699999999999 0.022453999999999998 0 0.029002 0.00089599999999999999 0.001807 0.0015219999999999999 0.0028260000000000004 0.023219 0.013926000000000003 0 0 0
23 uniform 1 7 0.22619 1.010569379360249 1 43 0.160383 0.0061999999999999998 0.045873000000000004 0.0019269999999999999 0.00047899999999999999 0.0028300000000000001 0.011004 0.019571000000000002 0.021642000000000002 0 0.029477 0.00081099999999999998 0.001663 0.0013060000000000001 0.0026679999999999994 0.025524999999999996 0.013872999999999995 0 0 1
23 uniform 1 15 0.208782 1.010424144921235 1 43 0.14444699999999999 0.0060070000000000002 0.044874000000000011 0.0016680000000000002 0.00045899999999999999 0.0026359999999999999 0.0097310000000000001 0.0079030000000000003 0.021354999999999999 0 0.029468000000000001 0.00083299999999999997 0.0016280000000000001 0.0013389999999999999 0.0027110000000000003 0.025591999999999997 0.012856000000000001 0 0 2
23 uniform 1 23 0.22125400000000001 1.0102299440474372 1 43 0.15123800000000001 0.0059670000000000001 0.050943000000000002 0.0016790000000000002 0.00045200000000000004 0.0025860000000000002 0.0093069999999999993 0.016992 0.021645999999999999 0 0.028656999999999998 0.000861 0.0015890000000000001 0.0011509999999999999 0.0026819999999999999 0.030439000000000004 0.013958 0 0 3
23 uniform 2 0 0.38578099999999999 1.0089829425652816 1 36 0.32077499999999998 0.0087790000000000003 0.043745000000000006 0.0016229999999999999 0.00046299999999999998 0.002689 0.010038999999999999 0.174404 0.021826000000000002 0 0.028094000000000001 0.00081300000000000003 0.0030410000000000003 0.0010790000000000001 0.0029629999999999999 0.025926000000000005 0.012398000000000001 0 0 0
23 uniform 2 7 0.22104799999999999 1.0091560122851695 1 36 0.15550700000000001 0.0083730000000000002 0.044565 0.0016669999999999999 0.000428 0.002575 0.0099930000000000001 0.01247 0.021096 0 0.027087 0.00075900000000000002 0.0029139999999999999 0.00098700000000000003 0.0030160000000000005 0.026669999999999999 0.012422000000000008 0 0 1
23 uniform 2 15 0.23488100000000001 1.0095293236751897 1 36 0.16667399999999999 0.0082959999999999996 0.047613000000000009 0.001601 0.00037800000000000003 0.002503 0.0094640000000000002 0.021965999999999999 0.021361999999999999 0 0.027470999999999999 0.00086499999999999999 0.0031619999999999999 0.0010640000000000001 0.0028009999999999997 0.029670000000000002 0.012514000000000004 0 0 2
23 uniform 2 23 0.22423000000000001 1.0101619131157624 1 43 0.152641 0.0061720000000000004 0.052389000000000012 0.0016800000000000001 0.000455 0.002369 0.0091280000000000007 0.015622 0.021617000000000001 0 0.02911 0.00081700000000000002 0.0017140000000000002 0.0013110000000000001 0.0026619999999999999 0.030140999999999994 0.015751999999999992 0 0 3
23 uniform 3 0 0.59613499999999997 6.4292528742103325 1 136 0.345167 0.012396000000000001 0.19806199999999996 0.0082019999999999992 0.0015489999999999998 0.0029299999999999999 0.010888999999999999 0.18390400000000001 0.021867000000000001 0 0.027400999999999998 0.00084199999999999998 0.002196 0.00078700000000000005 0.0035960000000000002 0.13128400000000001 0.045972000000000013 0 0 0
23 uniform 3 7 0.40808299999999997 5.8920930416381356 1 129 0.183808 0.009195 0.17661000000000002 0.0077120000000000001 0.0016979999999999999 0.002696 0.010503 0.033180000000000001 0.021774999999999999 0 0.02784 0.00083100000000000003 0.0018580000000000001 0.00072999999999999996 0.0032330000000000002 0.11983499999999993 0.037423999999999992 0 0 1
23 uniform 3 15 0.37195099999999998 5.3821862010585493 1 113 0.180233 0.0088249999999999995 0.15036499999999997 0.00562 0.0014050000000000002 0.0028649999999999999 0.011096 0.031983999999999999 0.021742999999999998 0 0.028080000000000001 0.00083299999999999997 0.0018140000000000001 0.00066500000000000001 0.0030669999999999994 0.10013300000000004 0.032920999999999978 0 0 2
23 uniform 3 23 0.35785699999999998 4.9563256035726209 1 97 0.184226 0.0088210000000000007 0.13715099999999997 0.0043929999999999993 0.001122 0.0027239999999999999 0.011598000000000001 0.032210999999999997 0.024871000000000001 0 0.027841000000000001 0.00081899999999999996 0.0017800000000000001 0.00061700000000000004 0.0030000000000000005 0.094116000000000061 0.028119999999999992 0 0 3
23 uniform 4 0 0.571546 6.1730487850563982 1 95 0.35602400000000001 0.015441 0.16656200000000004 0.0050889999999999998 0.0011430000000000001 0.0026719999999999999 0.011282 0.18643599999999999 0.024867 0 0.028832 0.00092699999999999998 0.0021809999999999998 0.00027700000000000001 0.003692 0.11146499999999998 0.039477999999999985 0 0 0
23 uniform 4 7 0.46613500000000002 5.6530282826867371 1 136 0.19193099999999999 0.012759 0.21999999999999983 0.0069430000000000013 0.001609 0.0025330000000000001 0.0099760000000000005 0.034162999999999999 0.024795000000000001 0 0.028029999999999999 0.00086200000000000003 0.0019649999999999997 0.00076800000000000002 0.0033300000000000005 0.150398 0.048212999999999957 0 0 1
23 uniform 4 15 0.45655000000000001 5.1638556691546258 1 136 0.184279 0.012043 0.22066500000000003 0.0070390000000000001 0.0017149999999999999 0.0024610000000000001 0.009502 0.032559999999999999 0.021122999999999999 0 0.027133999999999998 0.00086899999999999998 0.0021400000000000004 0.00068199999999999999 0.003326 0.15289900000000006 0.046987000000000015 0 0 2
23 uniform 4 23 0.373753 4.7580604695350344 1 113 0.180621 0.0089720000000000008 0.15214399999999995 0.0052820000000000002 0.0014980000000000002 0.0025439999999999998 0.010251 0.032719999999999999 0.021682 0 0.027743 0.00080699999999999999 0.001794 0.00072499999999999995 0.0029220000000000001 0.10036499999999998 0.034911999999999964 0 0 3
24 linear 0 0 0.47764800000000002 2.6529489494757317 1 89 0.30481399999999997 0.010305999999999999 0.13145899999999999 0.0054250000000000001 0.0015679999999999999 0.0030890000000000002 0.011342 0.15448999999999999 0.022579999999999999 0 0.027379000000000001 0.00082899999999999998 0.00063599999999999996 0.0013389999999999999 0.0032559999999999998 0.066161000000000025 0.032077000000000001 0.012366999999999996 0 0
24 linear 0 7 0.38932299999999997 2.6311604328961202 1 89 0.18269099999999999 0.0097870000000000006 0.16663299999999998 0.0049819999999999994 0.001323 0.0028279999999999998 0.010630000000000001 0.036782000000000002 0.021878000000000002 0 0.026859000000000001 0.00082100000000000001 0.00059299999999999999 0.0010989999999999999 0.0031930000000000001 0.10166999999999998 0.031833000000000014 0.012354999999999998 0 1
24 linear 0 15 0.42466900000000002 2.597265481951228 1 97 0.183836 0.0098399999999999998 0.19579199999999991 0.0062889999999999995 0.0013749999999999999 0.0028010000000000001 0.010392 0.037769999999999998 0.021399000000000001 0 0.027054999999999999 0.00087200000000000005 0.00058 0.001189 0.003382 0.12510700000000002 0.034774999999999986 0.013299999999999999 0 2
24 linear 0 23 0.41423500000000002 2.5551476280703618 1 97 0.18381900000000001 0.0095790000000000007 0.18615500000000013 0.0058359999999999992 0.001374 0.0026909999999999998 0.0096559999999999997 0.040023000000000003 0.021499000000000001 0 0.026866000000000001 0.00082799999999999996 0.00057200000000000003 0.0011460000000000001 0.0031910000000000003 0.11515399999999996 0.035110999999999996 0.013288000000000001 0 3
24 linear 1 0 0.45624599999999998 8.8531093681954722 1 83 0.30330800000000002 0.0090189999999999992 0.11529600000000002 0.0051739999999999998 0.001248 0.002921 0.011197 0.15540000000000001 0.022186999999999998 0 0.026806 0.00087100000000000003 0.00057400000000000007 0.0012650000000000001 0.0031749999999999999 0.053419000000000022 0.029789999999999997 0.01163 0 0
24 linear 1 7 0.32328099999999999 10.854513880267488 1 67 0.19294500000000001 0.008685 0.098121000000000014 0.0038270000000000001 0.0010430000000000001 0.0028010000000000001 0.01064 0.045850000000000002 0.023106000000000002 0 0.027389 0.00079699999999999997 0.00065799999999999995 0.001178 0.003192 0.051872000000000001 0.019905999999999997 0.0097420000000000076 0 1
24 linear 1 15 0.32972299999999999 12.469292415819734 1 67 0.19492200000000001 0.0088590000000000006 0.10289799999999998 0.0036739999999999997 0.00086399999999999997 0.002663 0.010567 0.046704000000000002 0.022974000000000001 0 0.027598000000000001 0.000745 0.00060300000000000002 0.0012260000000000001 0.0033660000000000001 0.056125000000000022 0.020379999999999999 0.0097510000000000062 0 2
24 linear 1 23 0.325853 13.661412861551119 1 67 0.192908 0.0086 0.10101799999999997 0.0038189999999999999 0.00082899999999999998 0.0027009999999999998 0.010428 0.04802 0.022974999999999999 0 0.028126999999999999 0.00075199999999999996 0.000611 0.0011019999999999999 0.0032459999999999998 0.055029000000000008 0.019676999999999986 0.0097520000000000037 0 3
24 linear 2 0 0.514177 1.9765675639369711 1 97 0.28151700000000002 0.013134 0.18390899999999999 0.0061550000000000007 0.0015700000000000002 0.002833 0.010995 0.123726 0.024458000000000001 0 0.026228000000000001 0.00083799999999999999 0.00083900000000000001 0.0012099999999999999 0.0035739999999999999 0.074877000000000013 0.037774999999999989 0.014967999999999993 0 0
24 linear 2 7 0.46993699999999999 1.911095674947755 1 105 0.18593199999999999 0.012642 0.23367499999999999 0.0068239999999999993 0.0014 0.0028219999999999999 0.010562 0.03492 0.023647000000000001 0 0.026086999999999999 0.00083799999999999999 0.00080599999999999997 0.001075 0.003434 0.11670800000000006 0.041130999999999987 0.016198000000000001 0 1
24 linear 2 15 0.62613799999999997 1.7980032898415934 1 112 0.26383899999999999 0.016483999999999999 0.30208699999999988 0.0076579999999999999 0.0014210000000000002 0.0026700000000000001 0.0098019999999999999 0.034147999999999998 0.094539999999999999 0 0.026658999999999999 0.00084099999999999995 0.00098600000000000011 0.00083900000000000001 0.0038089999999999999 0.15566299999999988 0.055117999999999986 0.019599999999999999 0 2
24 linear 2 23 0.432147 1.63597382747695 1 89 0.19906299999999999 0.012703000000000001 0.18868499999999996 0.0050829999999999998 0.001042 0.002578 0.0095940000000000001 0.036417999999999999 0.033494999999999997 0 0.027125 0.000843 0.00079999999999999993 0.001103 0.0034030000000000002 0.11182600000000001 0.041675999999999984 0.014316999999999998 0 3
24 linear 3 0 0.42412100000000003 1.3742539659465927 1 60 0.28889900000000002 0.0099039999999999996 0.10135900000000002 0.0037549999999999997 0.00089000000000000006 0.0028089999999999999 0.011017000000000001 0.14161299999999999 0.024341000000000002 0 0.027136 0.00081800000000000004 0.0006249999999999999 0.0011850000000000001 0.0031619999999999994 0.051751999999999979 0.025822999999999988 0.0088970000000000021 0 0
24 linear 3 7 0.36734699999999998 1.3677559813380027 1 68 0.17486299999999999 0.0096539999999999994 0.15620700000000007 0.0041450000000000002 0.00094799999999999995 0.0027130000000000001 0.010253999999999999 0.031518999999999998 0.023063 0 0.026811000000000001 0.00078899999999999999 0.00062699999999999995 0.0010640000000000001 0.0031230000000000003 0.10121499999999997 0.028510999999999991 0.0098589999999999997 0 1
24 linear 3 15 0.36216900000000002 1.3605696853409364 1 68 0.174288 0.009587 0.15056899999999998 0.0045490000000000001 0.00093899999999999995 0.002454 0.012019999999999999 0.032726999999999999 0.021028999999999999 0 0.026696999999999999 0.000776 0.00059499999999999993 0.0010150000000000001 0.003107 0.095758999999999997 0.028246999999999998 0.0098539999999999982 0 2
24 linear 3 23 0.35845300000000002 1.3536116351415142 1 68 0.17669699999999999 0.0094179999999999993 0.14519799999999997 0.0043569999999999998 0.00095999999999999992 0.002617 0.010643 0.036247000000000001 0.021898000000000001 0 0.027392 0.00086499999999999999 0.00062699999999999995 0.00097300000000000002 0.0030000000000000001 0.090506000000000003 0.028137999999999989 0.0098419999999999966 0 3
24 linear 4 0 0.42447600000000002 1.3701841075628138 1 76 0.26553700000000002 0.012794 0.11562700000000001 0.0049560000000000003 0.0012310000000000001 0.0025609999999999999 0.010182999999999999 0.126165 0.021811000000000001 0 0.026925000000000001 0.00074399999999999998 0.00059100000000000005 0.001029 0.0031509999999999997 0.057045999999999999 0.029586999999999981 0.010825000000000001 0 0
24 linear 4 7 0.36732799999999999 1.3624811883218471 1 76 0.173122 0.0093989999999999994 0.15473700000000007 0.0047109999999999999 0.00099200000000000004 0.002441 0.0098530000000000006 0.036109000000000002 0.021059000000000001 0 0.026498000000000001 0.00070899999999999999 0.00060600000000000009 0.00091500000000000001 0.0031909999999999994 0.096648999999999985 0.029039000000000006 0.010812999999999996 0 1
24 linear 4 15 0.36699500000000002 1.3543735428213102 1 76 0.17019899999999999 0.0091079999999999998 0.15776400000000007 0.0047130000000000002 0.001155 0.0024429999999999999 0.0092800000000000001 0.032897000000000003 0.020995 0 0.026654000000000001 0.00075500000000000003 0.000611 0.00095500000000000001 0.0030569999999999998 0.100563 0.028274999999999984 0.010823000000000001 0 2
24 linear 4 23 0.36007600000000001 1.34688115731679 1 76 0.17175399999999999 0.0090519999999999993 0.14930100000000007 0.0047750000000000006 0.001034 0.0023149999999999998 0.0093120000000000008 0.033694000000000002 0.020996000000000001 0 0.028750999999999999 0.00077099999999999998 0.00060400000000000004 0.00091299999999999997 0.0029890000000000003 0.091996999999999968 0.028123000000000002 0.010778999999999999 0 3
24 uniform 0 0 0.44450299999999998 2.6436954541436406 1 89 0.29302099999999998 0.0099010000000000001 0.11119399999999999 0.0050409999999999995 0.0014959999999999999 0.0024369999999999999 0.010251 0.15024199999999999 0.022765000000000001 0 0.026089999999999999 0.00075900000000000002 0.00065300000000000004 0.0012149999999999999 0.003104 0.065284999999999996 0.031651000000000019 0 0 0
24 uniform 0 7 0.36757200000000001 2.6106845300596251 1 89 0.178734 0.0098189999999999996 0.14939799999999998 0.0046230000000000004 0.001315 0.0025300000000000001 0.010683 0.036518000000000002 0.021947999999999999 0 0.027101 0.00083000000000000001 0.00058000000000000011 0.0010970000000000001 0.0029740000000000001 0.10388300000000003 0.031381000000000006 0 0 1
24 uniform 0 15 0.35557899999999998 2.5665915167837032 1 81 0.176319 0.0094830000000000001 0.14304200000000003 0.003869 0.000941 0.0025839999999999999 0.0099469999999999992 0.037876 0.020941000000000001 0 0.026828000000000001 0.00088099999999999995 0.00058500000000000002 0.00108 0.0030109999999999994 0.10075500000000001 0.029393000000000002 0 0 2
24 uniform 0 23 0.351323 2.5171762552115307 1 81 0.17829500000000001 0.0093629999999999998 0.13736199999999987 0.0036670000000000001 0.00095999999999999992 0.0024880000000000002 0.0091489999999999991 0.039919999999999997 0.02121 0 0.026838000000000001 0.00076599999999999997 0.00056500000000000007 0.00096699999999999998 0.0029740000000000005 0.094722000000000001 0.029698999999999996 0 0 3
24 uniform 1 0 0.44564799999999999 9.4431972844786412 1 83 0.30702400000000002 0.0091800000000000007 0.099684000000000009 0.0052980000000000006 0.0011890000000000002 0.0028570000000000002 0.011110999999999999 0.15864800000000001 0.021898999999999998 0 0.026755000000000001 0.00085099999999999998 0.00059400000000000002 0.0012459999999999999 0.0032730000000000003 0.058697999999999965 0.027009000000000016 0 0 0
24 uniform 1 7 0.32259100000000002 11.38357788718292 1 67 0.20025599999999999 0.0098829999999999994 0.088412000000000018 0.0037199999999999998 0.0010070000000000001 0.002931 0.012237 0.047646000000000001 0.024707 0 0.028149 0.00083799999999999999 0.00067700000000000008 0.001322 0.0036439999999999997 0.055553999999999992 0.021176 0 0 1
24 uniform 1 15 0.32261699999999999 12.719742570184206 1 67 0.19558200000000001 0.0096120000000000008 0.094396999999999995 0.0034129999999999998 0.00082600000000000002 0.0026510000000000001 0.011648 0.048029000000000002 0.024441000000000001 0 0.026918999999999998 0.00077800000000000005 0.00059699999999999987 0.001075 0.0034380000000000005 0.061825999999999985 0.021181999999999996 0 0 2
24 uniform 1 23 0.31737500000000002 13.622522253665014 1 67 0.200101 0.0087670000000000005 0.084697999999999982 0.0033280000000000002 0.00083500000000000002 0.0025249999999999999 0.011343000000000001 0.052587000000000002 0.024254000000000001 0 0.027643000000000001 0.00075500000000000003 0.00058799999999999998 0.001054 0.003372 0.053195999999999993 0.020309999999999998 0 0 3
24 uniform 2 0 0.43690200000000001 2.005306332790215 1 81 0.28584999999999999 0.013247999999999999 0.10937599999999999 0.0040730000000000002 0.001271 0.002941 0.012449 0.124139 0.025968999999999999 0 0.026624999999999999 0.00077999999999999999 0.00082399999999999997 0.0011360000000000001 0.0035599999999999994 0.064666999999999988 0.032194000000000007 0 0 0
24 uniform 2 7 0.37823499999999999 1.9527824557897404 1 89 0.18678400000000001 0.012768 0.14797999999999994 0.0045649999999999996 0.0012009999999999998 0.002885 0.010501 0.034790000000000001 0.021998 0 0.026634999999999999 0.00087699999999999996 0.00084499999999999994 0.0011429999999999999 0.0033749999999999995 0.094604000000000035 0.03600999999999998 0 0 1
24 uniform 2 15 0.51128600000000002 1.8462218418426013 1 96 0.26009599999999999 0.016417000000000001 0.19996100000000008 0.0048830000000000002 0.001238 0.002725 0.0097169999999999999 0.034416000000000002 0.092609999999999998 0 0.026759999999999999 0.00079600000000000005 0.0010329999999999998 0.00081300000000000003 0.0036679999999999998 0.13571999999999998 0.048823999999999972 0 0 2
24 uniform 2 23 0.37233500000000003 1.6482309022443111 1 73 0.19468299999999999 0.012699999999999999 0.14047399999999999 0.0033109999999999997 0.00089800000000000004 0.0024199999999999998 0.0092879999999999994 0.036214000000000003 0.032106000000000003 0 0.026772000000000001 0.00082100000000000001 0.00082299999999999995 0.0011039999999999999 0.0033799999999999998 0.092881000000000005 0.036035000000000011 0 0 3
24 uniform 3 0 0.39445599999999997 1.3755987302902688 1 52 0.28627799999999998 0.009946 0.07746299999999999 0.0029640000000000001 0.00079099999999999982 0.0026870000000000002 0.010632000000000001 0.14160600000000001 0.022543000000000001 0 0.027097 0.00080699999999999999 0.00061799999999999995 0.001268 0.0031040000000000004 0.045083999999999992 0.023812999999999983 0 0 0
24 uniform 3 7 0.31520599999999999 1.3690165801214043 1 52 0.17196700000000001 0.0097350000000000006 0.11297800000000001 0.0029319999999999997 0.000754 0.0025959999999999998 0.010038 0.031364000000000003 0.021498 0 0.026609000000000001 0.00083799999999999999 0.00062999999999999992 0.0011540000000000001 0.0030289999999999996 0.080874000000000043 0.023592999999999989 0 0 1
24 uniform 3 15 0.31879299999999999 1.3617386247043732 1 52 0.17307800000000001 0.0095370000000000003 0.11290000000000001 0.0056749999999999995 0.0007000000000000001 0.0024789999999999999 0.010128 0.032696000000000003 0.021826999999999999 0 0.026915000000000001 0.00083199999999999995 0.00060900000000000006 0.00109 0.0031120000000000002 0.080848000000000003 0.023487999999999985 0 0 2
24 uniform 3 23 0.30540899999999999 1.3546930802285615 1 52 0.17461399999999999 0.0095750000000000002 0.10117000000000002 0.0027390000000000001 0.00069700000000000003 0.0024489999999999998 0.0099019999999999993 0.036082999999999997 0.021410999999999999 0 0.027136 0.000776 0.00059700000000000009 0.001034 0.0029609999999999992 0.069674999999999987 0.022871999999999983 0 0 3
24 uniform 4 0 0.381577 1.3710187024479787 1 60 0.26669500000000002 0.0092720000000000007 0.082081000000000015 0.0032850000000000002 0.00098999999999999999 0.002519 0.010031999999999999 0.12659000000000001 0.023179000000000002 0 0.026321000000000001 0.00076000000000000004 0.00061399999999999996 0.0011019999999999999 0.0031099999999999999 0.04836399999999999 0.023923000000000014 0 0 0
24 uniform 4 7 0.32011000000000001 1.3632486105837334 1 60 0.17493300000000001 0.009332 0.11068699999999998 0.0031560000000000004 0.00082200000000000003 0.0024199999999999998 0.0094889999999999992 0.036339000000000003 0.022643 0 0.026429999999999999 0.00072999999999999996 0.000611 0.00094200000000000002 0.0029840000000000001 0.077363000000000015 0.023452999999999995 0 0 1
24 uniform 4 15 0.31490899999999999 1.3550769206043991 1 60 0.170958 0.009129 0.111482 0.0033619999999999995 0.00096599999999999984 0.0022490000000000001 0.0092460000000000007 0.032923000000000001 0.022502000000000001 0 0.026377000000000001 0.00072999999999999996 0.00061499999999999999 0.00099299999999999996 0.0030729999999999993 0.078842000000000009 0.022915000000000008 0 0 2
24 uniform 4 23 0.31843300000000002 1.3475304365785192 1 60 0.17338000000000001 0.0092639999999999997 0.11187399999999999 0.0035710000000000004 0.00083699999999999996 0.0022680000000000001 0.0092320000000000006 0.033591000000000003 0.023147999999999998 0 0.026404 0.00073099999999999999 0.00062 0.001041 0.003202 0.079208999999999988 0.022963000000000001 0 0 3
25 linear 0 0 0.54882799999999998 1.3945273988138152 1 103 0.24701100000000001 0.010381 0.26126100000000002 0.0058759999999999993 0.0012840000000000002 0.003078 0.01133 0.088233000000000006 0.023105000000000001 0 0.026488000000000001 0.00075000000000000002 0.00068599999999999998 0.0012869999999999999 0.0040950000000000005 0.077578999999999981 0.02580699999999999 0.0067069999999999994 0 0
25 linear 0 7 0.48652400000000001 1.4106072326906585 1 110 0.17125000000000001 0.010302 0.27248999999999995 0.0057610000000000005 0.0013000000000000002 0.0030829999999999998 0.011009 0.017779 0.023726000000000001 0 0.025981000000000001 0.00082299999999999995 0.00062799999999999998 0.0012780000000000001 0.0037830000000000003 0.089263999999999996 0.026746999999999976 0.0074410000000000032 0 1
25 linear 0 15 0.50775899999999996 1.4223696249331652 1 101 0.18435399999999999 0.013121000000000001 0.27850500000000006 0.005025 0.0010189999999999999 0.0029889999999999999 0.011247999999999999 0.013554999999999999 0.023654999999999999 0 0.027049 0.00085999999999999998 0.00088400000000000002 0.00123 0.0042109999999999995 0.087725999999999998 0.029909999999999982 0.0096700000000000015 0 2
25 linear 0 23 0.602267 1.4276969543837104 1 116 0.18268899999999999 0.016301 0.36541299999999999 0.0061929999999999997 0.0013029999999999999 0.0030509999999999999 0.010886 0.014255 0.023937 0 0.026890000000000001 0.00076900000000000004 0.0010380000000000001 0.00081999999999999998 0.0047089999999999996 0.11569200000000002 0.045707000000000018 0.013135999999999993 0 3
25 linear 1 0 0.54171800000000003 2.8072522354658305 1 87 0.30563000000000001 0.010612 0.1980299999999999 0.0045820000000000001 0.0010710000000000001 0.0029889999999999999 0.014884 0.145285 0.023876000000000001 0 0.026244 0.000901 0.00061399999999999996 0.0014 0.003607 0.08794600000000001 0.030776999999999954 0.014765999999999993 0 0
25 linear 1 7 0.41920299999999999 3.0556193975232482 1 87 0.18106800000000001 0.010300999999999999 0.20101300000000002 0.004202 0.00094700000000000003 0.0028530000000000001 0.011093 0.030785 0.021935 0 0.026800999999999998 0.00086399999999999997 0.00059599999999999996 0.0011670000000000001 0.0035779999999999996 0.088756000000000002 0.031716999999999947 0.014741999999999995 0 1
25 linear 1 15 0.40643099999999999 3.2760899271138082 1 87 0.16391600000000001 0.010296 0.20642799999999997 0.0039350000000000001 0.001101 0.0027200000000000002 0.010917 0.014456 0.021901 0 0.025713 0.00086600000000000002 0.00064900000000000005 0.001225 0.0034530000000000003 0.088427000000000019 0.029636999999999941 0.013945000000000004 0 2
25 linear 1 23 0.40068100000000001 3.4407959765776335 1 87 0.153944 0.010028 0.21184100000000003 0.0035960000000000002 0.00094399999999999996 0.002637 0.010573000000000001 0.0071380000000000002 0.021617999999999998 0 0.02597 0.00075900000000000002 0.00068500000000000006 0.0011280000000000001 0.0034020000000000001 0.088773999999999992 0.029045999999999943 0.013972999999999996 0 3
25 linear 2 0 0.385465 1.0724781576922433 1 61 0.243811 0.008763 0.10606599999999999 0.0052250000000000005 0.00093199999999999989 0.0030699999999999998 0.011134 0.084349999999999994 0.022325999999999999 0 0.027709999999999999 0.00097000000000000005 0.0006069999999999999 0.001186 0.0030890000000000006 0.041804000000000008 0.017654999999999997 0.0091760000000000019 0 0
25 linear 2 7 0.28901700000000002 1.0680653834641822 1 61 0.15579000000000001 0.0084360000000000008 0.099773000000000001 0.0042050000000000004 0.00086399999999999997 0.002993 0.011335 0.0051219999999999998 0.021446 0 0.027699000000000001 0.00089899999999999995 0.00061700000000000004 0.0011659999999999999 0.0029499999999999999 0.046195000000000014 0.016316999999999991 0.0085150000000000017 0 1
25 linear 2 15 0.28735500000000003 1.0614699153702287 1 61 0.15492600000000001 0.0084600000000000005 0.099445999999999993 0.0040569999999999998 0.00083000000000000001 0.002885 0.010914999999999999 0.0048129999999999996 0.021205000000000002 0 0.027399 0.00085899999999999995 0.00059499999999999993 0.001273 0.003019 0.047744000000000023 0.016001000000000005 0.0087570000000000009 0 2
25 linear 2 23 0.249332 1.0547737358273928 1 52 0.15127499999999999 0.0087130000000000003 0.071050999999999989 0.0030630000000000002 0.00080999999999999996 0.0028779999999999999 0.010887000000000001 0.0046940000000000003 0.021132000000000001 0 0.025482000000000001 0.00081400000000000005 0.00059699999999999998 0.0012620000000000001 0.0031990000000000005 0.03953700000000001 0.012488999999999997 0.0070480000000000013 0 3
25 linear 3 0 0.34258899999999998 1.0331972973359356 1 61 0.236848 0.0085810000000000001 0.071748000000000006 0.0044140000000000004 0.00082899999999999998 0.0027889999999999998 0.010756999999999999 0.08727 0.021339 0 0.026575000000000001 0.00080099999999999995 0.00060499999999999996 0.001126 0.0030999999999999999 0.034144000000000001 0.015846000000000002 0.0078090000000000017 0 0
25 linear 3 7 0.26326300000000002 1.0322511417353546 1 61 0.15282499999999999 0.0082719999999999998 0.077977999999999992 0.0039139999999999999 0.00079300000000000009 0.0028570000000000002 0.011339999999999999 0.0052709999999999996 0.021661 0 0.027351 0.00074899999999999999 0.00058999999999999992 0.0010059999999999999 0.0028830000000000001 0.041141999999999991 0.015634000000000002 0.0075410000000000034 0 1
25 linear 3 15 0.25945600000000002 1.0310048058963457 1 61 0.15024299999999999 0.0081620000000000009 0.077012999999999998 0.0037579999999999996 0.00077800000000000005 0.0027130000000000001 0.010616 0.0050220000000000004 0.021108999999999999 0 0.027230000000000001 0.00077999999999999999 0.00063899999999999992 0.00098999999999999999 0.0028929999999999997 0.039698999999999998 0.015695000000000004 0.007786000000000003 0 2
25 linear 3 23 0.26163700000000001 1.0299189578078398 1 61 0.15283099999999999 0.0083540000000000003 0.076552000000000023 0.0037579999999999996 0.00077399999999999995 0.0027369999999999998 0.010470999999999999 0.0048700000000000002 0.023726000000000001 0 0.027161999999999999 0.00077399999999999995 0.00060499999999999996 0.001245 0.0031609999999999997 0.039299000000000008 0.015638000000000003 0.0077520000000000054 0 3
25 linear 4 0 0.40432200000000001 1.227680222151337 1 59 0.29121399999999997 0.0088660000000000006 0.082777999999999963 0.0038370000000000001 0.00087699999999999996 0.0029580000000000001 0.010635 0.13989099999999999 0.022682000000000001 0 0.026939000000000001 0.00075900000000000002 0.00060399999999999994 0.0012880000000000001 0.0034270000000000004 0.040680000000000008 0.016614999999999994 0.009752000000000002 0 0
25 linear 4 7 0.27960099999999999 1.2370423549458651 1 59 0.15982299999999999 0.0086910000000000008 0.089648999999999979 0.0037850000000000002 0.00086799999999999996 0.0026670000000000001 0.010661 0.013261 0.021663999999999999 0 0.026911000000000001 0.00077899999999999996 0.00061399999999999996 0.0012960000000000001 0.0032129999999999997 0.047154999999999982 0.016965000000000008 0.0098400000000000033 0 1
25 linear 4 15 0.304539 1.2457586025152347 1 59 0.18313199999999999 0.0099069999999999991 0.089880000000000002 0.0035779999999999996 0.00083399999999999989 0.0027650000000000001 0.011743999999999999 0.025419000000000001 0.02656 0 0.026950999999999999 0.00083799999999999999 0.00058500000000000002 0.0011800000000000001 0.003375 0.045920000000000009 0.017933000000000011 0.010076 0 2
25 linear 4 23 0.29973300000000003 1.2519277119009316 1 66 0.172898 0.010246999999999999 0.095277999999999988 0.0033579999999999999 0.00089100000000000008 0.0026289999999999998 0.011471 0.021401 0.024500999999999998 0 0.026745999999999999 0.00081099999999999998 0.00060899999999999995 0.001093 0.0033900000000000007 0.049258000000000031 0.017728000000000001 0.010847000000000001 0 3
25 uniform 0 0 0.42062300000000002 1.3603394264822162 1 111 0.24782000000000001 0.011828999999999999 0.12740299999999999 0.0059509999999999997 0.001498 0.0029199999999999999 0.012048 0.089786000000000005 0.024832 0 0.026984000000000001 0.00079000000000000001 0.00064500000000000007 0.001209 0.0040530000000000002 0.083433000000000007 0.028588999999999982 0 0 0
25 uniform 0 7 0.35164899999999999 1.368515846930759 1 110 0.173652 0.01153 0.13384100000000007 0.0050700000000000007 0.0012109999999999998 0.0050099999999999997 0.011684 0.018929000000000001 0.024452000000000002 0 0.025655000000000001 0.00081700000000000002 0.00064800000000000003 0.001194 0.0038770000000000002 0.091086000000000028 0.027778999999999984 0 0 1
25 uniform 0 15 0.34836800000000001 1.3745219401317847 1 101 0.174124 0.013096 0.13028199999999998 0.0045079999999999999 0.0010250000000000001 0.0028649999999999999 0.010519000000000001 0.013546000000000001 0.021024000000000001 0 0.026158000000000001 0.00089499999999999996 0.00081299999999999992 0.0012459999999999999 0.0040660000000000002 0.086533999999999986 0.029856999999999977 0 0 2
25 uniform 0 23 0.41098099999999999 1.3776234364144513 1 116 0.177733 0.016251000000000002 0.18061000000000005 0.0052810000000000001 0.0012670000000000001 0.00282 0.01022 0.014337000000000001 0.021307 0 0.027014 0.000812 0.0010280000000000001 0.00073999999999999999 0.0044279999999999996 0.11752100000000006 0.045785000000000048 0 0 3
25 uniform 1 0 0.46721800000000002 2.8341220794445485 1 87 0.29581499999999999 0.010521000000000001 0.13422500000000004 0.0040199999999999993 0.0011180000000000001 0.0027230000000000002 0.010826000000000001 0.14480199999999999 0.022047000000000001 0 0.025444000000000001 0.00085499999999999997 0.00063400000000000001 0.001253 0.0036229999999999995 0.08874500000000006 0.030685999999999963 0 0 0
25 uniform 1 7 0.35250700000000001 3.0239724409700162 1 87 0.17936199999999999 0.010292000000000001 0.135792 0.0039509999999999997 0.0010659999999999999 0.0026710000000000002 0.01042 0.030641999999999999 0.021558000000000001 0 0.027043000000000001 0.000834 0.00065899999999999997 0.0012099999999999999 0.0035290000000000005 0.08900600000000003 0.031955999999999957 0 0 1
25 uniform 1 15 0.31970999999999999 3.1800095579138676 1 79 0.16242699999999999 0.0099869999999999994 0.124793 0.0030299999999999997 0.00077299999999999992 0.0027620000000000001 0.011124999999999999 0.013117999999999999 0.021991 0 0.026623999999999998 0.000852 0.00064199999999999999 0.0011559999999999999 0.0034910000000000002 0.083786000000000041 0.02775399999999997 0 0 2
25 uniform 1 23 0.31127199999999999 3.2903397093776823 1 79 0.15293799999999999 0.0098510000000000004 0.12638000000000005 0.0029939999999999997 0.00070799999999999997 0.0024620000000000002 0.010598 0.0072880000000000002 0.021510999999999999 0 0.026574 0.000767 0.00066799999999999997 0.001155 0.0035400000000000006 0.085586000000000023 0.027489999999999969 0 0 3
25 uniform 2 0 0.319853 1.0786703358209133 1 45 0.23908399999999999 0.0087659999999999995 0.053290000000000011 0.0028010000000000001 0.00075900000000000002 0.002977 0.011389 0.084337999999999996 0.022261 0 0.027673 0.00084400000000000002 0.00057299999999999994 0.00117 0.0031389999999999994 0.032908999999999994 0.013553999999999998 0 0 0
25 uniform 2 7 0.23761199999999999 1.0737596159317417 1 45 0.157557 0.0083770000000000008 0.053580000000000003 0.0025730000000000002 0.00065699999999999992 0.0028769999999999998 0.011254999999999999 0.004993 0.024322 0 0.028021000000000001 0.00084500000000000005 0.000629 0.001016 0.0029460000000000003 0.034644999999999995 0.012158000000000004 0 0 1
25 uniform 2 15 0.235708 1.0663366223678152 1 45 0.15446199999999999 0.0084069999999999995 0.055303000000000005 0.0024949999999999998 0.00062200000000000005 0.002764 0.010796999999999999 0.0051130000000000004 0.021003999999999998 0 0.027480000000000001 0.00075799999999999999 0.00058900000000000001 0.0012589999999999999 0.003055 0.036642000000000008 0.011801999999999993 0 0 2
25 uniform 2 23 0.23654700000000001 1.058746053527204 1 52 0.15237200000000001 0.0086680000000000004 0.057518000000000027 0.0026570000000000001 0.00072400000000000003 0.0026830000000000001 0.010588 0.0050499999999999998 0.022266000000000001 0 0.026103999999999999 0.00077899999999999996 0.00058599999999999993 0.0012819999999999999 0.0030810000000000004 0.037207000000000018 0.012454999999999999 0 0 3
25 uniform 3 0 0.30702299999999999 1.0351600100571443 1 45 0.235873 0.0085369999999999994 0.045247999999999997 0.002346 0.00058199999999999994 0.0027109999999999999 0.010730999999999999 0.087639999999999996 0.022866000000000001 0 0.026880000000000001 0.00071199999999999996 0.00059500000000000004 0.0010250000000000001 0.0028839999999999998 0.024796000000000006 0.013679 0 0 0
25 uniform 3 7 0.228104 1.0341145455185217 1 45 0.15215799999999999 0.0083149999999999995 0.050110000000000023 0.0024880000000000002 0.00061399999999999996 0.002745 0.010439 0.005156 0.022232999999999999 0 0.02726 0.00077499999999999997 0.00058900000000000001 0.00097400000000000004 0.0028880000000000004 0.031782000000000005 0.011491999999999995 0 0 1
25 uniform 3 15 0.226962 1.0327001615731488 1 45 0.152055 0.008208 0.049328999999999998 0.0024020000000000001 0.00056300000000000002 0.0026159999999999998 0.010867 0.0049769999999999997 0.022685 0 0.026950000000000002 0.00074899999999999999 0.00062399999999999999 0.0010460000000000001 0.0029460000000000003 0.031062999999999997 0.011468999999999997 0 0 2
25 uniform 3 23 0.226716 1.0314194748603704 1 45 0.151701 0.0083459999999999993 0.049454999999999999 0.0023010000000000001 0.00058700000000000007 0.0026909999999999998 0.010299000000000001 0.0051859999999999996 0.022339000000000001 0 0.027182999999999999 0.00072000000000000005 0.00060700000000000001 0.0010560000000000001 0.0030260000000000005 0.030856999999999996 0.011848999999999998 0 0 3
25 uniform 4 0 0.39137499999999997 1.2301379570318707 1 59 0.29457499999999998 0.0089099999999999995 0.066432999999999992 0.0035190000000000004 0.00080200000000000009 0.002898 0.010687 0.13980300000000001 0.023899 0 0.027163 0.00079600000000000005 0.00060900000000000006 0.001322 0.0033530000000000001 0.040003000000000004 0.016443000000000003 0 0 0
25 uniform 4 7 0.26224599999999998 1.239628274825874 1 59 0.16012699999999999 0.0087589999999999994 0.072874000000000008 0.003225 0.00083200000000000006 0.002617 0.010173 0.013207999999999999 0.022995000000000002 0 0.026627000000000001 0.00076499999999999995 0.00061200000000000013 0.0011349999999999999 0.0032779999999999997 0.046085999999999981 0.016847000000000001 0 0 1
25 uniform 4 15 0.27058900000000002 1.2484636368718032 1 59 0.16932800000000001 0.0087299999999999999 0.072025999999999993 0.0029830000000000004 0.00089400000000000005 0.0026770000000000001 0.010241 0.023674000000000001 0.023203000000000001 0 0.026585999999999999 0.00076000000000000004 0.00056999999999999998 0.001029 0.003137 0.044663000000000001 0.017481999999999994 0 0 2
25 uniform 4 23 0.276947 1.2547152756898798 1 66 0.169049 0.0090600000000000003 0.077293000000000014 0.0033880000000000004 0.00097300000000000002 0.0025219999999999999 0.010045 0.020018000000000001 0.023356999999999999 0 0.026696000000000001 0.00081499999999999997 0.00064199999999999999 0.00108 0.0032389999999999997 0.048991999999999987 0.017344999999999992 0 0 3
26 linear 0 0 0.57475600000000004 34.071620529941562 1 75 0.39418799999999998 0.0099270000000000001 0.14510699999999993 0.0045890000000000002 0.0012009999999999998 0.0033300000000000001 0.013871 0.17641000000000001 0.087636000000000006 0 0.027467999999999999 0.00077099999999999998 0.00064400000000000004 0.001268 0.0032820000000000002 0.090126000000000012 0.029700000000000001 0.0089080000000000027 0 0
26 linear 0 7 0.56691800000000003 33.910000163465284 1 75 0.25884200000000002 0.0093500000000000007 0.27348299999999998 0.0042129999999999997 0.00097599999999999998 0.0028709999999999999 0.010703000000000001 0.051529999999999999 0.087174000000000001 0 0.025860000000000001 0.00080599999999999997 0.00058799999999999998 0.001207 0.0031389999999999994 0.21754700000000007 0.030634999999999996 0.0088890000000000045 0 1
26 linear 0 15 0.60640499999999997 33.253704875285607 1 91 0.27977800000000003 0.0090779999999999993 0.28723899999999997 0.0052379999999999996 0.0011639999999999999 0.002689 0.010186000000000001 0.051331000000000002 0.10884099999999999 0 0.027094 0.00080999999999999996 0.00060399999999999994 0.001142 0.0031180000000000001 0.21974100000000002 0.036983999999999989 0.010824 0 2
26 linear 0 23 0.66692399999999996 32.076153882578275 1 107 0.26977099999999998 0.0093410000000000003 0.35191100000000008 0.0071090000000000007 0.0013519999999999999 0.0027820000000000002 0.01025 0.051471000000000003 0.094997999999999999 0 0.026578999999999998 0.00072599999999999997 0.00059900000000000003 0.0012880000000000001 0.0031580000000000002 0.26676300000000014 0.044803000000000016 0.013159999999999996 0 3
26 linear 1 0 0.48211100000000001 52.35757475770972 1 67 0.33035100000000001 0.012999999999999999 0.115316 0.0038170000000000001 0.0010399999999999999 0.0028999999999999998 0.010999999999999999 0.16588700000000001 0.032554 0 0.026589999999999999 0.00077999999999999999 0.00080899999999999993 0.001137 0.003395 0.072522000000000003 0.018800999999999991 0.0079460000000000034 0 0
26 linear 1 7 0.46215600000000001 46.57702049150992 1 67 0.20858599999999999 0.012397 0.217943 0.003643 0.00097500000000000006 0.002679 0.010078 0.053725000000000002 0.031413000000000003 0 0.025444999999999999 0.00077099999999999998 0.00079200000000000006 0.001101 0.0031509999999999997 0.17540700000000004 0.018721999999999999 0.0079580000000000033 0 1
26 linear 1 15 0.45859699999999998 39.919965623994592 1 67 0.20780899999999999 0.012356000000000001 0.21551000000000006 0.0035220000000000004 0.0009410000000000001 0.0024610000000000001 0.0096819999999999996 0.053407999999999997 0.031407999999999998 0 0.026241 0.00086600000000000002 0.00082900000000000009 0.0010150000000000001 0.0031650000000000003 0.17282500000000001 0.019109999999999988 0.0079360000000000003 0 2
26 linear 1 23 0.49175099999999999 33.263670962588797 1 67 0.21690999999999999 0.012442 0.23957799999999999 0.0033840000000000003 0.00089700000000000001 0.0024559999999999998 0.0094409999999999997 0.057513000000000002 0.031196999999999999 0 0.033001999999999997 0.00075600000000000005 0.00077799999999999994 0.00092500000000000004 0.0032310000000000004 0.19693300000000008 0.01911499999999999 0.0079589999999999991 0 3
26 linear 2 0 0.49318200000000001 21.874774386052284 1 98 0.30571399999999999 0.014546 0.13599499999999992 0.0063630000000000006 0.0015009999999999999 0.0026199999999999999 0.010396000000000001 0.14982300000000001 0.021229999999999999 0 0.026439000000000001 0.00074600000000000003 0.001044 0.00069899999999999997 0.0035759999999999998 0.068271000000000012 0.031940999999999976 0.011538999999999995 0 0
26 linear 2 7 0.62316099999999996 23.394463485458566 1 98 0.20502200000000001 0.014335000000000001 0.36722400000000005 0.0059890000000000004 0.0013909999999999999 0.0027160000000000001 0.010802000000000001 0.045928999999999998 0.021093000000000001 0 0.026634999999999999 0.001939 0.001034 0.00071100000000000004 0.003607 0.29841599999999996 0.032711999999999984 0.011531000000000001 0 1
26 linear 2 15 0.55007399999999995 26.403496945084981 1 82 0.192326 0.01323 0.315417 0.0045650000000000005 0.0012599999999999998 0.0027569999999999999 0.0099550000000000003 0.042788 0.021115999999999999 0 0.026796 0.00073999999999999999 0.00081900000000000007 0.00114 0.003656 0.25937299999999996 0.027095999999999995 0.010030999999999997 0 2
26 linear 2 23 0.56413500000000005 29.433937221007003 1 82 0.18262200000000001 0.012434000000000001 0.34047200000000011 0.0044770000000000001 0.0012219999999999998 0.002532 0.010843999999999999 0.032599000000000003 0.024310999999999999 0 0.026041000000000002 0.00070699999999999995 0.00081000000000000006 0.00098499999999999998 0.0035000000000000001 0.28511200000000003 0.026316000000000006 0.010082000000000002 0 3
26 linear 3 0 0.67347599999999996 10.477879583609184 1 53 0.54219600000000001 0.0091540000000000007 0.10005399999999995 0.0039389999999999998 0.00079900000000000001 0.0027469999999999999 0.011875999999999999 0.17680499999999999 0.035477000000000002 0 0.027156 0.00087200000000000005 0.20536400000000002 0.0013090000000000001 0.0033240000000000001 0.065249000000000001 0.015681999999999998 0.0063470000000000019 0 0
26 linear 3 7 0.52962600000000004 10.506105288489451 1 53 0.30126900000000001 0.0088559999999999993 0.19822199999999998 0.0032339999999999999 0.00071400000000000001 0.0026069999999999999 0.010536999999999999 0.042180000000000002 0.031653000000000001 0 0.026273000000000001 0.00080800000000000002 0.109053 0.0011000000000000001 0.0030969999999999999 0.16325200000000001 0.016227999999999996 0.0062950000000000002 0 1
26 linear 3 15 0.63037200000000004 10.538522718100193 1 53 0.39690999999999999 0.0087589999999999994 0.20353700000000002 0.0031219999999999998 0.00066 0.0025070000000000001 0.0097179999999999992 0.04718 0.031092000000000002 0 0.028666000000000001 0.00077300000000000003 0.20274300000000001 0.00098999999999999999 0.0030050000000000003 0.16855400000000001 0.016243999999999998 0.0062950000000000002 0 2
26 linear 3 23 0.43244199999999999 10.57111110647995 1 53 0.20854900000000001 0.0086459999999999992 0.19442799999999999 0.0030899999999999999 0.00062800000000000009 0.002356 0.0093130000000000001 0.049954999999999999 0.030915999999999999 0 0.024247000000000001 0.00073899999999999997 0.018577 0.00092900000000000003 0.003032 0.16008999999999995 0.015434999999999996 0.0062870000000000018 0 3
26 linear 4 0 0.50250099999999998 14.662824183134635 1 91 0.32677800000000001 0.013927999999999999 0.12652899999999995 0.0053620000000000004 0.0013700000000000001 0.00266 0.010468999999999999 0.166577 0.021752000000000001 0 0.026623999999999998 0.00075600000000000005 0.0010659999999999999 0.00076999999999999996 0.0035010000000000002 0.067490000000000036 0.028087999999999998 0.010801999999999999 0 0
26 linear 4 7 0.59292599999999995 14.525446846625991 1 91 0.199299 0.013516 0.34502299999999997 0.0051879999999999999 0.0013190000000000001 0.002562 0.010428 0.045033999999999998 0.020992 0 0.025734 0.00075000000000000002 0.0009990000000000001 0.00067400000000000001 0.0034520000000000002 0.286443 0.027305000000000024 0.010835000000000008 0 1
26 linear 4 15 0.60249399999999997 14.378013829706273 1 91 0.20255400000000001 0.013299 0.35098000000000007 0.0053069999999999992 0.0013439999999999999 0.0023930000000000002 0.0095770000000000004 0.049495999999999998 0.022488000000000001 0 0.025742999999999999 0.00080599999999999997 0.00098300000000000015 0.00064199999999999999 0.0034329999999999994 0.29240400000000005 0.027528000000000004 0.010788999999999997 0 2
26 linear 4 23 0.59468200000000004 14.239858189205608 1 91 0.203681 0.013266 0.3424640000000001 0.0052380000000000005 0.0012129999999999999 0.0023879999999999999 0.0098499999999999994 0.048175999999999997 0.022029 0 0.026197999999999999 0.00076499999999999995 0.0010489999999999998 0.00064999999999999997 0.0035240000000000002 0.283968 0.02706900000000002 0.010793999999999998 0 3
26 uniform 0 0 0.55232899999999996 32.749116198561538 1 75 0.38695800000000002 0.0098490000000000001 0.13050099999999992 0.0041479999999999998 0.0012049999999999999 0.0027989999999999998 0.010466 0.175957 0.086724999999999997 0 0.027264 0.00082200000000000003 0.00061399999999999996 0.0012750000000000001 0.0031249999999999997 0.089727000000000001 0.029517999999999989 0 0 0
26 uniform 0 7 0.54930999999999996 32.683706044108497 1 75 0.25766299999999998 0.0091970000000000003 0.25787499999999997 0.0038010000000000001 0.0010880000000000002 0.0025270000000000002 0.010224 0.051152999999999997 0.088604000000000002 0 0.025687000000000001 0.00072400000000000003 0.00059500000000000004 0.001155 0.0030239999999999998 0.21760200000000002 0.029021000000000009 0 0 1
26 uniform 0 15 0.59515399999999996 32.25993063006571 1 91 0.28088600000000002 0.0092899999999999996 0.27479100000000006 0.0053239999999999997 0.0012589999999999999 0.0024680000000000001 0.0098399999999999998 0.051240000000000001 0.108464 0 0.027050999999999999 0.00082399999999999997 0.00060899999999999995 0.001222 0.0031860000000000005 0.21998800000000004 0.037060999999999997 0 0 2
26 uniform 0 23 0.63813299999999995 31.438489050115955 1 107 0.267065 0.0092189999999999998 0.32727899999999993 0.0062260000000000006 0.0013159999999999997 0.0027009999999999998 0.010782 0.051410999999999998 0.097602999999999995 0 0.026626 0.00066 0.00058500000000000002 0.0011969999999999999 0.0029710000000000001 0.266347 0.044811000000000045 0 0 3
26 uniform 1 0 0.44717600000000002 55.117008268694526 1 59 0.33430399999999999 0.01295 0.080006000000000008 0.0028389999999999999 0.0008650000000000001 0.0028449999999999999 0.011054 0.16615199999999999 0.034533000000000001 0 0.026138000000000002 0.00079799999999999999 0.00082600000000000002 0.00116 0.0033240000000000006 0.054605999999999981 0.016562 0 0 0
26 uniform 1 7 0.44582300000000002 49.753955669392127 1 67 0.205929 0.012533000000000001 0.20469200000000001 0.0030300000000000001 0.00095100000000000013 0.0026679999999999998 0.010108000000000001 0.050692000000000001 0.031515000000000001 0 0.025314 0.00077499999999999997 0.00078300000000000006 0.001101 0.0032819999999999998 0.17577600000000004 0.018894999999999995 0 0 1
26 uniform 1 15 0.44627800000000001 43.427136142597703 1 67 0.20580699999999999 0.012390999999999999 0.20550599999999994 0.0031099999999999999 0.00088700000000000009 0.0023700000000000001 0.0095479999999999992 0.053213000000000003 0.031230999999999998 0 0.025770000000000001 0.00082600000000000002 0.00080699999999999999 0.001062 0.0032230000000000002 0.17614100000000002 0.019133999999999991 0 0 2
26 uniform 1 23 0.47457500000000002 36.894964942541549 1 67 0.21368699999999999 0.012187999999999999 0.22639100000000006 0.0030219999999999999 0.00085499999999999997 0.0024229999999999998 0.0098809999999999992 0.057613999999999999 0.031412000000000002 0 0.026166999999999999 0.00079100000000000004 0.00080599999999999997 0.0010349999999999999 0.0034450000000000001 0.19682300000000003 0.019127999999999992 0 0 3
26 uniform 2 0 0.448264 22.024037725695482 1 82 0.30673400000000001 0.014293 0.098586000000000007 0.003771 0.00123 0.0025569999999999998 0.010749999999999999 0.150696 0.020995 0 0.026495000000000001 0.00077999999999999999 0.0010299999999999999 0.000754 0.0034770000000000001 0.059788000000000022 0.026470999999999988 0 0 0
26 uniform 2 7 0.59214999999999995 23.623442365220136 1 98 0.19961999999999999 0.014253 0.3446769999999999 0.0049569999999999996 0.0012800000000000001 0.0048809999999999999 0.010123999999999999 0.045996000000000002 0.020760000000000001 0 0.025860999999999999 0.000727 0.00097199999999999988 0.00066200000000000005 0.0035079999999999998 0.29762599999999995 0.032318999999999987 0 0 1
26 uniform 2 15 0.53886199999999995 27.012994078340679 1 90 0.18787799999999999 0.011620999999999999 0.30986100000000005 0.0048700000000000002 0.0012929999999999999 0.0025149999999999999 0.0096229999999999996 0.042904999999999999 0.021035999999999999 0 0.026474000000000001 0.00078299999999999995 0.00081100000000000009 0.0010920000000000001 0.0033179999999999998 0.267654 0.028643999999999975 0 0 2
26 uniform 2 23 0.54922400000000005 29.835360619162383 1 90 0.176396 0.011384 0.33138900000000016 0.0048219999999999999 0.0011690000000000001 0.0023500000000000001 0.0095049999999999996 0.031133999999999998 0.021056999999999999 0 0.026248 0.000727 0.00077899999999999996 0.0010579999999999999 0.0032990000000000003 0.29048700000000027 0.027304999999999986 0 0 3
26 uniform 3 0 0.64337699999999998 10.478540859158553 1 45 0.53146800000000005 0.0089999999999999993 0.084288000000000002 0.0025410000000000003 0.00078199999999999993 0.0027880000000000001 0.010378 0.175012 0.031706999999999999 0 0.025805999999999999 0.00078700000000000005 0.20228199999999999 0.0012279999999999999 0.003225 0.065644999999999995 0.011678999999999998 0 0 0
26 uniform 3 7 0.50344199999999995 10.506772931085033 1 45 0.30868899999999999 0.010330000000000001 0.16605000000000006 0.0025969999999999999 0.000687 0.002725 0.011109000000000001 0.043707000000000003 0.035126999999999999 0 0.026003999999999999 0.00080500000000000005 0.109115 0.001206 0.0033890000000000005 0.14640400000000001 0.012520999999999999 0 0 1
26 uniform 3 15 0.60594099999999995 10.53919772831161 1 45 0.40715099999999999 0.0089650000000000007 0.17169400000000004 0.0023709999999999998 0.00064599999999999998 0.0025270000000000002 0.010962 0.049669999999999999 0.034708000000000003 0 0.029118000000000002 0.00080000000000000004 0.20269300000000001 0.0010920000000000001 0.0033649999999999999 0.1517 0.012954 0 0 2
26 uniform 3 23 0.40645999999999999 10.571793582618515 1 45 0.21782299999999999 0.0087259999999999994 0.16224900000000003 0.0022559999999999998 0.00068899999999999994 0.0026150000000000001 0.0096839999999999999 0.051519000000000002 0.034459999999999998 0 0.025624999999999998 0.00074899999999999999 0.018582999999999995 0.001029 0.0029040000000000003 0.14349900000000002 0.011935999999999993 0 0 3
26 uniform 4 0 0.467922 14.695704307412475 1 75 0.328571 0.014068000000000001 0.096357999999999971 0.0041700000000000001 0.001147 0.0026280000000000001 0.010677000000000001 0.166685 0.021649000000000002 0 0.027002000000000002 0.00077700000000000002 0.0010430000000000001 0.00073300000000000004 0.0034550000000000006 0.061760000000000009 0.023387999999999999 0 0 0
26 uniform 4 7 0.51939000000000002 14.555768189591948 1 75 0.203041 0.013658999999999999 0.27402700000000008 0.0038119999999999999 0.00107 0.002895 0.010992999999999999 0.045051000000000001 0.021333000000000001 0 0.02656 0.000785 0.0010059999999999999 0.00067500000000000004 0.003424 0.24038500000000004 0.02234499999999999 0 0 1
26 uniform 4 15 0.54528500000000002 14.405757764267021 1 75 0.21745500000000001 0.013291000000000001 0.28621000000000002 0.0038859999999999997 0.0010219999999999999 0.002627 0.0099640000000000006 0.049789 0.035852000000000002 0 0.026270999999999999 0.00077999999999999999 0.00097900000000000005 0.00066500000000000001 0.0035539999999999999 0.25230499999999995 0.022620000000000012 0 0 2
26 uniform 4 23 0.52388699999999999 14.265336763920214 1 75 0.19731299999999999 0.013115 0.28503600000000012 0.003826 0.00099799999999999997 0.0023670000000000002 0.0095610000000000001 0.048263 0.020666 0 0.025805999999999999 0.00075000000000000002 0.00097199999999999999 0.00062200000000000005 0.003493 0.25151299999999999 0.022209000000000003 0 0 3
27 linear 0 0 0.47995500000000002 14.001245089334155 1 82 0.29960300000000001 0.012451 0.13741599999999998 0.0053329999999999992 0.0013579999999999998 0.0029710000000000001 0.010534 0.146152 0.022033000000000001 0 0.027004 0.00081899999999999996 0.00079299999999999987 0.0011739999999999999 0.0035640000000000003 0.079978000000000035 0.025039999999999986 0.011524999999999999 0 0
27 linear 0 7 0.38986500000000002 13.334494876069092 1 82 0.186944 0.012825 0.15966599999999997 0.005169 0.0011800000000000001 0.002715 0.010106 0.035626999999999999 0.021781999999999999 0 0.027186999999999999 0.00073499999999999998 0.00080599999999999986 0.0011119999999999999 0.0036490000000000003 0.10266999999999997 0.025086999999999995 0.011501000000000004 0 1
27 linear 0 15 0.44918999999999998 12.445276068245716 1 90 0.19129199999999999 0.012524 0.21319900000000003 0.005692 0.0013869999999999998 0.0029129999999999998 0.011148 0.033304 0.023362000000000001 0 0.033843999999999999 0.00075000000000000002 0.00079799999999999999 0.001049 0.0034689999999999999 0.14022300000000007 0.033060999999999972 0.015218999999999998 0 2
27 linear 0 23 0.38767099999999999 11.433390214541962 1 74 0.179896 0.012149999999999999 0.16905500000000004 0.0042100000000000002 0.001073 0.0024580000000000001 0.010087 0.030779000000000001 0.022751 0 0.026693999999999999 0.00068800000000000003 0.00075799999999999999 0.0010070000000000001 0.0033110000000000001 0.11382700000000003 0.024450999999999976 0.011398999999999994 0 3
27 linear 1 0 0.33962700000000001 7.4827398401663237 1 74 0.219584 0.01252 0.082976000000000008 0.0038249999999999998 0.0013289999999999999 0.00248 0.010475999999999999 0.072528999999999996 0.023834999999999999 0 0.026866999999999999 0.00077099999999999998 0.00060600000000000009 0.0012390000000000001 0.0031490000000000003 0.039703999999999989 0.018274000000000002 0.0087940000000000032 0 0
27 linear 1 7 0.29317900000000002 6.8132042609872565 1 74 0.152559 0.0088590000000000006 0.10743900000000003 0.0038040000000000001 0.0011200000000000001 0.0024620000000000002 0.010196 0.0080359999999999997 0.023238999999999999 0 0.026988000000000002 0.00067000000000000002 0.00061200000000000002 0.0011620000000000001 0.0031080000000000001 0.064898000000000011 0.017741000000000003 0.0087609999999999997 0 1
27 linear 1 15 0.30937300000000001 5.9930510494302638 1 74 0.156496 0.0086029999999999995 0.120019 0.0037940000000000001 0.0011540000000000001 0.0024190000000000001 0.010227999999999999 0.0078289999999999992 0.023793999999999999 0 0.027639 0.00071400000000000001 0.00061200000000000002 0.001122 0.0031889999999999996 0.077453999999999967 0.017689 0.0087710000000000045 0 2
27 linear 1 23 0.30005999999999999 5.119969157151524 1 67 0.14998700000000001 0.0084700000000000001 0.11886600000000001 0.0035970000000000004 0.0011150000000000001 0.002441 0.0099410000000000002 0.0053829999999999998 0.023303999999999998 0 0.027150000000000001 0.00076999999999999996 0.00059999999999999995 0.0010920000000000001 0.0030630000000000002 0.076981999999999981 0.019374000000000002 0.0079390000000000016 0 3
27 linear 2 0 0.518872 4.9330236159782439 1 112 0.30427100000000001 0.012459 0.16247799999999998 0.0068669999999999998 0.0015690000000000001 0.0029350000000000001 0.011148999999999999 0.14624000000000001 0.024754999999999999 0 0.027077 0.00078700000000000005 0.00081800000000000015 0.001191 0.0035339999999999998 0.076592000000000021 0.040689000000000003 0.016968 0 0
27 linear 2 7 0.41699000000000003 4.9884580368908944 1 112 0.197572 0.011990000000000001 0.16431799999999991 0.010102999999999999 0.001395 0.0029220000000000001 0.010881 0.041671 0.024138 0 0.027701 0.00081599999999999999 0.00077499999999999997 0.0011490000000000001 0.0036570000000000001 0.088254000000000013 0.034938000000000025 0.015067000000000007 0 1
27 linear 2 15 0.381496 5.0056498456910061 1 104 0.19125700000000001 0.011665 0.14283100000000001 0.0056759999999999996 0.0013699999999999999 0.0027690000000000002 0.010659999999999999 0.040392999999999998 0.022610999999999999 0 0.026873000000000001 0.00080099999999999995 0.00077099999999999998 0.000977 0.003437 0.073411999999999977 0.031201999999999994 0.014108000000000008 0 2
27 linear 2 23 0.370255 4.9979098831737971 1 96 0.18892500000000001 0.011269 0.13730099999999998 0.0050220000000000004 0.0011559999999999999 0.0026380000000000002 0.0098709999999999996 0.040403000000000001 0.022610999999999999 0 0.026584 0.000754 0.00082300000000000006 0.00094499999999999998 0.0033079999999999997 0.073317000000000007 0.028423000000000011 0.013196999999999997 0 3
27 linear 3 0 0.48538700000000001 5.9256947572413274 1 121 0.27677600000000002 0.014486000000000001 0.15245900000000001 0.0073380000000000008 0.0018709999999999998 0.002647 0.010803 0.112165 0.021498 0 0.027314000000000001 0.00086799999999999996 0.0009850000000000002 0.00075199999999999996 0.0035769999999999999 0.081288999999999972 0.030210000000000018 0.014347000000000009 0 0
27 linear 3 7 0.46610299999999999 5.9987362730949476 1 121 0.18934999999999999 0.014019 0.22146799999999997 0.0071369999999999992 0.0015219999999999999 0.0027550000000000001 0.010681 0.028953 0.020969000000000002 0 0.027366000000000001 0.00084500000000000005 0.001 0.00079199999999999995 0.0036149999999999997 0.15208600000000003 0.028438999999999996 0.014362999999999996 0 1
27 linear 3 15 0.44418200000000002 6.0888377102019069 1 113 0.18714700000000001 0.013627999999999999 0.20161800000000002 0.0060939999999999996 0.001606 0.0025920000000000001 0.010078 0.030998000000000001 0.020763 0 0.027247 0.00088599999999999996 0.00097900000000000005 0.000736 0.003496 0.13621400000000006 0.027311000000000019 0.013422999999999992 0 2
27 linear 3 23 0.43304700000000002 6.1868038501353482 1 113 0.180114 0.013684999999999999 0.20143600000000009 0.0058709999999999995 0.001611 0.002526 0.0097579999999999993 0.027569 0.02052 0 0.026536000000000001 0.00076000000000000004 0.00097999999999999997 0.00065200000000000002 0.0033919999999999996 0.13578999999999999 0.027598000000000029 0.013424000000000004 0 3
27 linear 4 0 0.47332999999999997 4.3286919641745163 1 91 0.313253 0.013849999999999999 0.11063599999999997 0.0052700000000000004 0.001379 0.0028860000000000001 0.01055 0.15401599999999999 0.021517999999999999 0 0.026744 0.00073999999999999999 0.00096199999999999996 0.00078100000000000001 0.0037500000000000003 0.050594000000000007 0.027275999999999998 0.010802000000000003 0 0
27 linear 4 7 0.39060499999999998 4.2360090337794123 1 91 0.202289 0.013669000000000001 0.13782600000000006 0.0061419999999999999 0.0013650000000000001 0.0028969999999999998 0.010224 0.043709999999999999 0.020941999999999999 0 0.027059 0.00074299999999999995 0.00098099999999999988 0.00076199999999999998 0.0037689999999999998 0.08092699999999993 0.026217999999999991 0.010816999999999995 0 1
27 linear 4 15 0.37461 4.1415320423431599 1 91 0.195517 0.013497 0.13029699999999997 0.0057359999999999998 0.0012570000000000001 0.0029260000000000002 0.0098150000000000008 0.041479000000000002 0.020324999999999999 0 0.02666 0.00075299999999999998 0.00097099999999999997 0.00064000000000000005 0.0036040000000000004 0.074206000000000036 0.025471999999999998 0.010829000000000007 0 2
27 linear 4 23 0.37331199999999998 4.0571617388320709 1 91 0.20368 0.013193 0.12206300000000002 0.0052589999999999998 0.001121 0.002875 0.0092919999999999999 0.048887 0.024240000000000001 0 0.026450999999999999 0.00068800000000000003 0.0010010000000000002 0.000638 0.0035689999999999997 0.065793999999999991 0.025606000000000007 0.010804999999999992 0 3
27 uniform 0 0 0.433369 13.801672565773709 1 74 0.299211 0.012413 0.095290999999999973 0.004274 0.001085 0.0029380000000000001 0.010262 0.14566399999999999 0.021935 0 0.026932999999999999 0.00085099999999999998 0.00080900000000000004 0.0011789999999999999 0.0035599999999999998 0.060677999999999996 0.022589999999999975 0 0 0
27 uniform 0 7 0.35311999999999999 13.255597186798042 1 74 0.186442 0.012425 0.12703800000000001 0.0042620000000000002 0.0010200000000000001 0.0026389999999999999 0.01014 0.035617000000000003 0.021961000000000001 0 0.026678 0.00076400000000000003 0.00081399999999999994 0.001147 0.0034669999999999996 0.090287999999999979 0.02434600000000001 0 0 1
27 uniform 0 15 0.44169799999999998 12.523556444441496 1 90 0.18992500000000001 0.013604 0.20527999999999996 0.0054800000000000005 0.001217 0.0027060000000000001 0.01193 0.034688999999999998 0.024517000000000001 0 0.027647999999999999 0.00075699999999999997 0.0007980000000000001 0.001018 0.0036270000000000004 0.14955900000000008 0.038388000000000019 0 0 2
27 uniform 0 23 0.39878999999999998 11.674515834470139 1 82 0.18627199999999999 0.013502 0.17053299999999996 0.0044619999999999998 0.0010950000000000001 0.0024689999999999998 0.011387 0.032746999999999998 0.024503 0 0.026814999999999999 0.00070200000000000004 0.0008119999999999999 0.00093899999999999995 0.0036290000000000011 0.12391600000000003 0.030538999999999997 0 0 3
27 uniform 1 0 0.32669199999999998 7.5208869100539006 1 66 0.22914499999999999 0.010468 0.064794999999999991 0.0032050000000000004 0.00096900000000000003 0.005803 0.011414000000000001 0.073592000000000005 0.025738 0 0.027376000000000001 0.00077700000000000002 0.00060499999999999996 0.001256 0.0035890000000000002 0.037335 0.017176999999999994 0 0 0
27 uniform 1 7 0.28711999999999999 6.9525430103262096 1 74 0.16087099999999999 0.0087860000000000004 0.093679999999999999 0.0035340000000000002 0.0010690000000000001 0.002588 0.01145 0.0079909999999999998 0.025614999999999999 0 0.027504000000000001 0.00078700000000000005 0.00059900000000000003 0.001307 0.0032079999999999995 0.064929999999999988 0.017697999999999998 0 0 1
27 uniform 1 15 0.28853800000000002 6.2311816054370874 1 74 0.150177 0.0085009999999999999 0.106326 0.0032719999999999997 0.0010839999999999999 0.0023990000000000001 0.010018000000000001 0.0078630000000000002 0.021676999999999998 0 0.027508000000000001 0.00076599999999999997 0.00059500000000000004 0.0010679999999999999 0.0030200000000000001 0.077600999999999976 0.017688999999999989 0 0 2
27 uniform 1 23 0.28328500000000001 5.4173354620573617 1 67 0.14956800000000001 0.0085590000000000006 0.10335500000000002 0.0031280000000000001 0.001005 0.0022109999999999999 0.0095910000000000006 0.0051310000000000001 0.021742000000000001 0 0.030287000000000001 0.00077300000000000003 0.00061300000000000005 0.00098200000000000002 0.0029489999999999994 0.07725499999999999 0.016090999999999991 0 0 3
27 uniform 2 0 0.44857999999999998 4.9943835881635561 1 88 0.30240800000000001 0.012508 0.10444700000000001 0.004104 0.0011480000000000001 0.0028509999999999998 0.011053 0.147287 0.022099000000000001 0 0.027335999999999999 0.00081400000000000005 0.00078299999999999995 0.001158 0.0034349999999999997 0.061204999999999982 0.029294000000000001 0 0 0
27 uniform 2 7 0.36090800000000001 5.0457671410478246 1 96 0.19500799999999999 0.012008 0.12232799999999999 0.0045370000000000002 0.0012719999999999999 0.0028930000000000002 0.010815999999999999 0.042206 0.021145000000000001 0 0.027328999999999999 0.00080199999999999998 0.00079200000000000006 0.0011069999999999999 0.0036649999999999999 0.074979999999999991 0.030113000000000011 0 0 1
27 uniform 2 15 0.35600300000000001 5.0406401234528859 1 104 0.189362 0.011642 0.12054600000000003 0.0049110000000000004 0.0013010000000000001 0.002483 0.010288 0.040596 0.020480999999999999 0 0.026766000000000002 0.000794 0.00076199999999999998 0.00099799999999999997 0.0034880000000000002 0.073384000000000019 0.030959000000000021 0 0 2
27 uniform 2 23 0.35466199999999998 5.0078100301795372 1 104 0.18720200000000001 0.010961 0.12238299999999998 0.0047740000000000005 0.001312 0.0024810000000000001 0.0096760000000000006 0.040517999999999998 0.020733000000000001 0 0.027049 0.00069300000000000004 0.00081900000000000007 0.00098499999999999998 0.0034190000000000006 0.076076000000000019 0.030089999999999981 0 0 3
27 uniform 3 0 0.42998900000000001 5.9360528062515483 1 97 0.27510499999999999 0.014566000000000001 0.10797399999999997 0.0050400000000000002 0.0015269999999999999 0.0026909999999999998 0.010782 0.112204 0.021475000000000001 0 0.026998999999999999 0.000834 0.00098300000000000015 0.000785 0.0037080000000000004 0.069290000000000018 0.024156999999999988 0 0 0
27 uniform 3 7 0.37570599999999998 6.0089374767478176 1 89 0.18868199999999999 0.013917000000000001 0.14442299999999994 0.0039919999999999999 0.001121 0.0027529999999999998 0.010834 0.028819999999999998 0.020993999999999999 0 0.027952999999999999 0.00084099999999999995 0.00097099999999999997 0.00068800000000000003 0.0034949999999999998 0.11083199999999996 0.020267000000000004 0 0 1
27 uniform 3 15 0.37664999999999998 6.0989495777830847 1 89 0.18829699999999999 0.013665999999999999 0.14652699999999999 0.0038269999999999997 0.0010479999999999999 0.002555 0.010109 0.030973000000000001 0.022418 0 0.027559 0.00083900000000000001 0.00095900000000000011 0.00069099999999999999 0.0034450000000000001 0.11142800000000003 0.021756000000000015 0 0 2
27 uniform 3 23 0.36691299999999999 6.1969342126191709 1 89 0.18231600000000001 0.013474 0.14296199999999998 0.0037630000000000003 0.00116 0.0024039999999999999 0.0098029999999999992 0.027470000000000001 0.022556 0 0.02673 0.00088500000000000004 0.001003 0.00059299999999999999 0.0034340000000000009 0.10796199999999997 0.021670999999999992 0 0 3
27 uniform 4 0 0.431842 4.3363137425135188 1 75 0.315494 0.013847999999999999 0.073761999999999994 0.0039700000000000004 0.0011480000000000001 0.0028050000000000002 0.010716 0.154533 0.023012000000000001 0 0.026912999999999999 0.00074399999999999998 0.00097599999999999998 0.00069099999999999999 0.003666 0.040431000000000009 0.022054000000000001 0 0 0
27 uniform 4 7 0.34916900000000001 4.2424227836183688 1 75 0.20724400000000001 0.013643000000000001 0.099306000000000047 0.0039769999999999996 0.0010150000000000001 0.0027079999999999999 0.01025 0.043520000000000003 0.022665000000000001 0 0.027415999999999999 0.00083199999999999995 0.00095899999999999989 0.00069999999999999999 0.0036960000000000005 0.06711300000000002 0.020918000000000006 0 0 1
27 uniform 4 15 0.328623 4.1468935655273382 1 75 0.19734699999999999 0.013336000000000001 0.089682999999999943 0.0038290000000000004 0.00096600000000000006 0.0024369999999999999 0.0096559999999999997 0.041453999999999998 0.022960999999999999 0 0.026242999999999999 0.00078799999999999996 0.00099599999999999992 0.00068800000000000003 0.0035959999999999998 0.05800700000000001 0.020477999999999996 0 0 2
27 uniform 4 23 0.32555400000000001 4.0617174981657422 1 75 0.202096 0.013265000000000001 0.082063999999999998 0.0038250000000000003 0.00088600000000000007 0.0025699999999999998 0.0091850000000000005 0.048971000000000001 0.022984000000000001 0 0.026814000000000001 0.00074399999999999998 0.00099300000000000018 0.00064499999999999996 0.0034499999999999999 0.050284999999999996 0.020594000000000001 0 0 3
28 linear 0 0 0.70383300000000004 115.89066899593388 1 67 0.55400300000000002 0.011119 0.11528200000000004 0.00396 0.0011300000000000001 0.0031359999999999999 0.010742 0.18335499999999999 0.108155 0 0.026276999999999998 0.00084099999999999995 0.13319400000000001 0.0011709999999999999 0.0034249999999999997 0.04640600000000001 0.033989999999999992 0.0071430000000000026 0 0
28 linear 0 7 0.69667100000000004 135.18102089070712 1 67 0.431228 0.011070999999999999 0.23145099999999993 0.0035010000000000002 0.00095399999999999988 0.0029759999999999999 0.010118 0.050953999999999999 0.11688 0 0.026231000000000001 0.00079000000000000001 0.13202100000000003 0.0011299999999999999 0.0034320000000000002 0.16309799999999997 0.033994000000000003 0.0071420000000000051 0 1
28 linear 0 15 0.69046799999999997 155.43993645505498 1 67 0.44172899999999998 0.011042 0.21489999999999998 0.0035009999999999998 0.00090600000000000001 0.0027000000000000001 0.010288 0.051130000000000002 0.12748799999999999 0 0.026727999999999998 0.00080699999999999999 0.13389199999999998 0.0010989999999999999 0.0034780000000000002 0.14780499999999999 0.032647000000000002 0.0071140000000000014 0 2
28 linear 0 23 0.66185300000000002 173.33206992290641 1 67 0.41566799999999998 0.010939000000000001 0.21269199999999996 0.0033840000000000003 0.00088800000000000001 0.002689 0.015879999999999998 0.047190000000000003 0.10527300000000001 0 0.025919000000000001 0.00075900000000000002 0.13276700000000002 0.001026 0.0033129999999999995 0.14532800000000004 0.033145000000000008 0.0071280000000000024 0 3
28 linear 1 0 0.84727399999999997 121.95993132496226 1 67 0.67872600000000005 0.011074000000000001 0.13484499999999999 0.0033139999999999997 0.000977 0.0027980000000000001 0.010111999999999999 0.18707499999999999 0.13702 0 0.025922000000000001 0.00079600000000000005 0.22617299999999999 0.0010679999999999999 0.0033660000000000001 0.065051999999999985 0.031241000000000001 0.0068800000000000042 0 0
28 linear 1 7 0.76562200000000002 118.50462560805062 1 67 0.53448700000000005 0.010933 0.19718499999999997 0.003627 0.000901 0.0025929999999999998 0.0095119999999999996 0.05568 0.125389 0 0.025770000000000001 0.00075100000000000004 0.22912099999999999 0.001042 0.0033549999999999995 0.12693500000000002 0.031446000000000002 0.0068990000000000015 0 1
28 linear 1 15 0.73987499999999995 114.54152064003807 1 67 0.50824199999999997 0.010965000000000001 0.19761500000000001 0.0037089999999999996 0.00087800000000000009 0.002526 0.0094789999999999996 0.055334000000000001 0.12625 0 0.025911 0.00070100000000000002 0.19970299999999999 0.001083 0.0033230000000000004 0.12820199999999995 0.030436000000000001 0.0068600000000000024 0 2
28 linear 1 23 0.74735399999999996 110.56568918161697 1 67 0.50506499999999999 0.010877 0.20829699999999995 0.0034820000000000003 0.000834 0.0023240000000000001 0.0092540000000000001 0.058278000000000003 0.125336 0 0.025183000000000001 0.00072800000000000002 0.20172799999999999 0.001044 0.0032749999999999997 0.13677600000000001 0.030713000000000001 0.0070139999999999994 0 3
28 linear 2 0 0.64046000000000003 117.71115766884702 1 98 0.42779800000000001 0.015443999999999999 0.16021299999999997 0.0067349999999999997 0.001333 0.0026670000000000001 0.010949 0.18304200000000001 0.10720499999999999 0 0.025826999999999999 0.00071699999999999997 0.0034640000000000001 0.000767 0.0041000000000000003 0.070596000000000006 0.045620000000000029 0.011077999999999998 0 0
28 linear 2 7 0.65518799999999999 108.47734435742267 1 90 0.29544900000000002 0.015129 0.31008400000000008 0.0057889999999999999 0.0011310000000000001 0.0025360000000000001 0.010496 0.052477000000000003 0.108033 0 0.025375999999999999 0.00071199999999999996 0.003555 0.00078899999999999999 0.0040040000000000006 0.22620799999999996 0.042934999999999994 0.010116 0 1
28 linear 2 15 0.60437200000000002 101.39170630802579 1 90 0.26688699999999999 0.013698 0.28978099999999996 0.0056239999999999997 0.0011040000000000002 0.0025010000000000002 0.0093659999999999993 0.051041000000000003 0.082839999999999997 0 0.025375000000000002 0.00076300000000000001 0.0035690000000000001 0.00070600000000000003 0.0035319999999999995 0.20920699999999992 0.040813000000000016 0.0098460000000000041 0 2
28 linear 2 23 0.61624000000000001 95.951395470581659 1 90 0.26530100000000001 0.013372999999999999 0.30471200000000015 0.0053140000000000001 0.00099100000000000013 0.0023749999999999999 0.0091940000000000008 0.050890999999999999 0.082439999999999999 0 0.024715999999999998 0.00080800000000000002 0.003496 0.00070299999999999996 0.0034829999999999996 0.22326499999999994 0.041544000000000011 0.0098639999999999995 0 3
28 linear 3 0 0.74641599999999997 7.5391991239056946 1 53 0.601607 0.0086680000000000004 0.11366999999999998 0.0036810000000000002 0.00074399999999999998 0.0024689999999999998 0.009299 0.17810999999999999 0.114153 0 0.025603999999999998 0.00074399999999999998 0.19019900000000001 0.001253 0.0031670000000000001 0.061306000000000013 0.023896000000000004 0.0054560000000000025 0 0
28 linear 3 7 0.70552700000000002 7.5411160135910951 1 53 0.49540400000000001 0.0082649999999999998 0.18047799999999997 0.0032760000000000003 0.00063900000000000003 0.0026489999999999999 0.0098820000000000002 0.051756000000000003 0.084255999999999998 0 0.025996999999999999 0.00083600000000000005 0.23981500000000003 0.0012489999999999999 0.0030980000000000005 0.12987100000000001 0.022239999999999999 0.0054610000000000006 0 1
28 linear 3 15 0.597329 7.5433084329156816 1 53 0.38414999999999999 0.0082179999999999996 0.18393500000000002 0.0031980000000000003 0.00059900000000000003 0.0023149999999999998 0.0091120000000000003 0.046495000000000002 0.073562000000000002 0 0.027814999999999999 0.000843 0.14710499999999999 0.001072 0.0030419999999999996 0.13267100000000001 0.022540000000000004 0.0054570000000000009 0 2
28 linear 3 23 0.72950899999999996 7.545502654369348 1 53 0.51509300000000002 0.0081010000000000006 0.18534300000000001 0.0030540000000000003 0.00062200000000000005 0.0022260000000000001 0.0086809999999999995 0.055592999999999997 0.106339 0 0.024944000000000001 0.00075799999999999999 0.23973 0.0010859999999999999 0.0029760000000000003 0.13385199999999997 0.022831000000000001 0.0054580000000000028 0 3
28 linear 4 0 0.775447 1450.7362488769995 1 83 0.45415100000000003 0.016414000000000002 0.27252199999999993 0.0049659999999999999 0.0012600000000000001 0.0029120000000000001 0.010643 0.18595400000000001 0.022922999999999999 0 0.026027000000000002 0.00078200000000000003 0.11034800000000002 0.00078700000000000005 0.0034869999999999996 0.18597200000000005 0.024321999999999976 0.0077170000000000025 0 0
28 linear 4 7 0.75408500000000001 1421.6137381444235 1 83 0.43891400000000003 0.016319 0.26660699999999998 0.0050279999999999995 0.001021 0.0026719999999999999 0.0098099999999999993 0.052995 0.032808999999999998 0 0.025491 0.00077499999999999997 0.22335500000000003 0.00069399999999999996 0.0035620000000000001 0.18090899999999993 0.024219999999999981 0.0077190000000000045 0 1
28 linear 4 15 0.76052799999999998 1391.8685765625535 1 83 0.43576300000000001 0.016251999999999999 0.27640699999999996 0.0046480000000000011 0.001052 0.0025660000000000001 0.0098919999999999998 0.051175999999999999 0.033029999999999997 0 0.025676000000000001 0.00080099999999999995 0.22417100000000001 0.00071199999999999996 0.0034129999999999998 0.19040699999999999 0.024598999999999965 0.0077070000000000029 0 2
28 linear 4 23 0.70579099999999995 1365.2812373771187 1 83 0.38990999999999998 0.015987000000000001 0.26852399999999993 0.0043700000000000006 0.0010300000000000001 0.0022790000000000002 0.0090449999999999992 0.050949000000000001 0.022421 0 0.025558000000000001 0.00088199999999999997 0.19279700000000002 0.00057899999999999998 0.0033190000000000003 0.18302100000000004 0.024109999999999986 0.0077160000000000024 0 3
28 uniform 0 0 0.67097499999999999 118.07511520822709 1 67 0.54655500000000001 0.011310000000000001 0.090035000000000032 0.0035680000000000004 0.00099700000000000006 0.0028809999999999999 0.010038999999999999 0.179787 0.105529 0 0.025881000000000001 0.00076800000000000002 0.1328 0.001245 0.0034630000000000004 0.04583000000000001 0.034194000000000002 0 0 0
28 uniform 0 7 0.66636099999999998 135.08381009821201 1 67 0.42616300000000001 0.011051999999999999 0.20667800000000003 0.0033279999999999994 0.00089599999999999999 0.0028649999999999999 0.0095270000000000007 0.051147999999999999 0.118159 0 0.026124999999999999 0.00074899999999999999 0.131855 0.0011789999999999999 0.0033310000000000006 0.16231600000000002 0.034040999999999981 0 0 1
28 uniform 0 15 0.66247100000000003 152.81506125668668 1 67 0.438218 0.010869 0.19082499999999997 0.00314 0.00093400000000000004 0.00263 0.0093849999999999992 0.051262000000000002 0.12542600000000001 0 0.026159999999999999 0.00075000000000000002 0.13675699999999999 0.0011230000000000001 0.0032390000000000001 0.14775199999999994 0.03277900000000001 0 0 2
28 uniform 0 23 0.63256299999999999 168.58424582712752 1 67 0.408634 0.011013 0.18996599999999997 0.0035280000000000003 0.00093299999999999991 0.0024859999999999999 0.0092359999999999994 0.047345999999999999 0.10542600000000001 0 0.025513999999999998 0.00071599999999999995 0.13267799999999999 0.0010939999999999999 0.0032259999999999997 0.14646100000000009 0.033475999999999992 0 0 3
28 uniform 1 0 0.81954300000000002 127.51159322359619 1 67 0.67919200000000002 0.011292999999999999 0.10659699999999998 0.0030850000000000005 0.001016 0.0027550000000000001 0.010151 0.190335 0.13689000000000001 0 0.026192 0.00069399999999999996 0.22578700000000002 0.0010690000000000001 0.0033699999999999997 0.065442999999999987 0.031165999999999985 0 0 0
28 uniform 1 7 0.78232599999999997 124.35001042971652 1 67 0.53386199999999995 0.011015 0.213139 0.0033209999999999997 0.001024 0.00249 0.0094230000000000008 0.055647000000000002 0.12546599999999999 0 0.025684999999999999 0.00081800000000000004 0.22639999999999999 0.001098 0.0033289999999999999 0.16314700000000004 0.035331000000000015 0 0 1
28 uniform 1 15 0.79445299999999996 120.70259927476384 1 67 0.51283500000000004 0.012001 0.24520000000000006 0.0032419999999999997 0.00092899999999999992 0.0035539999999999999 0.0091420000000000008 0.056351999999999999 0.12856300000000001 0 0.025409999999999999 0.00070699999999999995 0.20264900000000002 0.0010369999999999999 0.0036850000000000003 0.18343199999999996 0.04367699999999998 0 0 2
28 uniform 1 23 0.72276399999999996 117.01914499956945 1 67 0.510938 0.011932 0.17613899999999996 0.0031740000000000006 0.00094799999999999995 0.0034499999999999999 0.0089619999999999995 0.059408000000000002 0.12824199999999999 0 0.024948000000000001 0.00075199999999999996 0.20145400000000002 0.001083 0.0037419999999999997 0.13597699999999999 0.029708000000000005 0 0 3
28 uniform 2 0 0.56879500000000005 119.78757274745608 1 82 0.419132 0.014095999999999999 0.10738899999999998 0.00413 0.0011380000000000003 0.002735 0.010144 0.17938999999999999 0.10383199999999999 0 0.026238000000000001 0.00076599999999999997 0.0035100000000000001 0.00074100000000000001 0.0036319999999999998 0.059023999999999993 0.03614100000000002 0 0 0
28 uniform 2 7 0.587148 109.63681959242179 1 82 0.28683500000000001 0.013681 0.25855899999999998 0.0038839999999999999 0.00096499999999999993 0.0024859999999999999 0.0092289999999999994 0.051156 0.103894 0 0.025783 0.000745 0.0034850000000000003 0.00072999999999999996 0.0035500000000000002 0.20846000000000001 0.037842000000000015 0 0 1
28 uniform 2 15 0.51744900000000005 102.15278057603483 1 74 0.26377600000000001 0.013296000000000001 0.214917 0.0033500000000000005 0.00082799999999999996 0.0023730000000000001 0.0089090000000000003 0.051146999999999998 0.083573999999999996 0 0.025156000000000001 0.00072300000000000001 0.0033969999999999998 0.00067900000000000002 0.003452999999999999 0.171574 0.032268000000000019 0 0 2
28 uniform 2 23 0.533856 96.500359273560292 1 74 0.26424599999999998 0.013259 0.23110500000000003 0.0034460000000000003 0.00082900000000000009 0.0023779999999999999 0.0089709999999999998 0.051159999999999997 0.082490999999999995 0 0.024372999999999999 0.00075799999999999999 0.0034060000000000002 0.00072599999999999997 0.0034159999999999998 0.18676300000000004 0.033233000000000013 0 0 3
28 uniform 3 0 0.70736600000000005 7.5392159082622001 1 37 0.60367499999999996 0.0085269999999999999 0.079563999999999982 0.0021610000000000002 0.00061800000000000006 0.0026340000000000001 0.0093779999999999992 0.17777499999999999 0.11398899999999999 0 0.025786 0.00075000000000000002 0.190493 0.001299 0.0032399999999999994 0.054065000000000009 0.019784 0 0 0
28 uniform 3 7 0.633691 7.5411328149707373 1 37 0.49687100000000001 0.0082760000000000004 0.113857 0.0018470000000000001 0.00052300000000000003 0.00299 0.010410000000000001 0.052909999999999999 0.086439000000000002 0 0.025045999999999999 0.00074600000000000003 0.23978699999999997 0.001292 0.003081 0.093700000000000006 0.014488999999999998 0 0 1
28 uniform 3 15 0.518154 7.5433252537787832 1 37 0.385216 0.0082170000000000003 0.11039199999999998 0.0018440000000000002 0.00048700000000000002 0.0022560000000000002 0.0088570000000000003 0.046736 0.074902999999999997 0 0.024878000000000001 0.000736 0.15061600000000003 0.0011349999999999999 0.0029750000000000002 0.090348999999999999 0.014330999999999998 0 0 2
28 uniform 3 23 0.63142799999999999 7.5455194947580013 1 37 0.51382300000000003 0.0080569999999999999 0.095410000000000023 0.0018209999999999999 0.00043299999999999995 0.0022409999999999999 0.008633 0.055322000000000003 0.106599 0 0.024538000000000001 0.00077800000000000005 0.23966199999999999 0.0010499999999999999 0.0029720000000000007 0.075608999999999982 0.014223000000000001 0 0 3
28 uniform 4 0 0.68496900000000005 1454.1929239535627 1 67 0.46137499999999998 0.016593 0.18142800000000001 0.0034770000000000001 0.0010110000000000002 0.002977 0.010749 0.18950800000000001 0.023328000000000002 0 0.026626 0.00091 0.11071099999999999 0.000736 0.003532 0.15233600000000005 0.019066000000000007 0 0 0
28 uniform 4 7 0.66037900000000005 1424.5725150236465 1 67 0.44009900000000002 0.01643 0.17845199999999997 0.0033700000000000002 0.00093500000000000007 0.0026020000000000001 0.00975 0.050938999999999998 0.032587999999999999 0 0.025683000000000001 0.00081599999999999999 0.22309000000000001 0.00067599999999999995 0.0034250000000000005 0.14921000000000001 0.019144999999999988 0 0 1
28 uniform 4 15 0.65610199999999996 1394.3786883497858 1 67 0.43028100000000002 0.016064999999999999 0.184978 0.0032909999999999997 0.00085899999999999995 0.0023739999999999998 0.0091769999999999994 0.051089000000000002 0.032459000000000002 0 0.025322999999999998 0.00080699999999999999 0.22111900000000001 0.00062699999999999995 0.0033830000000000002 0.15512200000000004 0.019035999999999997 0 0 2
28 uniform 4 23 0.60940399999999995 1367.4364609878844 1 67 0.38976 0.015969000000000001 0.17886600000000002 0.0033449999999999999 0.00079100000000000004 0.0024399999999999999 0.0091000000000000004 0.050821999999999999 0.020802000000000001 0 0.026949000000000001 0.00089700000000000001 0.19295500000000002 0.00066299999999999996 0.0033319999999999999 0.14917900000000009 0.018959999999999998 0 0 3
29 linear 0 0 0.43147099999999999 9.6606682143456535 1 74 0.27848499999999998 0.011644 0.11443400000000001 0.0048669999999999998 0.0012829999999999999 0.0030839999999999999 0.011521 0.121171 0.021988000000000001 0 0.026540999999999999 0.00093099999999999997 0.0022469999999999999 0.001201 0.0036109999999999996 0.058790000000000002 0.026879999999999994 0.010584000000000001 0 0
29 linear 0 7 0.37754799999999999 9.1967164687387957 1 74 0.18016699999999999 0.011601 0.15963200000000002 0.004398 0.001077 0.0029199999999999999 0.011292999999999999 0.029023 0.021129999999999999 0 0.025905999999999998 0.00082799999999999996 0.0014890000000000003 0.0010939999999999999 0.0035589999999999997 0.103767 0.027345000000000019 0.010574000000000004 0 1
29 linear 0 15 0.41774899999999998 8.6484345909676392 1 90 0.16777400000000001 0.011656 0.20544900000000002 0.0057760000000000008 0.0011180000000000001 0.0026809999999999998 0.010345 0.021257000000000002 0.020858000000000002 0 0.026082000000000001 0.00086499999999999999 0.00078600000000000013 0.0009810000000000001 0.0033300000000000001 0.13980599999999999 0.031821999999999996 0.012490000000000003 0 2
29 linear 0 23 0.43557600000000002 8.0840839428796603 1 98 0.17255200000000001 0.011635 0.214946 0.0063750000000000005 0.0013020000000000002 0.002454 0.0098709999999999996 0.023306 0.021003999999999998 0 0.026276000000000001 0.00080800000000000002 0.00080699999999999999 0.0010280000000000001 0.0035090000000000004 0.13895999999999997 0.039329000000000024 0.013400999999999996 0 3
29 linear 1 0 0.53909799999999997 5.931413184636769 1 104 0.301236 0.013032999999999999 0.19053200000000001 0.0058590000000000005 0.001598 0.0026800000000000001 0.010961 0.145819 0.022210000000000001 0 0.027295 0.00086899999999999998 0.00080699999999999999 0.00095600000000000004 0.0034729999999999995 0.079266000000000031 0.043815999999999973 0.016293999999999996 0 0
29 linear 1 7 0.55044400000000004 5.7524733756596502 1 104 0.19489799999999999 0.012874999999999999 0.308087 0.0058860000000000006 0.0015069999999999999 0.0025219999999999999 0.010227 0.040987000000000003 0.021396999999999999 0 0.027451 0.00088699999999999998 0.00081499999999999997 0.0010759999999999999 0.0035729999999999998 0.19443700000000003 0.046401999999999992 0.016300000000000005 0 1
29 linear 1 15 0.54070499999999999 5.4726975191447051 1 104 0.18632099999999999 0.012413 0.30799200000000004 0.0055780000000000005 0.0012699999999999999 0.0025179999999999998 0.010012999999999999 0.037885000000000002 0.021673000000000001 0 0.026263999999999999 0.00087900000000000001 0.00081800000000000004 0.00099099999999999991 0.0033500000000000001 0.19631799999999994 0.044528999999999999 0.016451 0 2
29 linear 1 23 0.56096599999999996 5.0997328653441976 1 104 0.18799299999999999 0.013811 0.32385200000000008 0.0056250000000000007 0.0016970000000000002 0.0024009999999999999 0.0097050000000000001 0.038101000000000003 0.021465999999999999 0 0.026353999999999999 0.003117 0.00078200000000000003 0.00097900000000000005 0.003594 0.20499099999999992 0.048237000000000002 0.016846000000000007 0 3
29 linear 2 0 0.36313000000000001 6.4873107968948123 1 61 0.24730099999999999 0.0091629999999999993 0.080656000000000005 0.0044329999999999994 0.00098299999999999993 0.0029520000000000002 0.012626 0.095237000000000002 0.025115999999999999 0 0.026498000000000001 0.00087900000000000001 0.00061600000000000001 0.0012780000000000001 0.0034450000000000001 0.040478 0.019059999999999997 0.007431999999999995 0 0
29 linear 2 7 0.47257900000000003 6.6736728401836087 1 76 0.18923499999999999 0.012331 0.23874299999999993 0.0054749999999999998 0.0012929999999999999 0.0028999999999999998 0.010828000000000001 0.023209 0.024891 0 0.027841000000000001 0.00077800000000000005 0.00090900000000000009 0.0010460000000000001 0.0038359999999999996 0.18642899999999998 0.024745999999999994 0.0099499999999999936 0 1
29 linear 2 15 0.42311700000000002 6.9980544564867087 1 76 0.16148299999999999 0.011566999999999999 0.21953099999999992 0.0048929999999999998 0.00095600000000000004 0.002849 0.010122000000000001 0.01256 0.020792999999999999 0 0.026381999999999999 0.000825 0.00084000000000000003 0.0010009999999999999 0.0031749999999999999 0.17120000000000005 0.022703999999999992 0.0090220000000000022 0 2
29 linear 2 23 0.426537 7.3421754061093223 1 76 0.15273800000000001 0.010630000000000001 0.23320100000000005 0.0048149999999999998 0.00099600000000000014 0.00263 0.0094359999999999999 0.0079179999999999997 0.020695000000000002 0 0.025950999999999998 0.00077300000000000003 0.00080600000000000008 0.001003 0.0031939999999999998 0.18476500000000004 0.02274799999999999 0.0090299999999999981 0 3
29 linear 3 0 0.416159 3.7064446540844167 1 61 0.29910100000000001 0.0085509999999999996 0.084212999999999996 0.0036320000000000002 0.00081700000000000002 0.0028379999999999998 0.010881 0.15160000000000001 0.022120000000000001 0 0.026557000000000001 0.00080199999999999998 0.0006069999999999999 0.001266 0.00316 0.044518000000000002 0.019021999999999997 0.0072260000000000015 0 0
29 linear 3 7 0.35627300000000001 3.7017286355237173 1 61 0.17474300000000001 0.0083759999999999998 0.14888699999999996 0.003705 0.00083100000000000003 0.0028890000000000001 0.010163 0.032764000000000001 0.021357999999999999 0 0.025572000000000001 0.00078899999999999999 0.00058600000000000004 0.001155 0.0031040000000000004 0.10928900000000001 0.018974999999999995 0.0072269999999999999 0 1
29 linear 3 15 0.37917099999999998 3.696400291832763 1 61 0.18467600000000001 0.0083680000000000004 0.16084700000000002 0.0040850000000000001 0.00092599999999999996 0.006051 0.010049000000000001 0.037053999999999997 0.021208999999999999 0 0.026195 0.00084099999999999995 0.00059000000000000003 0.0011440000000000001 0.0030370000000000006 0.121742 0.018449999999999991 0.0072330000000000024 0 2
29 linear 3 23 0.36460199999999998 3.6911361114892718 1 61 0.175845 0.0082760000000000004 0.15618100000000004 0.0037100000000000006 0.00079200000000000006 0.0025110000000000002 0.0094669999999999997 0.036477000000000002 0.021173000000000001 0 0.025631000000000001 0.00077999999999999999 0.00058399999999999999 0.001062 0.0030180000000000003 0.11561999999999997 0.019877999999999989 0.0072310000000000031 0 3
29 linear 4 0 0.40969699999999998 13.785292734968708 1 90 0.24681800000000001 0.014253999999999999 0.11597599999999998 0.0055469999999999998 0.0015899999999999998 0.0028879999999999999 0.011025999999999999 0.086346000000000006 0.021304 0 0.026025 0.00081899999999999996 0.00099200000000000004 0.00077300000000000003 0.0036099999999999999 0.055873999999999986 0.029441999999999975 0.010696999999999998 0 0
29 linear 4 7 0.43756 13.935628302625908 1 90 0.158968 0.013873 0.23261500000000007 0.004927 0.0014829999999999999 0.0026340000000000001 0.010083 0.0056509999999999998 0.020933 0 0.025843999999999999 0.00074200000000000004 0.00097599999999999998 0.00076400000000000003 0.0034900000000000005 0.17377299999999998 0.028191999999999995 0.010688999999999995 0 1
29 linear 4 15 0.41636400000000001 14.123933328379309 1 90 0.16092000000000001 0.013464 0.21016300000000002 0.0049280000000000001 0.0013260000000000001 0.0025539999999999998 0.0097610000000000006 0.0067279999999999996 0.022633 0 0.026374000000000002 0.00076999999999999996 0.00099599999999999992 0.00067199999999999996 0.0035249999999999999 0.14991100000000004 0.029408999999999973 0.010684000000000004 0 2
29 linear 4 23 0.43526500000000001 14.332847809623122 1 98 0.15673200000000001 0.013448999999999999 0.22853400000000001 0.0061989999999999996 0.0014589999999999998 0.0024750000000000002 0.0096229999999999996 0.0056899999999999997 0.022091 0 0.026020999999999999 0.00067900000000000002 0.00097999999999999997 0.00063299999999999999 0.0035109999999999998 0.16292400000000004 0.032013999999999966 0.011606999999999996 0 3
29 uniform 0 0 0.41243299999999999 9.5685402811974196 1 74 0.27757799999999999 0.011412 0.097620000000000012 0.004182 0.001248 0.0027299999999999998 0.010869 0.121346 0.023441 0 0.027049 0.00082600000000000002 0.0025000000000000001 0.001044 0.0034940000000000001 0.058806000000000011 0.027019999999999985 0 0 0
29 uniform 0 7 0.36110300000000001 9.1595752343553993 1 74 0.180864 0.01149 0.14319100000000001 0.0038659999999999996 0.0011539999999999999 0.002581 0.010231000000000001 0.025422 0.022893 0 0.029975999999999999 0.00078399999999999997 0.0015120000000000001 0.00096299999999999999 0.0035179999999999994 0.104033 0.027367000000000013 0 0 1
29 uniform 0 15 0.35055399999999998 8.6753906674494239 1 74 0.16742899999999999 0.011597 0.14630299999999996 0.003643 0.00096599999999999995 0.002532 0.0095849999999999998 0.020919 0.022692 0 0.026148000000000001 0.00079799999999999999 0.00079999999999999993 0.00094600000000000001 0.0032980000000000002 0.10775999999999999 0.026783000000000001 0 0 2
29 uniform 0 23 0.36597600000000002 8.1743642123079905 1 82 0.17135 0.011622 0.15315400000000001 0.0046360000000000012 0.0011509999999999999 0.0023999999999999998 0.0092599999999999991 0.022908000000000001 0.022773999999999999 0 0.026179999999999998 0.00074799999999999997 0.00079100000000000004 0.001011 0.0032849999999999997 0.10992799999999997 0.030164000000000021 0 0 3
29 uniform 1 0 0.48246699999999998 5.8711553994905783 1 96 0.303703 0.012913000000000001 0.133854 0.0046959999999999997 0.001467 0.002794 0.011277000000000001 0.146678 0.025021999999999999 0 0.026339000000000001 0.00078799999999999996 0.00080099999999999995 0.001008 0.0033279999999999994 0.077011000000000052 0.041675000000000011 0 0 0
29 uniform 1 7 0.46011999999999997 5.7415294660469449 1 96 0.192603 0.012736000000000001 0.22335299999999997 0.0045230000000000001 0.0012290000000000001 0.0024780000000000002 0.010018000000000001 0.041293999999999997 0.024032000000000001 0 0.026710000000000001 0.000812 0.00081999999999999998 0.001029 0.003431 0.16692500000000005 0.041349000000000011 0 0 1
29 uniform 1 15 0.46268700000000001 5.5275409381282596 1 96 0.185838 0.012263 0.23398099999999994 0.004333 0.001225 0.002496 0.0095809999999999992 0.038005999999999998 0.023358 0 0.026065999999999999 0.00081599999999999999 0.00079499999999999992 0.00095699999999999995 0.0032369999999999999 0.17672100000000002 0.042111999999999976 0 0 2
29 uniform 1 23 0.45836500000000002 5.2193237468780644 1 96 0.18318699999999999 0.012404 0.23186700000000002 0.0045029999999999992 0.0013340000000000001 0.0023869999999999998 0.009606 0.038056 0.021510000000000001 0 0.025951999999999999 0.00075900000000000002 0.000803 0.00087100000000000003 0.0032299999999999998 0.17224599999999995 0.04443099999999995 0 0 3
29 uniform 2 0 0.321571 6.4876247307913335 1 45 0.24324399999999999 0.0089949999999999995 0.051381000000000003 0.0024520000000000002 0.00077300000000000003 0.0029169999999999999 0.011391 0.095080999999999999 0.021743999999999999 0 0.027144000000000001 0.000843 0.00062199999999999994 0.0013110000000000001 0.0031700000000000001 0.030990999999999994 0.013638000000000001 0 0 0
29 uniform 2 7 0.376023 6.7391764082381327 1 60 0.17358899999999999 0.011949 0.16701099999999997 0.0031190000000000002 0.000968 0.0027409999999999999 0.010299000000000001 0.021656999999999999 0.021427000000000002 0 0.026313 0.00081599999999999999 0.00085499999999999997 0.0011039999999999999 0.0033540000000000006 0.13875399999999996 0.018935000000000004 0 0 1
29 uniform 2 15 0.343694 7.1176086949000821 1 60 0.15989600000000001 0.011446 0.14955099999999999 0.00297 0.00084400000000000013 0.002581 0.0098630000000000002 0.012684000000000001 0.020722000000000001 0 0.026032 0.00083000000000000001 0.00085099999999999998 0.0010640000000000001 0.0032340000000000003 0.11921900000000002 0.017885000000000002 0 0 2
29 uniform 2 23 0.34192099999999997 7.4832372906988205 1 60 0.152722 0.010673 0.15574700000000002 0.0029419999999999997 0.00080600000000000008 0.0025070000000000001 0.0092390000000000007 0.0080269999999999994 0.020764999999999999 0 0.025839000000000001 0.00084199999999999998 0.00082799999999999985 0.00099700000000000006 0.0031679999999999998 0.12889800000000004 0.017816999999999996 0 0 3
29 uniform 3 0 0.38074400000000003 3.7066041392474083 1 45 0.29908099999999999 0.0086320000000000008 0.055580999999999998 0.0022369999999999998 0.00065099999999999999 0.0026549999999999998 0.01081 0.15160399999999999 0.022041000000000002 0 0.02683 0.00079600000000000005 0.00063499999999999993 0.001155 0.0030560000000000001 0.034842999999999992 0.013923000000000001 0 0 0
29 uniform 3 7 0.30197299999999999 3.7018887814324839 1 45 0.17246600000000001 0.0083739999999999995 0.10352099999999999 0.002313 0.00066399999999999999 0.0025799999999999998 0.010070000000000001 0.032407999999999999 0.020955999999999999 0 0.025621999999999999 0.00081099999999999998 0.00058399999999999988 0.0011199999999999999 0.0030040000000000006 0.078885999999999998 0.017757999999999996 0 0 1
29 uniform 3 15 0.316996 3.6965612876651988 1 45 0.18117 0.0081829999999999993 0.11008499999999999 0.0022860000000000003 0.00066299999999999996 0.0025579999999999999 0.010059999999999999 0.037173999999999999 0.021307 0 0.026547999999999999 0.00076199999999999998 0.00061699999999999993 0.001008 0.0030210000000000002 0.089798000000000017 0.013350999999999997 0 0 2
29 uniform 3 23 0.305701 3.6912980555331445 1 45 0.17458699999999999 0.0081130000000000004 0.105693 0.0021969999999999997 0.00064400000000000004 0.0025339999999999998 0.0094450000000000003 0.036556999999999999 0.021010999999999998 0 0.025682 0.00078700000000000005 0.00059800000000000001 0.00099400000000000009 0.0029799999999999996 0.084470000000000017 0.014353999999999995 0 0 3
29 uniform 4 0 0.38056699999999999 13.805505345693666 1 82 0.243532 0.014257000000000001 0.094264000000000014 0.004163 0.0011510000000000001 0.002869 0.011131 0.086141999999999996 0.021205000000000002 0 0.025975000000000002 0.00087699999999999996 0.000977 0.00076199999999999998 0.0036589999999999999 0.055413999999999984 0.026579999999999979 0 0 0
29 uniform 4 7 0.38966299999999998 13.958211469105734 1 82 0.15939700000000001 0.013631000000000001 0.18724500000000005 0.0041210000000000005 0.0013010000000000001 0.002712 0.010111999999999999 0.005489 0.020604000000000001 0 0.02606 0.00074899999999999999 0.00098499999999999998 0.00074700000000000005 0.003545 0.14893000000000001 0.025979999999999993 0 0 1
29 uniform 4 15 0.37437900000000002 14.149768920781707 1 82 0.16289699999999999 0.013825 0.16774900000000001 0.0040169999999999997 0.0011979999999999998 0.0026900000000000001 0.0099209999999999993 0.0070400000000000003 0.020795000000000001 0 0.026578999999999998 0.00080500000000000005 0.00099699999999999984 0.00071400000000000001 0.0035069999999999993 0.12747400000000003 0.027531999999999997 0 0 2
29 uniform 4 23 0.41547299999999998 14.362707740058218 1 82 0.16694999999999999 0.014607 0.20311799999999994 0.0040240000000000007 0.001209 0.0025890000000000002 0.010888999999999999 0.0071650000000000004 0.023333 0 0.025964999999999998 0.00077499999999999997 0.00097999999999999997 0.00070299999999999996 0.0037429999999999998 0.15209999999999999 0.034402999999999989 0 0 3
30 linear 0 0 0.78371299999999999 4.8168288022738688 1 132 0.35383799999999999 0.017038000000000001 0.36816299999999996 0.0079410000000000001 0.0018450000000000001 0.0031809999999999998 0.012817 0.16209000000000001 0.034277000000000002 0 0.026290999999999998 0.000785 0.010863999999999999 0.00073899999999999997 0.0048639999999999994 0.10545099999999995 0.048625999999999961 0.013486000000000005 0 0
30 linear 0 7 0.76270099999999996 4.7339821385162768 1 132 0.33668900000000002 0.015635 0.3656319999999999 0.0076470000000000002 0.0018240000000000001 0.003107 0.011294 0.037428000000000003 0.021434000000000002 0 0.027501000000000001 0.00075100000000000004 0.13098999999999997 0.00079799999999999999 0.004795999999999999 0.11804000000000003 0.047317000000000026 0.012979000000000003 0 1
30 linear 0 15 0.85101599999999999 4.5773788083717211 1 140 0.38565199999999999 0.015268 0.40438500000000011 0.0083820000000000006 0.0016979999999999999 0.003114 0.011331000000000001 0.042582000000000002 0.021333000000000001 0 0.031935999999999999 0.00083699999999999996 0.172599 0.000843 0.004644999999999999 0.12219799999999999 0.05444499999999998 0.015021999999999997 0 2
30 linear 0 23 0.721835 4.3491006248853843 1 133 0.30642999999999998 0.013141 0.35896900000000004 0.0081019999999999998 0.0017460000000000002 0.0029199999999999999 0.011124 0.045421000000000003 0.021381000000000001 0 0.027279000000000001 0.00080800000000000002 0.10240400000000001 0.001091 0.0040299999999999997 0.12211699999999998 0.043146000000000018 0.011937999999999995 0 3
30 linear 1 0 0.57878200000000002 3.248624513097206 1 95 0.30037900000000001 0.0072420000000000002 0.24389800000000017 0.0044850000000000003 0.0012079999999999999 0.0030240000000000002 0.011627999999999999 0.15450700000000001 0.022020000000000001 0 0.027141999999999999 0.00083299999999999997 0.00042699999999999997 0.0022699999999999999 0.003473 0.086529999999999982 0.033762999999999974 0.011010000000000008 0 0
30 linear 1 7 0.474686 3.5657538677934721 1 95 0.18675600000000001 0.0068910000000000004 0.25309999999999994 0.0045040000000000002 0.0011689999999999999 0.0029120000000000001 0.010815 0.045168 0.023014 0 0.026346999999999999 0.000745 0.00044800000000000005 0.0017520000000000001 0.0033350000000000003 0.097544999999999993 0.030959999999999981 0.010575000000000003 0 1
30 linear 1 15 0.49864599999999998 3.9478378745636715 1 102 0.18829499999999999 0.009972 0.26969099999999996 0.0054610000000000006 0.0013310000000000002 0.002823 0.010432 0.037149000000000001 0.022915000000000001 0 0.026103999999999999 0.00080999999999999996 0.00060899999999999995 0.0012960000000000001 0.0036900000000000001 0.099162 0.030390999999999987 0.012575999999999997 0 2
30 linear 1 23 0.51527999999999996 4.2550003815695829 1 110 0.196996 0.0096319999999999999 0.27670499999999987 0.0057390000000000002 0.0013540000000000002 0.0029380000000000001 0.011001 0.045295000000000002 0.023109000000000001 0 0.027123000000000001 0.00079100000000000004 0.00068499999999999995 0.0011440000000000001 0.0036169999999999996 0.081752999999999992 0.030454999999999975 0.0091199999999999996 0 3
30 linear 2 0 0.68222499999999997 26.782018639288296 1 103 0.41200399999999998 0.0097800000000000005 0.22737899999999997 0.0058209999999999998 0.0015190000000000002 0.0030569999999999998 0.011502999999999999 0.13908300000000001 0.023805 0 0.028237000000000002 0.00094499999999999998 0.11208 0.00079799999999999999 0.0032099999999999997 0.10798500000000003 0.038112999999999946 0.018644999999999988 0 0
30 linear 2 7 0.62820200000000004 23.154429690593926 1 118 0.29562699999999997 0.012292000000000001 0.28059800000000018 0.0065319999999999987 0.0016169999999999999 0.002905 0.011200999999999999 0.023767 0.023133999999999998 0 0.027553000000000001 0.00084099999999999995 0.11250600000000002 0.00080699999999999999 0.0033640000000000002 0.15493199999999996 0.041077999999999962 0.020365000000000008 0 1
30 linear 2 15 0.78519300000000003 19.351804565625077 1 133 0.397422 0.015479 0.32552599999999982 0.0076809999999999995 0.0017070000000000002 0.002771 0.010810999999999999 0.026270999999999999 0.024147999999999999 0 0.027712000000000001 0.00085499999999999997 0.20446400000000003 0.00034299999999999999 0.0035360000000000001 0.18979600000000002 0.046526999999999978 0.02211599999999999 0 2
30 linear 2 23 0.63479799999999997 16.901358583757439 1 118 0.30606499999999998 0.015186 0.27133200000000007 0.0072619999999999994 0.0015839999999999999 0.0026259999999999999 0.010532 0.026376 0.022825000000000002 0 0.028811 0.00088599999999999996 0.114478 0.00026499999999999999 0.0037430000000000002 0.14862299999999992 0.039283000000000019 0.017830000000000002 0 3
30 linear 3 0 0.62773800000000002 15.689244404706873 1 51 0.50675800000000004 0.0096100000000000005 0.093985000000000027 0.0029419999999999997 0.00069300000000000004 0.0028869999999999998 0.01149 0.15407699999999999 0.021832000000000001 0 0.027633000000000001 0.00091100000000000003 0.203069 0.0014139999999999999 0.0033109999999999997 0.047273000000000016 0.017915999999999994 0.013805 0 0
30 linear 3 7 0.565971 15.669358858359679 1 67 0.38374000000000003 0.0090369999999999999 0.149477 0.0041720000000000004 0.000977 0.002774 0.010829999999999999 0.031919000000000003 0.021090999999999999 0 0.027230000000000001 0.00081800000000000004 0.20571499999999998 0.0011980000000000001 0.0030280000000000003 0.098613999999999979 0.020489999999999994 0.011510000000000005 0 1
30 linear 3 15 0.53146400000000005 15.441826840696804 1 59 0.37807499999999999 0.0089569999999999997 0.12049099999999999 0.0036960000000000001 0.00088499999999999994 0.002846 0.010649 0.028247000000000001 0.020839 0 0.027326 0.00085400000000000005 0.20488099999999998 0.00071000000000000002 0.0026699999999999996 0.077387999999999998 0.017461999999999998 0.0095950000000000011 0 2
30 linear 3 23 0.39517600000000003 15.023775880281406 1 59 0.24754799999999999 0.0085319999999999997 0.11824700000000002 0.0031770000000000006 0.00085300000000000003 0.002823 0.010603 0.031227999999999999 0.021183 0 0.028666000000000001 0.00081800000000000004 0.072693000000000008 0.000718 0.0025830000000000002 0.07579099999999997 0.017023999999999994 0.009616000000000003 0 3
30 linear 4 0 0.79934799999999995 12.703505879580538 1 95 0.53169999999999995 0.013257 0.21941399999999994 0.0056619999999999995 0.001212 0.0027200000000000002 0.010500000000000001 0.14396300000000001 0.021554 0 0.027959999999999999 0.000892 0.224305 0.00041399999999999998 0.0035649999999999996 0.11298599999999998 0.034102 0.015158999999999987 0 0
30 linear 4 7 0.660497 11.671157189808733 1 95 0.37412499999999999 0.011766 0.23749199999999993 0.0082800000000000009 0.0012279999999999999 0.002764 0.010618000000000001 0.032613999999999997 0.020995 0 0.027851999999999998 0.00087100000000000003 0.17895299999999997 0.00029300000000000002 0.0036950000000000012 0.132656 0.033068 0.015077000000000002 0 1
30 linear 4 15 0.71106999999999998 10.693451113364704 1 95 0.41380899999999998 0.013261999999999999 0.24762999999999999 0.005536000000000001 0.001632 0.002738 0.01034 0.036364 0.020891 0 0.027671999999999999 0.000861 0.21618599999999999 0.00030600000000000001 0.0035150000000000003 0.13616599999999995 0.036339999999999976 0.015630000000000005 0 2
30 linear 4 23 0.652084 9.8765261425120237 1 95 0.35691800000000001 0.012789999999999999 0.24794900000000009 0.0054139999999999987 0.0010559999999999999 0.0028809999999999999 0.011497 0.037705000000000002 0.022325000000000001 0 0.028278999999999999 0.00086700000000000004 0.15537699999999999 0.000339 0.0035030000000000005 0.13923499999999997 0.035320999999999984 0.015479000000000012 0 3
30 uniform 0 0 0.57768299999999995 4.5779582783678423 1 124 0.351966 0.015722 0.16934500000000002 0.0062599999999999999 0.0015640000000000001 0.003199 0.012954 0.16211600000000001 0.031803999999999999 0 0.027400000000000001 0.000834 0.010669999999999999 0.00078399999999999997 0.004667000000000001 0.10370599999999999 0.046901000000000026 0 0 0
30 uniform 0 7 0.58182 4.5218168867662918 1 132 0.328907 0.015207 0.19515099999999996 0.0063249999999999999 0.0017410000000000004 0.0029359999999999998 0.010939000000000001 0.037069999999999999 0.020774000000000001 0 0.02699 0.00078600000000000002 0.13086999999999999 0.00073399999999999995 0.0044650000000000002 0.12532399999999996 0.050044000000000012 0 0 1
30 uniform 0 15 0.64029999999999998 4.4130800196387794 1 140 0.38064399999999998 0.018343000000000002 0.19589499999999993 0.0076689999999999996 0.0015900000000000001 0.0029260000000000002 0.010748000000000001 0.042631000000000002 0.020992 0 0.027487999999999999 0.00081899999999999996 0.17322399999999999 0.000803 0.0044649999999999994 0.12016800000000002 0.054799000000000049 0 0 2
30 uniform 0 23 0.53335100000000002 4.2474174331928651 1 133 0.30066999999999999 0.012876 0.17918899999999993 0.0067169999999999999 0.001554 0.0028609999999999998 0.010451999999999999 0.045307 0.021427999999999999 0 0.027094 0.00082399999999999997 0.098483000000000001 0.0011039999999999999 0.0040620000000000005 0.11220000000000004 0.047555999999999987 0 0 3
30 uniform 1 0 0.469974 3.2780103250247206 1 103 0.29932500000000001 0.0071910000000000003 0.13387100000000002 0.0048809999999999999 0.0011440000000000001 0.0028040000000000001 0.010732999999999999 0.153557 0.021676000000000001 0 0.03014 0.00077200000000000001 0.00041699999999999994 0.0022279999999999999 0.0034439999999999996 0.082989999999999967 0.035445000000000004 0 0 0
30 uniform 1 7 0.36197000000000001 3.5621884067053 1 103 0.182029 0.0068539999999999998 0.14420699999999997 0.0047369999999999999 0.0011919999999999999 0.002728 0.010234999999999999 0.044662 0.021527000000000001 0 0.025496000000000001 0.00083900000000000001 0.000464 0.0017340000000000001 0.0034500000000000004 0.094132999999999994 0.034582000000000016 0 0 1
30 uniform 1 15 0.37337300000000001 3.91998738700544 1 102 0.19001499999999999 0.0099740000000000002 0.14408599999999996 0.0045900000000000003 0.0011540000000000001 0.0026080000000000001 0.010330000000000001 0.037288000000000002 0.023037999999999999 0 0.026721000000000002 0.00083299999999999997 0.00066 0.001255 0.0037610000000000005 0.099441000000000015 0.029971999999999992 0 0 2
30 uniform 1 23 0.37917499999999998 4.1738724078884459 1 118 0.19353699999999999 0.0096279999999999994 0.14235100000000003 0.0053810000000000004 0.0014840000000000001 0.0026350000000000002 0.010224 0.044925 0.022372 0 0.026651000000000001 0.00080500000000000005 0.00067200000000000007 0.0010989999999999999 0.0034910000000000002 0.093720999999999971 0.032111000000000008 0 0 3
30 uniform 2 0 0.61641100000000004 27.455752405975414 1 103 0.406418 0.0097490000000000007 0.16826200000000002 0.0051120000000000002 0.001506 0.0029290000000000002 0.011334 0.13894100000000001 0.023723999999999999 0 0.028183 0.000919 0.11208200000000001 0.00078899999999999999 0.0031589999999999999 0.11203800000000001 0.03819399999999995 0 0 0
30 uniform 2 7 0.56591899999999995 23.800446666391782 1 118 0.298597 0.012218 0.21612399999999993 0.0057149999999999987 0.00158 0.0028700000000000002 0.011105 0.023706999999999999 0.023605000000000001 0 0.027407999999999998 0.00093999999999999997 0.11223300000000001 0.00089800000000000004 0.0032660000000000002 0.15468499999999996 0.041194000000000015 0 0 1
30 uniform 2 15 0.71821299999999999 19.63861520063578 1 133 0.39873799999999998 0.015497 0.25865899999999992 0.0066769999999999998 0.001622 0.0028340000000000001 0.010642 0.026252999999999999 0.022891999999999999 0 0.027626999999999999 0.00084099999999999995 0.20704 0.00034200000000000002 0.0035349999999999999 0.18969400000000003 0.046322999999999982 0 0 2
30 uniform 2 23 0.55769800000000003 17.075077526363199 1 118 0.29944500000000002 0.015375 0.203571 0.0054540000000000005 0.0014110000000000001 0.0026849999999999999 0.010572 0.026549 0.022692 0 0.029418 0.00088199999999999997 0.10961299999999999 0.00032299999999999999 0.003503 0.14534399999999995 0.03899399999999998 0 0 3
30 uniform 3 0 0.60075599999999996 15.825160118751194 1 43 0.51025100000000001 0.0096349999999999995 0.066020999999999982 0.0020439999999999998 0.00053799999999999996 0.00264 0.010857 0.15731899999999999 0.023422999999999999 0 0.027373000000000001 0.00095699999999999995 0.20270799999999997 0.0014809999999999999 0.0034430000000000003 0.043733999999999995 0.014605000000000003 0 0 0
30 uniform 3 7 0.53783599999999998 15.800637507510082 1 59 0.387961 0.0091940000000000008 0.11615600000000001 0.0033140000000000001 0.000852 0.0028159999999999999 0.011148 0.032156999999999998 0.021384 0 0.027961 0.00087100000000000003 0.20583400000000002 0.0012719999999999999 0.0030489999999999996 0.088965999999999976 0.017199999999999993 0 0 1
30 uniform 3 15 0.51431899999999997 15.562666649646774 1 59 0.37998999999999999 0.0090130000000000002 0.10472399999999998 0.003199 0.00074799999999999997 0.002784 0.010980999999999999 0.028056999999999999 0.020848999999999999 0 0.02801 0.00092400000000000002 0.20507300000000001 0.00076000000000000004 0.0028570000000000002 0.077013999999999999 0.017420999999999989 0 0 2
30 uniform 3 23 0.38269399999999998 15.130867483992468 1 59 0.248866 0.0085220000000000001 0.10472599999999997 0.0030509999999999999 0.00079199999999999995 0.0026280000000000001 0.010669 0.031230999999999998 0.020917000000000002 0 0.028570999999999999 0.00085300000000000003 0.072692000000000007 0.00071699999999999997 0.0027159999999999997 0.075751000000000013 0.017046000000000002 0 0 3
30 uniform 4 0 0.73910299999999995 12.779116291961369 1 95 0.52967399999999998 0.012840000000000001 0.16293300000000005 0.0050619999999999997 0.0012099999999999999 0.0026059999999999998 0.010515999999999999 0.143818 0.021507999999999999 0 0.027789999999999999 0.00085499999999999997 0.22193399999999999 0.000377 0.0036860000000000005 0.11299099999999999 0.034096000000000001 0 0 0
30 uniform 4 7 0.60298300000000005 11.728234391631849 1 95 0.37574000000000002 0.012173 0.18114299999999997 0.005176 0.0012869999999999999 0.00265 0.010175 0.032566999999999999 0.020837999999999999 0 0.027633999999999999 0.000852 0.18246000000000001 0.00030400000000000002 0.0035490000000000001 0.13236700000000004 0.033074999999999979 0 0 1
30 uniform 4 15 0.63646000000000003 10.736277214900049 1 95 0.412381 0.011922 0.17937100000000011 0.0046600000000000001 0.001059 0.0026489999999999999 0.010215999999999999 0.036456000000000002 0.020774999999999998 0 0.027524 0.00085899999999999995 0.21649900000000002 0.00029100000000000003 0.0034319999999999997 0.12804000000000001 0.035722999999999977 0 0 2
30 uniform 4 23 0.57263500000000001 9.9095838072977855 1 95 0.34500199999999998 0.011158 0.18397600000000003 0.0044830000000000009 0.0010210000000000002 0.0024870000000000001 0.0097169999999999999 0.036255999999999997 0.020594000000000001 0 0.027858999999999998 0.00092500000000000004 0.15221799999999999 0.00029799999999999998 0.0033579999999999999 0.13392299999999996 0.034303999999999987 0 0 3
31 linear 0 0 0.66916600000000004 20.082459507534612 1 113 0.27274799999999999 0.011376000000000001 0.33614100000000002 0.010758999999999999 0.002346 0.002898 0.011136 0.11475200000000001 0.025266 0 0.027864 0.00095600000000000004 0.001952 0.001041 0.0033369999999999997 0.12837399999999996 0.0516529999999999 0.023631000000000024 0 0
31 linear 0 7 0.53570399999999996 20.576386907043048 1 113 0.16638500000000001 0.011398 0.3193129999999999 0.0084469999999999996 0.001059 0.002875 0.012014 0.0054219999999999997 0.024995 0 0.027501999999999999 0.00085999999999999998 0.00199 0.00097599999999999998 0.0033870000000000003 0.12173999999999995 0.04972699999999991 0.023189000000000019 0 1
31 linear 0 15 0.52544299999999999 20.842006360043655 1 113 0.16881099999999999 0.010919999999999999 0.30925099999999983 0.0075309999999999995 0.001109 0.0029970000000000001 0.012036 0.0059360000000000003 0.025211000000000001 0 0.028139999999999998 0.00087900000000000001 0.0019270000000000001 0.00095799999999999998 0.0076709999999999999 0.11650800000000003 0.048100000000000004 0.022604999999999993 0 2
31 linear 0 23 0.509185 20.794188877277538 1 113 0.157557 0.0096190000000000008 0.30526899999999985 0.0075869999999999991 0.00099700000000000006 0.00266 0.010458 0.0060229999999999997 0.021326999999999999 0 0.028355999999999999 0.00083100000000000003 0.0019550000000000001 0.00096100000000000005 0.0031659999999999995 0.11146899999999994 0.048864000000000032 0.022412999999999985 0 3
31 linear 1 0 0.45770300000000003 1.231172754436465 1 73 0.29302499999999998 0.0091579999999999995 0.12921099999999999 0.0045960000000000003 0.00080400000000000003 0.0030769999999999999 0.011953 0.139153 0.022286 0 0.027278 0.00093300000000000002 0.0024910000000000002 0.001181 0.0031420000000000003 0.054927000000000004 0.025090999999999971 0.011582999999999996 0 0
31 linear 1 7 0.3392 1.2298518977372517 1 73 0.17136699999999999 0.0090860000000000003 0.13286500000000007 0.004267 0.00077300000000000003 0.0028600000000000001 0.011039 0.022242999999999999 0.021430999999999999 0 0.028074000000000002 0.000901 0.0028679999999999999 0.001137 0.0030289999999999996 0.060211000000000001 0.025444999999999961 0.011824000000000003 0 1
31 linear 1 15 0.35636099999999998 1.2269023050608456 1 81 0.15923100000000001 0.0089289999999999994 0.15387499999999998 0.004725 0.001 0.0026640000000000001 0.010553999999999999 0.014282 0.021131 0 0.026917 0.00085099999999999998 0.0026149999999999997 0.00099400000000000009 0.0031379999999999997 0.058304999999999996 0.02702799999999999 0.013672000000000004 0 2
31 linear 1 23 0.35902699999999999 1.222548195456636 1 81 0.159576 0.0088520000000000005 0.16180099999999997 0.005202 0.0010150000000000001 0.00263 0.01042 0.014593999999999999 0.021236999999999999 0 0.026530999999999999 0.00078799999999999996 0.0028879999999999999 0.0011529999999999999 0.0030650000000000004 0.066693000000000016 0.028261999999999971 0.013721999999999996 0 3
31 linear 2 0 0.38553599999999999 1.2210206017724117 1 66 0.27956599999999998 0.0065069999999999998 0.077285000000000006 0.003679 0.00073099999999999999 0.0030639999999999999 0.011429 0.13713400000000001 0.021728000000000001 0 0.026980000000000001 0.00084999999999999995 0.00116 0.00197 0.0029989999999999999 0.033304 0.018113999999999995 0.0089229999999999986 0 0
31 linear 2 7 0.27687099999999998 1.2101398336663647 1 74 0.154226 0.0062529999999999999 0.091760000000000008 0.0041350000000000007 0.00096200000000000007 0.002715 0.010408000000000001 0.014429000000000001 0.021441999999999999 0 0.027102000000000001 0.00075100000000000004 0.001054 0.0015870000000000001 0.00298 0.044441999999999995 0.021147999999999997 0.0094449999999999985 0 1
31 linear 2 15 0.27887600000000001 1.1954792657039717 1 74 0.14963699999999999 0.0061929999999999997 0.098557999999999993 0.0039309999999999996 0.00093499999999999996 0.002725 0.010415000000000001 0.010123999999999999 0.023224000000000002 0 0.027272999999999999 0.00073700000000000002 0.001052 0.001771 0.0027579999999999996 0.050984999999999989 0.022432999999999984 0.0088050000000000038 0 2
31 linear 2 23 0.285721 1.1769977475597655 1 67 0.158585 0.0089189999999999998 0.09367399999999998 0.0040769999999999999 0.00082599999999999991 0.0025360000000000001 0.0099880000000000004 0.011191 0.023334000000000001 0 0.026749999999999999 0.00082200000000000003 0.0026210000000000001 0.0010889999999999999 0.0031850000000000003 0.049384999999999998 0.021428999999999993 0.0079490000000000029 0 3
31 linear 3 0 0.45016699999999998 7.8198291982905905 1 97 0.29394100000000001 0.0094850000000000004 0.11587300000000003 0.0056019999999999993 0.001359 0.002918 0.011414000000000001 0.13092500000000001 0.023591000000000001 0 0.028410000000000001 0.00093199999999999999 0.0018830000000000001 0.0013849999999999999 0.0032350000000000005 0.050744999999999978 0.02855099999999999 0.013323999999999999 0 0
31 linear 3 7 0.309282 7.364698699709562 1 82 0.171296 0.0087969999999999993 0.10499300000000002 0.0043769999999999998 0.001034 0.002699 0.011112 0.018335000000000001 0.023141999999999999 0 0.027618 0.00087399999999999999 0.001928 0.00077099999999999998 0.0029189999999999997 0.055347999999999987 0.021930000000000005 0.0097089999999999971 0 1
31 linear 3 15 0.30107200000000001 6.8759951005702318 1 82 0.16817699999999999 0.0086079999999999993 0.10026399999999998 0.0042639999999999996 0.0010219999999999999 0.002578 0.010957 0.017916000000000001 0.023682000000000002 0 0.027487999999999999 0.00083600000000000005 0.0019190000000000001 0.00071699999999999997 0.0027980000000000001 0.051522000000000012 0.020232999999999998 0.010196000000000002 0 2
31 linear 3 23 0.31987700000000002 6.4259464891630573 1 90 0.16888300000000001 0.0083859999999999994 0.11611299999999997 0.0045110000000000003 0.0013399999999999998 0.0025969999999999999 0.010737 0.018221999999999999 0.024157000000000001 0 0.028308 0.00083100000000000003 0.0018649999999999999 0.00072999999999999996 0.0027199999999999998 0.062748000000000012 0.02163300000000001 0.011633999999999997 0 3
31 linear 4 0 0.37159700000000001 1.1987129255693465 1 53 0.27925299999999997 0.0084449999999999994 0.061473000000000021 0.0037990000000000003 0.00080199999999999998 0.0029129999999999998 0.011591000000000001 0.122805 0.024746000000000001 0 0.028663999999999999 0.00092699999999999998 0.0020479999999999999 0.0011479999999999999 0.003068 0.029127 0.014267 0.0062780000000000015 0 0
31 linear 4 7 0.263241 1.1956657684925425 1 53 0.15872800000000001 0.0082419999999999993 0.074269000000000002 0.0035509999999999999 0.00070600000000000003 0.0027409999999999999 0.010491 0.0073680000000000004 0.023705 0 0.02819 0.00087600000000000004 0.0020579999999999999 0.001083 0.0031080000000000005 0.041825999999999981 0.014377000000000004 0.0062830000000000021 0 1
31 linear 4 15 0.27468399999999998 1.1922748138997388 1 53 0.159778 0.008149 0.084967000000000015 0.0034120000000000001 0.00069099999999999999 0.002702 0.010699999999999999 0.0079249999999999998 0.023226 0 0.031171000000000001 0.00095399999999999999 0.0020670000000000003 0.00091299999999999997 0.0029719999999999998 0.048721999999999994 0.018117000000000005 0.0062860000000000017 0 2
31 linear 4 23 0.25553999999999999 1.1889643244510346 1 53 0.15720999999999999 0.0081510000000000003 0.069276000000000032 0.0031269999999999996 0.00069099999999999999 0.0025439999999999998 0.0097070000000000004 0.013009 0.021076000000000001 0 0.028114 0.00078700000000000005 0.0023509999999999998 0.00087399999999999999 0.002761 0.037242999999999991 0.014140000000000003 0.0062839999999999997 0 3
31 uniform 0 0 0.50193100000000002 19.25477522397702 1 113 0.26790599999999998 0.009953 0.18772799999999989 0.0079590000000000008 0.0011490000000000001 0.002947 0.011335 0.11512699999999999 0.02231 0 0.027151000000000002 0.00088500000000000004 0.0018850000000000002 0.00091699999999999995 0.0031879999999999999 0.11918800000000006 0.048000000000000008 0 0 0
31 uniform 0 7 0.39457399999999998 19.591228284828045 1 113 0.160664 0.010012999999999999 0.18745600000000001 0.007542000000000001 0.00094000000000000008 0.002967 0.011311999999999999 0.0050260000000000001 0.022221999999999999 0 0.027156 0.00081300000000000003 0.0020459999999999996 0.00087500000000000002 0.0031120000000000002 0.11866999999999997 0.048378000000000011 0 0 1
31 uniform 0 15 0.38281900000000002 19.769600620530696 1 113 0.156503 0.0096419999999999995 0.18156799999999987 0.006692 0.00094399999999999996 0.0027929999999999999 0.010586 0.0059090000000000002 0.021991 0 0.028239 0.00086700000000000004 0.0018580000000000001 0.00088999999999999995 0.0030149999999999999 0.11385199999999999 0.047313000000000015 0 0 2
31 uniform 0 23 0.38283200000000001 19.73700238825479 1 113 0.155807 0.0094780000000000003 0.182448 0.0068059999999999996 0.00099599999999999992 0.0027049999999999999 0.01021 0.0060540000000000004 0.023068999999999999 0 0.027969999999999998 0.00080900000000000004 0.001895 0.00081599999999999999 0.0030969999999999999 0.11033599999999998 0.051761000000000043 0 0 3
31 uniform 1 0 0.39709299999999997 1.2306678103690627 1 57 0.29169099999999998 0.0091090000000000008 0.077611000000000013 0.0026229999999999999 0.00054600000000000004 0.0030040000000000002 0.011637 0.13652300000000001 0.024326 0 0.027616999999999999 0.00093599999999999998 0.0024459999999999998 0.001122 0.0030339999999999998 0.048095000000000006 0.020546999999999985 0 0 0
31 uniform 1 7 0.28522500000000001 1.2285795914071556 1 65 0.17150299999999999 0.0086829999999999997 0.083951000000000012 0.003065 0.00073399999999999995 0.002784 0.01068 0.022113000000000001 0.023282000000000001 0 0.027824999999999999 0.00086499999999999999 0.0028080000000000002 0.0011490000000000001 0.0030369999999999998 0.050647999999999978 0.023216999999999981 0 0 1
31 uniform 1 15 0.27374999999999999 1.2250779619667713 1 65 0.159412 0.0085660000000000007 0.085071000000000008 0.0027989999999999998 0.00069099999999999999 0.002673 0.010387 0.014138 0.022498000000000001 0 0.027300000000000001 0.00080999999999999996 0.0025599999999999998 0.00098700000000000003 0.0029820000000000003 0.052167000000000005 0.022816999999999997 0 0 2
31 uniform 1 23 0.27666200000000002 1.2205796542748277 1 65 0.161187 0.0088090000000000009 0.085351000000000024 0.0030530000000000002 0.00074700000000000005 0.002539 0.010182999999999999 0.014858 0.022523999999999999 0 0.026630999999999998 0.00081899999999999996 0.0028770000000000002 0.0010269999999999999 0.0031079999999999992 0.05161799999999999 0.023646000000000007 0 0 3
31 uniform 2 0 0.35047899999999998 1.2189590797884819 1 50 0.28082099999999999 0.006483 0.047892999999999991 0.002062 0.00055900000000000004 0.002954 0.011217 0.13733200000000001 0.023088999999999998 0 0.027515000000000001 0.00084199999999999998 0.0012009999999999998 0.001828 0.0030360000000000001 0.026706000000000001 0.013720999999999999 0 0 0
31 uniform 2 7 0.224325 1.2097620590806935 1 50 0.15278800000000001 0.0061939999999999999 0.050226 0.0019729999999999999 0.00054600000000000004 0.0027550000000000001 0.010222999999999999 0.014031 0.02299 0 0.027626999999999999 0.00077700000000000002 0.001067 0.0014660000000000001 0.0029489999999999998 0.028261000000000001 0.014506999999999999 0 0 1
31 uniform 2 15 0.23044899999999999 1.1967836157784844 1 50 0.154031 0.006267 0.055120999999999996 0.001944 0.00045399999999999998 0.0026679999999999998 0.010141000000000001 0.0099240000000000005 0.023401999999999999 0 0.031870999999999997 0.00083100000000000003 0.0011280000000000001 0.001755 0.0027889999999999998 0.031918999999999996 0.015688000000000007 0 0 2
31 uniform 2 23 0.25929799999999997 1.1775139516007997 1 59 0.15870200000000001 0.0091380000000000003 0.071379999999999971 0.0030279999999999999 0.00087700000000000007 0.0025240000000000002 0.009757 0.011035 0.023435999999999998 0 0.026657 0.00085400000000000005 0.0027179999999999999 0.001116 0.0032049999999999999 0.043608999999999981 0.018929999999999995 0 0 3
31 uniform 3 0 0.420935 7.8642037467600243 1 97 0.28752800000000001 0.0092840000000000006 0.093609000000000039 0.0054039999999999999 0.0014989999999999999 0.0029269999999999999 0.011629 0.13122500000000001 0.023730000000000001 0 0.028150000000000001 0.000977 0.0019260000000000002 0.001165 0.0031020000000000002 0.050401000000000001 0.027946000000000009 0 0 0
31 uniform 3 7 0.30532900000000002 7.4004000728516779 1 90 0.17400499999999999 0.0088800000000000007 0.095906999999999992 0.0045169999999999993 0.0013590000000000002 0.0027079999999999999 0.011153 0.018350999999999999 0.023990000000000001 0 0.027869999999999999 0.00088599999999999996 0.0018420000000000001 0.00077999999999999999 0.0028509999999999998 0.058789000000000001 0.023668000000000019 0 0 1
31 uniform 3 15 0.29147899999999999 6.9039795450497792 1 90 0.16747400000000001 0.0084209999999999997 0.089764000000000024 0.0040419999999999996 0.001176 0.00266 0.010874999999999999 0.017946 0.023685000000000001 0 0.027910999999999998 0.000843 0.001872 0.00074899999999999999 0.0027539999999999995 0.054452 0.021861999999999999 0 0 2
31 uniform 3 23 0.285466 6.4480663187026801 1 82 0.16525400000000001 0.0085920000000000007 0.088688000000000017 0.0034130000000000002 0.00114 0.0026340000000000001 0.010577 0.018041999999999999 0.023758000000000001 0 0.027459999999999998 0.00077200000000000001 0.0018110000000000001 0.00068199999999999999 0.0026949999999999995 0.056556000000000016 0.019891999999999993 0 0 3
31 uniform 4 0 0.34159299999999998 1.1988843860777552 1 37 0.27905600000000003 0.008482 0.03842000000000001 0.0022370000000000003 0.00066 0.0028570000000000002 0.011428000000000001 0.123173 0.022138999999999999 0 0.027868 0.000834 0.0020600000000000002 0.001041 0.0030800000000000003 0.022923000000000002 0.009951000000000005 0 0 0
31 uniform 4 7 0.225073 1.1958504677125286 1 37 0.15685299999999999 0.0082760000000000004 0.04518599999999999 0.0018689999999999998 0.00054499999999999991 0.0028739999999999998 0.011039999999999999 0.0074689999999999999 0.021529 0 0.028462999999999999 0.00091299999999999997 0.0020639999999999999 0.001013 0.0030179999999999998 0.029649999999999989 0.0099579999999999998 0 0 1
31 uniform 4 15 0.22445100000000001 1.1924758968522244 1 37 0.15317600000000001 0.0081670000000000006 0.048649000000000012 0.0018650000000000001 0.00049799999999999996 0.0025899999999999999 0.010189999999999999 0.0081250000000000003 0.021269 0 0.028309999999999998 0.00084900000000000004 0.002032 0.00094600000000000001 0.0028530000000000001 0.033640999999999997 0.0094420000000000042 0 0 2
31 uniform 4 23 0.22220799999999999 1.1891827981285521 1 37 0.156941 0.0080680000000000005 0.042864000000000006 0.0018219999999999998 0.00045300000000000001 0.0024599999999999999 0.0097949999999999999 0.013141 0.021153999999999999 0 0.027570000000000001 0.00080500000000000005 0.0021059999999999998 0.00084400000000000002 0.0027839999999999996 0.027661000000000005 0.0096330000000000027 0 0 3
32 linear 0 0 1.079663 116.38998997363525 1 74 0.83623400000000003 0.011859 0.20331000000000007 0.0053569999999999998 0.0011749999999999998 0.0030409999999999999 0.011435000000000001 0.181284 0.12673300000000001 0 0.026714999999999999 0.00080199999999999998 0.39612700000000001 0.0011329999999999999 0.0035010000000000002 0.12090600000000001 0.040812000000000022 0.0095130000000000006 0 0
32 linear 0 7 0.91317700000000002 105.79392203563101 1 74 0.57324799999999998 0.01157 0.30152899999999999 0.0045729999999999998 0.00093899999999999995 0.0029429999999999999 0.010769000000000001 0.053702 0.13671700000000001 0 0.026143 0.00084000000000000003 0.25315199999999999 0.0011379999999999999 0.003418 0.22078299999999995 0.039237999999999995 0.0095129999999999989 0 1
32 linear 0 15 1.0280990000000001 92.529822036143443 1 74 0.68501900000000004 0.011324000000000001 0.30538999999999999 0.0042599999999999999 0.00089099999999999997 0.0029629999999999999 0.010031 0.049772999999999998 0.10952199999999999 0 0.026067 0.00092199999999999997 0.4007170000000001 0.0010870000000000001 0.0033429999999999996 0.22323900000000005 0.040088000000000006 0.0094920000000000004 0 2
32 linear 0 23 1.0024280000000001 78.302809741619967 1 74 0.578349 0.012338999999999999 0.38453399999999999 0.0042269999999999999 0.0010499999999999999 0.0024399999999999999 0.0098670000000000008 0.051269000000000002 0.14346999999999999 0 0.026186999999999998 0.00079199999999999995 0.25882400000000005 0.00098799999999999995 0.0035589999999999992 0.28931499999999993 0.046671000000000004 0.010244000000000003 0 3
32 linear 1 0 0.53249299999999999 22.006125034879243 1 74 0.35869200000000001 0.012522 0.13558000000000003 0.0042310000000000004 0.0010820000000000001 0.0029659999999999999 0.011516999999999999 0.18170800000000001 0.045144999999999998 0 0.026499999999999999 0.00081700000000000002 0.00079400000000000011 0.0011119999999999999 0.0037209999999999999 0.066616999999999996 0.030252000000000008 0.0082939999999999941 0 0
32 linear 1 7 0.59425099999999997 28.970442979399593 1 74 0.22137399999999999 0.010884 0.33661800000000003 0.0039309999999999996 0.001052 0.0025999999999999999 0.010586999999999999 0.050673000000000003 0.045283999999999998 0 0.026207999999999999 0.00082399999999999997 0.000785 0.001036 0.0033369999999999997 0.26884000000000002 0.030563000000000014 0.0079489999999999995 0 1
32 linear 1 15 0.53930500000000003 36.78715427442453 1 74 0.205483 0.010841 0.29824499999999993 0.0037680000000000001 0.000901 0.0024719999999999998 0.0093790000000000002 0.051032000000000001 0.031143000000000001 0 0.025668 0.00080000000000000004 0.00085299999999999992 0.001054 0.0032439999999999995 0.23101900000000003 0.030335000000000004 0.0079440000000000031 0 2
32 linear 1 23 0.56269899999999995 44.29459726665123 1 74 0.209344 0.01065 0.31787000000000004 0.0039459999999999999 0.00087600000000000004 0.0023749999999999999 0.0088059999999999996 0.046642999999999997 0.041095 0 0.025606 0.00083199999999999995 0.00081299999999999992 0.0009990000000000001 0.0032150000000000008 0.25080099999999994 0.030078999999999988 0.0079460000000000017 0 3
32 linear 2 0 0.54641899999999999 148.46706103691028 1 67 0.33587 0.013068 0.17429400000000003 0.0034700000000000004 0.0011120000000000001 0.0029989999999999999 0.010906000000000001 0.18123900000000001 0.021686 0 0.026102 0.00087699999999999996 0.00081500000000000008 0.0011050000000000001 0.0035690000000000001 0.11500400000000002 0.018838999999999998 0.0067600000000000004 0 0
32 linear 2 7 0.45131100000000002 99.392182140584495 1 67 0.197433 0.012295 0.21405099999999994 0.0033350000000000003 0.00098700000000000003 0.0026740000000000002 0.010075000000000001 0.051256000000000003 0.020962000000000001 0 0.026034999999999999 0.00073200000000000001 0.00080599999999999997 0.001088 0.0034379999999999997 0.15514899999999998 0.018866000000000001 0.0067659999999999994 0 1
32 linear 2 15 0.45990599999999998 45.436036450950255 1 67 0.19604099999999999 0.012475 0.2286929999999999 0.0032260000000000001 0.001026 0.0024629999999999999 0.0094520000000000003 0.051318999999999997 0.022509999999999999 0 0.025581 0.000834 0.00079100000000000004 0.00089599999999999999 0.0032779999999999997 0.16688499999999998 0.019150999999999994 0.0065290000000000018 0 2
32 linear 2 23 0.41693200000000002 12.139626329685393 1 53 0.190557 0.0094889999999999992 0.19505800000000004 0.0035349999999999999 0.00075799999999999999 0.0023370000000000001 0.0088070000000000006 0.051165000000000002 0.022931 0 0.025148 0.00077300000000000003 0.00059899999999999992 0.001261 0.0031219999999999993 0.143155 0.015970000000000002 0.0051080000000000006 0 3
32 linear 3 0 0.45465699999999998 25.930323459282093 1 53 0.30866900000000003 0.0094289999999999999 0.11459800000000003 0.0035659999999999997 0.00085099999999999998 0.0023630000000000001 0.0096410000000000003 0.166403 0.022995999999999999 0 0.026001 0.00079699999999999997 0.00061300000000000005 0.0011479999999999999 0.0030509999999999999 0.070060999999999998 0.015544000000000001 0.0055770000000000021 0 0
32 linear 3 7 0.38695299999999999 25.877876451925705 1 53 0.18188499999999999 0.0087919999999999995 0.17471899999999999 0.0034060000000000002 0.00072000000000000005 0.0024369999999999999 0.0091380000000000003 0.044204 0.022301999999999999 0 0.025686 0.00076599999999999997 0.000562 0.0010219999999999999 0.0029909999999999997 0.13048399999999999 0.015345999999999999 0.0055770000000000004 0 1
32 linear 3 15 0.404669 25.818378484395762 1 53 0.18632899999999999 0.0097179999999999992 0.18666700000000008 0.0034709999999999997 0.00069499999999999998 0.0022780000000000001 0.0089029999999999995 0.047132 0.022558999999999999 0 0.025832000000000001 0.00074600000000000003 0.000638 0.001078 0.0031819999999999999 0.14219699999999999 0.015248999999999997 0.005581 0 2
32 linear 3 23 0.38563199999999997 25.759345720469373 1 53 0.182141 0.0091819999999999992 0.17290199999999994 0.0031640000000000001 0.00066700000000000006 0.0025899999999999999 0.0093329999999999993 0.043875999999999998 0.022532 0 0.024818 0.00088099999999999995 0.000638 0.0010460000000000001 0.0030029999999999996 0.12860100000000002 0.015330999999999996 0.0055820000000000002 0 3
32 linear 4 0 0.55162699999999998 139.50482444915201 1 83 0.32763900000000001 0.016945000000000002 0.17440500000000003 0.0050560000000000006 0.001281 0.0025479999999999999 0.0098499999999999994 0.16875499999999999 0.023542 0 0.029349 0.00078299999999999995 0.00096499999999999993 0.00075900000000000002 0.00347 0.11204599999999997 0.023220999999999992 0.0091369999999999976 0 0
32 linear 4 7 0.51401699999999995 137.0056008677636 1 83 0.19501499999999999 0.016268999999999999 0.27031299999999997 0.0047540000000000004 0.0011130000000000001 0.0024529999999999999 0.0092130000000000007 0.045199000000000003 0.023366999999999999 0 0.025481 0.000727 0.00099700000000000006 0.00069700000000000003 0.0033209999999999997 0.20751700000000012 0.023504999999999998 0.0091420000000000008 0 1
32 linear 4 15 0.51853499999999997 134.35063950944465 1 83 0.19709199999999999 0.015519 0.27400300000000005 0.004692 0.001075 0.0023479999999999998 0.0088610000000000008 0.045531000000000002 0.022543000000000001 0 0.025625999999999999 0.00069800000000000005 0.00098499999999999998 0.00065899999999999997 0.0033770000000000007 0.21149500000000002 0.023314999999999992 0.0091210000000000058 0 2
32 linear 4 23 0.484844 131.88381714222803 1 83 0.18815100000000001 0.015069000000000001 0.25008699999999995 0.0046370000000000005 0.001077 0.0023609999999999998 0.0088310000000000003 0.043799999999999999 0.020480000000000002 0 0.024753000000000001 0.00069499999999999998 0.00096099999999999994 0.00064000000000000005 0.003333 0.18781700000000001 0.023161999999999992 0.0091109999999999993 0 3
32 uniform 0 0 1.241833 113.92904752182454 1 74 0.94220899999999996 0.014014 0.24667399999999998 0.0053330000000000001 0.0017669999999999999 0.0028279999999999998 0.010602 0.228376 0.140517 0 0.029822999999999999 0.00079299999999999998 0.430174 0.0012750000000000001 0.0041150000000000006 0.173095 0.053756000000000019 0 0 0
32 uniform 0 7 0.89207599999999998 104.55549129251023 1 74 0.57791400000000004 0.011502 0.27576500000000009 0.0041340000000000005 0.00098499999999999998 0.0044559999999999999 0.011816999999999999 0.053705000000000003 0.137909 0 0.026443999999999999 0.00087000000000000001 0.25318199999999996 0.0011720000000000001 0.0034789999999999995 0.22422999999999998 0.039216999999999974 0 0 1
32 uniform 0 15 0.99558999999999997 92.859515176853279 1 74 0.68087500000000001 0.011240999999999999 0.27728399999999997 0.0039740000000000001 0.00085599999999999988 0.0029220000000000001 0.010290000000000001 0.049751999999999998 0.106381 0 0.025489999999999999 0.00083000000000000001 0.40085399999999999 0.0010529999999999999 0.0033149999999999994 0.22507300000000005 0.040191999999999999 0 0 2
32 uniform 0 23 0.85767899999999997 80.190737121489121 1 66 0.56960900000000003 0.011225000000000001 0.254278 0.0031539999999999997 0.00077000000000000007 0.0026849999999999999 0.0098510000000000004 0.051123000000000002 0.13801099999999999 0 0.025647 0.00079000000000000001 0.25849800000000001 0.001023 0.0032079999999999999 0.20716400000000001 0.03643900000000002 0 0 3
32 uniform 1 0 0.478856 24.38622693073199 1 66 0.35129300000000002 0.011323 0.094185000000000005 0.0029719999999999998 0.0008389999999999999 0.0027799999999999999 0.010243 0.179177 0.044837000000000002 0 0.026527999999999999 0.00084500000000000005 0.00080899999999999993 0.0010579999999999999 0.0033959999999999997 0.058422999999999989 0.025938999999999993 0 0 0
32 uniform 1 7 0.562473 31.006145572672857 1 74 0.21971499999999999 0.011127 0.30686400000000008 0.0034289999999999998 0.00092800000000000001 0.0027420000000000001 0.0097009999999999996 0.049460999999999998 0.042458999999999997 0 0.026571000000000001 0.00085999999999999998 0.00080599999999999997 0.0010660000000000001 0.0035549999999999996 0.265262 0.030520999999999961 0 0 1
32 uniform 1 15 0.51603900000000003 38.15634160995684 1 74 0.207986 0.010978999999999999 0.27234500000000006 0.0034400000000000003 0.00099799999999999997 0.0049940000000000002 0.0094619999999999999 0.051298999999999997 0.030960000000000001 0 0.025829999999999999 0.00080599999999999997 0.00085699999999999991 0.001039 0.0033600000000000001 0.23091799999999993 0.030338999999999984 0 0 2
32 uniform 1 23 0.53640699999999997 44.84215215256053 1 74 0.209484 0.010848 0.28944600000000004 0.0033040000000000001 0.000892 0.0024589999999999998 0.0090369999999999999 0.046802000000000003 0.041104000000000002 0 0.026093000000000002 0.00076199999999999998 0.00085700000000000001 0.0010020000000000001 0.0032540000000000004 0.24828100000000003 0.029968999999999985 0 0 3
32 uniform 2 0 0.51184700000000005 162.10259478351833 1 67 0.332617 0.012767000000000001 0.14380399999999999 0.0030269999999999997 0.0010479999999999999 0.002954 0.010451999999999999 0.18138399999999999 0.021659000000000001 0 0.025673000000000001 0.00085300000000000003 0.0008209999999999999 0.0011360000000000001 0.0035410000000000003 0.11496200000000001 0.018794999999999999 0 0 0
32 uniform 2 7 0.41933799999999999 113.76952408211223 1 67 0.196662 0.012496 0.18766099999999997 0.003006 0.00095299999999999996 0.002797 0.0099209999999999993 0.051226000000000001 0.020976000000000002 0 0.025756000000000001 0.00078799999999999996 0.00080499999999999994 0.001054 0.0033999999999999994 0.15849299999999999 0.018932000000000008 0 0 1
32 uniform 2 15 0.42987399999999998 55.30262428861375 1 67 0.196848 0.012649000000000001 0.19739499999999996 0.0033010000000000001 0.00089700000000000001 0.0024970000000000001 0.0096349999999999995 0.051006000000000003 0.020924000000000002 0 0.025760000000000002 0.00076400000000000003 0.00081700000000000002 0.00093899999999999995 0.0034510000000000001 0.167494 0.019175000000000001 0 0 2
32 uniform 2 23 0.33274399999999998 12.139628769133894 1 37 0.19131600000000001 0.0096509999999999999 0.11706300000000001 0.0018220000000000003 0.00053699999999999993 0.0026800000000000001 0.0090390000000000002 0.051299999999999998 0.021229000000000001 0 0.025381999999999998 0.000812 0.00058100000000000003 0.0012329999999999999 0.0032390000000000001 0.100436 0.010664999999999999 0 0 3
32 uniform 3 0 0.40723300000000001 25.930949116037855 1 37 0.31052200000000002 0.0094529999999999996 0.072714000000000001 0.0017410000000000001 0.00058500000000000002 0.0024680000000000001 0.0097149999999999997 0.166264 0.024371 0 0.026105 0.00086899999999999998 0.00061600000000000001 0.001248 0.0031090000000000002 0.056260000000000004 0.010886999999999999 0 0 0
32 uniform 3 7 0.31691799999999998 25.878495229635959 1 37 0.180064 0.0086879999999999995 0.11376699999999999 0.001727 0.000504 0.0023930000000000002 0.0091819999999999992 0.043848999999999999 0.020886999999999999 0 0.025496999999999999 0.00077700000000000002 0.00060999999999999997 0.0011379999999999999 0.0030830000000000002 0.097394999999999968 0.010709 0 0 1
32 uniform 3 15 0.34032400000000002 25.818989528887069 1 37 0.18024599999999999 0.010749 0.13455800000000001 0.0018090000000000003 0.00047100000000000001 0.0023779999999999999 0.0090980000000000002 0.044188999999999999 0.020719000000000001 0 0.025555000000000001 0.00076000000000000004 0.00061299999999999994 0.0010430000000000001 0.0034000000000000002 0.11107099999999999 0.014723 0 0 2
32 uniform 3 23 0.33418300000000001 25.759949165899915 1 37 0.19032399999999999 0.01055 0.11883400000000004 0.001815 0.00047499999999999994 0.0023579999999999999 0.010231000000000001 0.045180999999999999 0.023539000000000001 0 0.029515 0.00082799999999999996 0.00059200000000000008 0.00097900000000000005 0.0033890000000000001 0.10210799999999999 0.010905999999999996 0 0 3
32 uniform 4 0 0.50397000000000003 139.91771823871181 1 67 0.32974500000000001 0.018391000000000001 0.12904599999999999 0.0038379999999999998 0.0011130000000000001 0.0025959999999999998 0.010932000000000001 0.17022200000000001 0.024171999999999999 0 0.026076999999999999 0.00072199999999999999 0.000977 0.00080400000000000003 0.0037940000000000001 0.09938200000000004 0.019317999999999995 0 0 0
32 uniform 4 7 0.450743 137.37537218334131 1 67 0.20246800000000001 0.017811 0.20266899999999999 0.0034459999999999998 0.00089000000000000006 0.0026689999999999999 0.011231 0.046819 0.024361000000000001 0 0.025680000000000001 0.00068400000000000004 0.00096299999999999999 0.00069899999999999997 0.0036710000000000002 0.17310300000000003 0.019287999999999993 0 0 1
32 uniform 4 15 0.43871100000000002 134.67884555737538 1 67 0.19322400000000001 0.015576 0.20469999999999985 0.0034069999999999999 0.00084599999999999996 0.0023549999999999999 0.0091889999999999993 0.045811999999999999 0.020678999999999999 0 0.025801000000000001 0.000696 0.001 0.00068300000000000001 0.0033520000000000004 0.17602200000000004 0.018632999999999993 0 0 2
32 uniform 4 23 0.41560900000000001 132.17700263344 1 67 0.18868799999999999 0.014916 0.18409599999999998 0.003323 0.0038479999999999999 0.0022780000000000001 0.008933 0.043933 0.020240999999999999 0 0.025017999999999999 0.00069099999999999999 0.00099200000000000026 0.00064400000000000004 0.0033709999999999999 0.155143 0.018844999999999994 0 0 3
33 linear 0 0 0.82462899999999995 2.2448912595032917 1 125 0.44043399999999999 0.012782 0.32986400000000005 0.0080689999999999998 0.001719 0.0029910000000000002 0.010428 0.177673 0.021517999999999999 0 0.026748999999999998 0.000825 0.10469399999999998 0.0011000000000000001 0.0043579999999999999 0.098784000000000108 0.053366999999999977 0.016897999999999996 0 0
33 linear 0 7 0.71573299999999995 2.2710723965439512 1 125 0.32284400000000002 0.012756 0.33971599999999996 0.0073279999999999994 0.0014910000000000001 0.0030460000000000001 0.010966999999999999 0.021819999999999999 0.025069999999999999 0 0.027338999999999999 0.00081899999999999996 0.13530499999999995 0.001207 0.0045610000000000008 0.11390400000000002 0.048511999999999979 0.016580000000000004 0 1
33 linear 0 15 0.61813499999999999 2.2999467129763258 1 133 0.18768499999999999 0.012411 0.37505399999999994 0.007509 0.0019069999999999998 0.0029870000000000001 0.010628 0.021409999999999998 0.021253999999999999 0 0.025599 0.00082200000000000003 0.012050000000000003 0.001108 0.0039370000000000004 0.12393599999999994 0.053853999999999992 0.016808000000000003 0 2
33 linear 0 23 0.66000599999999998 2.3279573818868675 1 118 0.28421099999999999 0.01257 0.32580300000000012 0.0066189999999999999 0.0013979999999999999 0.0030000000000000001 0.010333999999999999 0.022873000000000001 0.024108000000000001 0 0.025982999999999999 0.00086799999999999996 0.10098500000000001 0.0010510000000000001 0.0042589999999999998 0.10952600000000001 0.047623999999999979 0.014296999999999999 0 3
33 linear 1 0 0.76876800000000001 31.211940279784358 1 81 0.53388899999999995 0.0094850000000000004 0.19844000000000001 0.0045779999999999996 0.001266 0.003019 0.01115 0.188052 0.024504999999999999 0 0.026693999999999999 0.00086300000000000005 0.18923299999999998 0.00099500000000000001 0.0033819999999999996 0.095034000000000007 0.030392999999999989 0.013347000000000005 0 0
33 linear 1 7 0.63628600000000002 32.71184518690405 1 81 0.40015600000000001 0.0090679999999999997 0.19982999999999995 0.0047920000000000003 0.0011150000000000001 0.002898 0.010489999999999999 0.013627 0.023387000000000002 0 0.026481999999999999 0.00085400000000000005 0.23136000000000001 0.00087699999999999996 0.0032059999999999996 0.095754000000000006 0.029183999999999991 0.013318999999999996 0 1
33 linear 1 15 0.58807200000000004 33.844363357853496 1 81 0.35736600000000002 0.0091090000000000008 0.19550800000000004 0.0041099999999999999 0.001108 0.002879 0.010791 0.009025 0.023956999999999999 0 0.027470000000000001 0.00081899999999999996 0.19819600000000001 0.00081800000000000004 0.0031280000000000001 0.09282300000000003 0.028488999999999962 0.013309999999999999 0 2
33 linear 1 23 0.58225099999999996 34.390982924426631 1 81 0.35863299999999998 0.0088409999999999999 0.18940100000000001 0.0037520000000000006 0.00099099999999999991 0.0027060000000000001 0.010101000000000001 0.011051 0.023001000000000001 0 0.027643999999999998 0.00078600000000000002 0.19738600000000001 0.00083100000000000003 0.0029869999999999996 0.087045000000000039 0.028704999999999984 0.013300000000000006 0 3
33 linear 2 0 0.75044 26.138994273983396 1 95 0.48399700000000001 0.0098200000000000006 0.22634899999999991 0.0048370000000000002 0.001387 0.002794 0.010828000000000001 0.19426299999999999 0.023864 0 0.028006 0.00088500000000000004 0.14022900000000002 0.00087299999999999997 0.0031530000000000004 0.10538799999999995 0.039203000000000023 0.016650000000000009 0 0
33 linear 2 7 0.58799400000000002 21.080851853169968 1 102 0.25346400000000002 0.016688999999999999 0.28282399999999985 0.0056649999999999999 0.0012229999999999999 0.00281 0.010978 0.026148000000000001 0.021340000000000001 0 0.026838999999999998 0.00091200000000000005 0.065168000000000004 0.00032000000000000003 0.0035740000000000004 0.16229599999999997 0.040175000000000044 0.016614 0 1
33 linear 2 15 0.70352400000000004 17.388849868650741 1 111 0.36869000000000002 0.015734000000000001 0.27733000000000002 0.0072110000000000004 0.0013369999999999999 0.002735 0.010322 0.022081 0.024853 0 0.025739999999999999 0.00087699999999999996 0.183673 0.00032600000000000001 0.0036260000000000003 0.14496700000000012 0.043277000000000003 0.018782999999999998 0 2
33 linear 2 23 0.71304000000000001 15.061650765545124 1 111 0.38388800000000001 0.015406 0.27320800000000001 0.0066650000000000008 0.0012019999999999999 0.0026340000000000001 0.010101000000000001 0.021774000000000002 0.020787 0 0.027958 0.00091600000000000004 0.20441399999999998 0.00028200000000000002 0.0035069999999999993 0.14101700000000003 0.043201000000000024 0.018711999999999996 0 3
33 linear 3 0 0.420076 1.9532504634023669 1 53 0.32236500000000001 0.0086420000000000004 0.066518000000000008 0.0041760000000000009 0.00077300000000000003 0.0028140000000000001 0.011113 0.17086999999999999 0.022349999999999998 0 0.027063 0.00089800000000000004 0.0018909999999999999 0.001224 0.003264 0.03318999999999999 0.015262999999999999 0.0063160000000000022 0 0
33 linear 3 7 0.27478399999999997 1.9712435899736129 1 53 0.170347 0.011618 0.071228 0.0035370000000000002 0.00069299999999999993 0.0028089999999999999 0.011025 0.021401 0.021586000000000001 0 0.027975 0.00091500000000000001 0.0016789999999999999 0.001114 0.0031660000000000004 0.037603999999999999 0.015617000000000004 0.0063019999999999994 0 1
33 linear 3 15 0.265264 1.9925376104339891 1 53 0.16687099999999999 0.0083059999999999991 0.068724000000000007 0.0034229999999999998 0.00063299999999999999 0.0026310000000000001 0.010585000000000001 0.02094 0.021028999999999999 0 0.028347000000000001 0.00090600000000000001 0.0016570000000000001 0.0010200000000000001 0.0030970000000000004 0.036733999999999996 0.014051999999999999 0.0063019999999999994 0 2
33 linear 3 23 0.26619799999999999 2.0146541429819624 1 53 0.16370799999999999 0.0080199999999999994 0.073502000000000012 0.0032050000000000004 0.00059900000000000003 0.0025200000000000001 0.010000999999999999 0.020766 0.021274999999999999 0 0.027543000000000002 0.00088500000000000004 0.0016440000000000001 0.0010059999999999999 0.0028679999999999999 0.040461000000000018 0.015028999999999994 0.0063150000000000029 0 3
33 linear 4 0 0.60419900000000004 10.225188757869015 1 67 0.473111 0.0095090000000000001 0.097373999999999988 0.0042190000000000005 0.0011689999999999999 0.0028080000000000002 0.010671 0.19086 0.022107000000000002 0 0.026727000000000001 0.000861 0.135412 0.0011850000000000001 0.0034869999999999996 0.04944500000000001 0.020761000000000016 0.0099190000000000042 0 0
33 linear 4 7 0.36809599999999998 9.8938312244930113 1 52 0.23657500000000001 0.010383999999999999 0.10217499999999999 0.0035239999999999998 0.00088800000000000001 0.0027720000000000002 0.011575999999999999 0.026324 0.024944999999999998 0 0.026876000000000001 0.00078799999999999996 0.058316 0.001091 0.0034089999999999997 0.06958300000000002 0.013925999999999997 0.0064060000000000002 0 1
33 linear 4 15 0.56692699999999996 9.5050244435031939 1 52 0.44340299999999999 0.0086049999999999998 0.096700000000000008 0.0031810000000000002 0.00076099999999999996 0.0027179999999999999 0.011057000000000001 0.023369999999999998 0.024687000000000001 0 0.028121 0.00078200000000000003 0.26938200000000001 0.00095299999999999996 0.0033249999999999994 0.064472000000000002 0.013258999999999998 0.0063229999999999988 0 2
33 linear 4 23 0.36860399999999999 9.1148070761527045 1 60 0.230237 0.0084670000000000006 0.10704400000000001 0.0043750000000000004 0.00082300000000000006 0.0027360000000000002 0.011315 0.018145999999999999 0.024572 0 0.029212999999999999 0.00085599999999999999 0.059634 0.001011 0.0028370000000000001 0.070781999999999998 0.01519 0.0072789999999999964 0 3
33 uniform 0 0 0.66712199999999999 2.2297896528470456 1 125 0.443351 0.012597000000000001 0.17079499999999997 0.0070739999999999996 0.0017950000000000002 0.0030179999999999998 0.011173000000000001 0.17829600000000001 0.021571 0 0.025855 0.00087299999999999997 0.10445399999999999 0.0011540000000000001 0.004352 0.09752300000000004 0.053695000000000014 0 0 0
33 uniform 0 7 0.54343699999999995 2.2537169245433097 1 125 0.31129899999999999 0.012252000000000001 0.181112 0.0062870000000000009 0.001474 0.0028119999999999998 0.010709 0.021292999999999999 0.021076999999999999 0 0.026898999999999999 0.00086600000000000002 0.13559799999999997 0.001116 0.0040249999999999999 0.113063 0.048586000000000011 0 0 1
33 uniform 0 15 0.43392500000000001 2.2810363456128604 1 125 0.186668 0.012305999999999999 0.19541499999999995 0.0061960000000000001 0.001619 0.0027550000000000001 0.010319 0.021221 0.020968000000000001 0 0.0258 0.00078799999999999996 0.011540999999999997 0.001054 0.003882 0.121894 0.054028000000000027 0 0 2
33 uniform 0 23 0.50558099999999995 2.308573035008163 1 118 0.28243499999999999 0.012416 0.17488900000000016 0.0055119999999999995 0.0014199999999999998 0.0029750000000000002 0.010385999999999999 0.022925000000000001 0.022109 0 0.026457999999999999 0.00082799999999999996 0.10084 0.0011509999999999999 0.0042520000000000006 0.10951200000000003 0.047386999999999978 0 0 3
33 uniform 1 0 0.70644499999999999 30.924863420164723 1 81 0.53142800000000001 0.0093970000000000008 0.13951099999999997 0.0039959999999999996 0.0011950000000000001 0.002823 0.010994 0.18912599999999999 0.022520999999999999 0 0.026532 0.00084800000000000001 0.18934899999999999 0.00087799999999999998 0.0032589999999999997 0.095096000000000042 0.030706999999999988 0 0 0
33 uniform 1 7 0.568326 32.033732257508881 1 81 0.394812 0.0091640000000000003 0.13895600000000005 0.003673 0.0010530000000000001 0.0028400000000000001 0.010251 0.013355000000000001 0.02341 0 0.026581 0.00080900000000000004 0.23168499999999997 0.00092500000000000004 0.0031479999999999998 0.096399999999999986 0.028921999999999965 0 0 1
33 uniform 1 15 0.52557699999999996 32.846259806434382 1 81 0.35582599999999998 0.0090100000000000006 0.13511600000000001 0.0039839999999999997 0.0010059999999999999 0.0026619999999999999 0.010097 0.0088009999999999998 0.024306000000000001 0 0.026880999999999999 0.00077300000000000003 0.19863599999999998 0.00080000000000000004 0.0030989999999999998 0.092970999999999984 0.028492999999999977 0 0 2
33 uniform 1 23 0.52406799999999998 33.23126357810014 1 81 0.36073499999999997 0.0088360000000000001 0.12924600000000006 0.0037439999999999999 0.00089599999999999988 0.002712 0.010511 0.011002 0.023594 0 0.027789999999999999 0.00079199999999999995 0.19777700000000001 0.00079100000000000004 0.0030089999999999995 0.087211000000000025 0.028403999999999971 0 0 3
33 uniform 2 0 0.680122 26.815856467144584 1 95 0.48021799999999998 0.0097780000000000002 0.16119800000000004 0.0041590000000000004 0.0012209999999999999 0.0027330000000000002 0.010945999999999999 0.19422300000000001 0.023535 0 0.028333000000000001 0.00094600000000000001 0.136877 0.00075699999999999997 0.003127 0.10508099999999992 0.039283999999999979 0 0 0
33 uniform 2 7 0.52881800000000001 21.574433502132099 1 102 0.25920100000000001 0.016316000000000001 0.21939799999999993 0.0047349999999999996 0.0012119999999999998 0.0027070000000000002 0.010968 0.026061999999999998 0.022676000000000002 0 0.026786999999999998 0.00092900000000000003 0.065067 0.00029100000000000003 0.0036180000000000001 0.161742 0.040066999999999978 0 0 1
33 uniform 2 15 0.59382900000000005 17.610714148392827 1 95 0.36607899999999999 0.015507999999999999 0.17714699999999989 0.0044770000000000009 0.0011369999999999998 0.0026419999999999998 0.010371 0.021798000000000001 0.023009999999999999 0 0.025527999999999999 0.00090700000000000004 0.18369099999999999 0.00032000000000000003 0.0034450000000000006 0.12606700000000001 0.035233000000000007 0 0 2
33 uniform 2 23 0.60226400000000002 15.195336115600833 1 95 0.38267200000000001 0.015362000000000001 0.17155999999999999 0.0043990000000000001 0.0011729999999999998 0.0024780000000000002 0.010081 0.021558000000000001 0.022461999999999999 0 0.027338000000000001 0.00090899999999999998 0.20230199999999998 0.00033300000000000002 0.0034620000000000002 0.12038300000000007 0.035486000000000018 0 0 3
33 uniform 3 0 0.387542 1.9532448403860561 1 37 0.32078899999999999 0.0085400000000000007 0.043292000000000004 0.0022030000000000001 0.00060300000000000002 0.0026280000000000001 0.010763 0.17069300000000001 0.022210000000000001 0 0.027303999999999998 0.00086499999999999999 0.001787 0.001201 0.0031159999999999994 0.023688000000000001 0.010806000000000003 0 0 0
33 uniform 3 7 0.23944299999999999 1.9712014929574886 1 37 0.17138700000000001 0.0083680000000000004 0.044349 0.002183 0.00055199999999999997 0.002555 0.010363000000000001 0.021163999999999999 0.021736999999999999 0 0.027668999999999999 0.00089599999999999999 0.0017590000000000001 0.0011410000000000001 0.003055 0.027517999999999997 0.011192000000000002 0 0 1
33 uniform 3 15 0.23208300000000001 1.9924615120466802 1 37 0.16753199999999999 0.0081370000000000001 0.041873 0.0020430000000000001 0.00048000000000000001 0.0028400000000000001 0.011155999999999999 0.020920999999999999 0.021156999999999999 0 0.027661999999999999 0.00085400000000000005 0.0016580000000000002 0.000977 0.0028820000000000004 0.026593999999999993 0.0097410000000000031 0 0 2
33 uniform 3 23 0.23040099999999999 2.0145555518861302 1 37 0.16417699999999999 0.0080750000000000006 0.043662999999999993 0.0019419999999999999 0.000446 0.0026199999999999999 0.010295 0.020677000000000001 0.021250999999999999 0 0.027647000000000001 0.00089400000000000005 0.0016919999999999999 0.0010009999999999999 0.002849 0.027537000000000006 0.010574 0 0 3
33 uniform 4 0 0.57889699999999999 10.260559745046699 1 59 0.47291299999999997 0.0094339999999999997 0.075602000000000003 0.0032710000000000005 0.00089900000000000006 0.0028219999999999999 0.010644000000000001 0.19081300000000001 0.021852 0 0.030325000000000001 0.00085800000000000004 0.133134 0.0010839999999999999 0.0029939999999999997 0.047047999999999986 0.018866999999999995 0 0 0
33 uniform 4 7 0.34544999999999998 9.9256735547433852 1 52 0.22850799999999999 0.0091839999999999995 0.089669000000000013 0.0031150000000000001 0.00079499999999999992 0.002748 0.010370000000000001 0.024882000000000001 0.021694000000000001 0 0.026662000000000002 0.00080699999999999999 0.058505999999999996 0.0011410000000000001 0.002993 0.068049999999999999 0.013585 0 0 1
33 uniform 4 15 0.55376099999999995 9.5330686915048286 1 60 0.43606800000000001 0.0082590000000000007 0.087291999999999967 0.0038320000000000003 0.00074100000000000001 0.0027920000000000002 0.0095720000000000006 0.021911 0.021194000000000001 0 0.028063999999999999 0.00083100000000000003 0.27082899999999999 0.00101 0.0029590000000000003 0.063859999999999986 0.014247999999999999 0 0 2
33 uniform 4 23 0.31311699999999998 9.1393272348247834 1 44 0.22087499999999999 0.0081759999999999992 0.069008000000000014 0.0022040000000000002 0.00056599999999999999 0.0026540000000000001 0.010111 0.017902000000000001 0.021558000000000001 0 0.027702999999999998 0.00085099999999999998 0.059318000000000003 0.00092299999999999999 0.0028609999999999998 0.051297000000000002 0.011086000000000002 0 0 3
34 linear 0 0 0.45829300000000001 2.8929647745212783 1 64 0.24659800000000001 0.0097280000000000005 0.18129499999999998 0.0033990000000000001 0.0007899999999999999 0.0032599999999999999 0.011417999999999999 0.092886999999999997 0.022076999999999999 0 0.027703999999999999 0.00081300000000000003 0.00061300000000000005 0.0012049999999999999 0.0037929999999999995 0.07471899999999998 0.017942000000000003 0.0052480000000000001 0 0
34 linear 0 7 0.35641600000000001 2.9474514929363993 1 64 0.162163 0.0097350000000000006 0.16223899999999999 0.003339 0.000571 0.0031310000000000001 0.011180000000000001 0.0061520000000000004 0.022016999999999998 0 0.027564000000000002 0.00081300000000000003 0.00066800000000000008 0.001186 0.0038299999999999992 0.058484999999999988 0.018100000000000005 0.0049630000000000013 0 1
34 linear 0 15 0.35354600000000003 2.9761035467477952 1 65 0.15925900000000001 0.0094129999999999995 0.163491 0.0035410000000000003 0.00085899999999999995 0.003173 0.011069000000000001 0.0060229999999999997 0.022466 0 0.027251999999999998 0.00080099999999999995 0.000629 0.0011999999999999999 0.0034240000000000004 0.063735 0.017787999999999988 0.004947 0 2
34 linear 0 23 0.38072499999999998 2.9694337487202431 1 72 0.16571900000000001 0.010727 0.18108999999999997 0.003712 0.00092200000000000008 0.003026 0.012056000000000001 0.0059300000000000004 0.026428 0 0.029069000000000001 0.00085800000000000004 0.00059400000000000002 0.00099799999999999997 0.0034350000000000001 0.065998000000000015 0.019516000000000009 0.0055409999999999999 0 3
34 linear 1 0 0.46937099999999998 2.8986457694766585 1 88 0.21299799999999999 0.011117 0.21799500000000002 0.0053790000000000001 0.001168 0.0030349999999999999 0.012286999999999999 0.062856999999999996 0.014223 0 0.030009000000000001 0.00094799999999999995 0.00065899999999999997 0.0011280000000000001 0.0035170000000000002 0.073137999999999967 0.024994000000000009 0.0069609999999999958 0 0
34 linear 1 7 0.44336500000000001 2.8086786975730216 1 95 0.16802300000000001 0.0099620000000000004 0.23501699999999989 0.005496 0.001206 0.0031150000000000001 0.011906 0.006084 0.026116 0 0.030848 0.00088900000000000003 0.00064300000000000002 0.00075900000000000002 0.0032199999999999998 0.08701200000000002 0.024781999999999985 0.0084110000000000001 0 1
34 linear 1 15 0.42742999999999998 2.6675393811315558 1 95 0.15592 0.0097540000000000005 0.232712 0.0050270000000000002 0.0010450000000000001 0.0028800000000000002 0.011072 0.0061250000000000002 0.022055999999999999 0 0.02886 0.00081599999999999999 0.00068500000000000006 0.00075299999999999998 0.0032220000000000005 0.082764000000000018 0.024195999999999999 0.0082360000000000072 0 2
34 linear 1 23 0.47349999999999998 2.4794410655234875 1 87 0.156921 0.0095080000000000008 0.27798099999999998 0.0048459999999999996 0.001106 0.002885 0.011220000000000001 0.0060200000000000002 0.022374000000000002 0 0.030532 0.00082600000000000002 0.00065099999999999999 0.00071900000000000002 0.0031750000000000003 0.094399000000000025 0.027540999999999975 0.013292000000000002 0 3
34 linear 2 0 0.39347799999999999 1.0074343824413405 1 59 0.25394699999999998 0.0097040000000000008 0.10714600000000002 0.004019 0.00079999999999999993 0.0030070000000000001 0.011867000000000001 0.10213899999999999 0.022329000000000002 0 0.026817000000000001 0.00076499999999999995 0.00060599999999999998 0.001426 0.0034849999999999998 0.046267999999999983 0.021376999999999993 0.0093490000000000031 0 0
34 linear 2 7 0.30588599999999999 1.00682387749256 1 59 0.158744 0.009273 0.115831 0.003571 0.00065499999999999998 0.0028660000000000001 0.010762000000000001 0.014668 0.021347999999999999 0 0.026068999999999998 0.000754 0.00059499999999999993 0.0011540000000000001 0.0033759999999999997 0.057533000000000015 0.019530999999999989 0.0091430000000000036 0 1
34 linear 2 15 0.33362900000000001 1.0059536931142037 1 66 0.158299 0.011969 0.137513 0.0040639999999999999 0.0007719999999999999 0.00266 0.010237 0.0077770000000000001 0.021821 0 0.026401000000000001 0.00081400000000000005 0.00079799999999999999 0.001142 0.0033300000000000001 0.062977000000000005 0.023906999999999987 0.011718999999999997 0 2
34 linear 2 23 0.27715800000000002 1.0050635744701046 1 59 0.15069099999999999 0.0087489999999999998 0.09585299999999998 0.0034140000000000004 0.00076499999999999995 0.0025230000000000001 0.0099659999999999992 0.0073150000000000003 0.021779 0 0.027302 0.00074200000000000004 0.00060399999999999994 0.0011479999999999999 0.0031359999999999999 0.052917999999999986 0.019605999999999995 0.0086450000000000016 0 3
34 linear 3 0 0.33950599999999997 1.0037136449941972 1 52 0.24296300000000001 0.0088000000000000005 0.067614000000000007 0.0035640000000000003 0.00071600000000000006 0.0027810000000000001 0.010867999999999999 0.093559000000000003 0.022249999999999999 0 0.028990999999999999 0.00086300000000000005 0.00060700000000000001 0.00117 0.0029479999999999997 0.034935000000000008 0.014787000000000002 0.0061760000000000018 0 0
34 linear 3 7 0.25125199999999998 1.003817885535804 1 52 0.14266000000000001 0.008397 0.077934000000000003 0.0057750000000000006 0.00072300000000000001 0.0028990000000000001 0.011158 0.0053099999999999996 0.011246000000000001 0 0.029505 0.00080699999999999999 0.00060800000000000003 0.00091600000000000004 0.0028830000000000001 0.046664999999999977 0.013566999999999997 0.0061650000000000012 0 1
34 linear 3 15 0.25236900000000001 1.0039556056472372 1 52 0.148955 0.0083180000000000007 0.075653000000000026 0.0031340000000000001 0.00068000000000000005 0.0027109999999999999 0.010442999999999999 0.0050959999999999998 0.021571 0 0.028434999999999998 0.00079600000000000005 0.00058900000000000001 0.00098799999999999995 0.0028529999999999992 0.04358200000000001 0.014387000000000004 0.0061860000000000005 0 2
34 linear 3 23 0.25046800000000002 1.0041226331230495 1 52 0.147509 0.0082319999999999997 0.075735000000000038 0.0028349999999999998 0.00057299999999999994 0.0026250000000000002 0.0099139999999999992 0.0047520000000000001 0.022726 0 0.027824000000000002 0.000794 0.0006240000000000001 0.00091500000000000001 0.0028140000000000001 0.04356200000000001 0.014575999999999999 0.006172000000000003 0 3
34 linear 4 0 0.32663799999999998 1.0047989791992102 1 52 0.23271900000000001 0.0082410000000000001 0.066519000000000009 0.0028220000000000003 0.00062199999999999994 0.0029589999999999998 0.010645 0.095577999999999996 0.012817 0 0.027900000000000001 0.00079000000000000001 0.00058 0.00099400000000000009 0.0027080000000000003 0.033827999999999997 0.014693000000000006 0.0061710000000000011 0 0
34 linear 4 7 0.23944699999999999 1.0049147355938066 1 52 0.139929 0.0081510000000000003 0.072575000000000014 0.002712 0.00071000000000000002 0.002928 0.0098849999999999997 0.0035899999999999999 0.012742 0 0.026915000000000001 0.00084500000000000005 0.00060300000000000002 0.00099200000000000004 0.0027000000000000001 0.041055999999999995 0.013720000000000008 0.006203000000000001 0 1
34 linear 4 15 0.239592 1.005056721150974 1 52 0.14088400000000001 0.0083800000000000003 0.070970000000000019 0.00298 0.00068099999999999996 0.0028609999999999998 0.010245000000000001 0.0033630000000000001 0.012537 0 0.027359999999999999 0.00072499999999999995 0.00059199999999999997 0.0010629999999999999 0.0028529999999999992 0.038338999999999998 0.014833000000000002 0.0061910000000000012 0 2
34 linear 4 23 0.233155 1.0052127753165376 1 52 0.136653 0.0083269999999999993 0.069374000000000005 0.0028860000000000001 0.00055699999999999999 0.0026150000000000001 0.0094140000000000005 0.0033159999999999999 0.012191 0 0.027605999999999999 0.000812 0.00056400000000000005 0.00094399999999999996 0.002725 0.037861000000000006 0.013822000000000003 0.0061750000000000034 0 3
34 uniform 0 0 0.39473599999999998 2.7591203157612942 1 72 0.24979699999999999 0.0097330000000000003 0.11010300000000001 0.0037629999999999999 0.00093500000000000007 0.002967 0.011252 0.092646000000000006 0.024046000000000001 0 0.027675999999999999 0.00080999999999999996 0.0006420000000000001 0.0012290000000000001 0.0037399999999999998 0.078604999999999994 0.021226000000000005 0 0 0
34 uniform 0 7 0.277555 2.7934152238372092 1 64 0.16327900000000001 0.0095270000000000007 0.084490000000000023 0.0029989999999999999 0.000611 0.0030839999999999999 0.010872 0.005973 0.023897999999999999 0 0.027525999999999998 0.00085899999999999995 0.00066100000000000002 0.001302 0.0039020000000000001 0.057570000000000003 0.018087000000000009 0 0 1
34 uniform 0 15 0.29114400000000001 2.811162285754325 1 73 0.16020699999999999 0.0093019999999999995 0.098874000000000031 0.0036440000000000001 0.0008879999999999999 0.0031580000000000002 0.010609 0.0060159999999999996 0.024140000000000002 0 0.026953999999999999 0.00087399999999999999 0.00062199999999999994 0.001103 0.003346 0.068571999999999994 0.020106000000000006 0 0 2
34 uniform 0 23 0.28059800000000001 2.807048231822225 1 72 0.15982399999999999 0.0095720000000000006 0.089613000000000012 0.003163 0.00082899999999999998 0.0028119999999999998 0.010385999999999999 0.0057629999999999999 0.025267999999999999 0 0.029288999999999999 0.00082200000000000003 0.00061700000000000004 0.00098700000000000003 0.0033059999999999995 0.060688999999999993 0.018880999999999998 0 0 3
34 uniform 1 0 0.34627599999999997 2.7627572183643596 1 80 0.20832200000000001 0.0098250000000000004 0.105443 0.0038890000000000005 0.00089100000000000008 0.0029989999999999999 0.010449999999999999 0.061246000000000002 0.012659999999999999 0 0.033570999999999997 0.00089499999999999996 0.00065200000000000002 0.001188 0.0034599999999999995 0.070136000000000046 0.024070000000000008 0 0 0
34 uniform 1 7 0.32641100000000001 2.7048262092042079 1 95 0.16503699999999999 0.0098189999999999996 0.12285999999999994 0.0048959999999999993 0.001116 0.002911 0.011320999999999999 0.0061599999999999997 0.025461000000000001 0 0.029073999999999999 0.00084000000000000003 0.00063000000000000003 0.00081999999999999998 0.0034069999999999999 0.084849999999999995 0.024312 0 0 1
34 uniform 1 15 0.31640699999999999 2.6100357923384214 1 95 0.15854199999999999 0.0096830000000000006 0.12009300000000002 0.0041849999999999995 0.001091 0.0027729999999999999 0.010919999999999999 0.006045 0.024669 0 0.028412 0.00085300000000000003 0.00069099999999999999 0.00079000000000000001 0.0032489999999999993 0.082140000000000005 0.024422999999999997 0 0 2
34 uniform 1 23 0.32980100000000001 2.4752171092334305 1 79 0.16492100000000001 0.0095080000000000008 0.13197599999999998 0.0032690000000000002 0.00081400000000000005 0.0027989999999999998 0.010761 0.0059659999999999999 0.023555 0 0.036644999999999997 0.00088999999999999995 0.00061100000000000011 0.00069800000000000005 0.0032170000000000002 0.090947000000000014 0.028126000000000005 0 0 3
34 uniform 2 0 0.33819700000000003 1.0074502970154338 1 43 0.25117699999999998 0.0097000000000000003 0.061209000000000006 0.0025079999999999998 0.00052000000000000006 0.0028969999999999998 0.011443999999999999 0.10179000000000001 0.022616000000000001 0 0.026523000000000001 0.00084699999999999999 0.00067299999999999999 0.001451 0.0034919999999999999 0.038147000000000007 0.016225999999999994 0 0 0
34 uniform 2 7 0.25008000000000002 1.0069233991269564 1 43 0.16026199999999999 0.0093189999999999992 0.06518400000000002 0.0021979999999999999 0.00048800000000000004 0.0028709999999999999 0.010952999999999999 0.014762000000000001 0.021870000000000001 0 0.026492999999999999 0.00078600000000000002 0.00060300000000000002 0.001158 0.003228 0.043508999999999999 0.014873999999999995 0 0 1
34 uniform 2 15 0.27085199999999998 1.0061029139083182 1 50 0.161025 0.011762 0.078777999999999987 0.0027049999999999999 0.00057200000000000003 0.0026059999999999998 0.010092 0.0075430000000000002 0.021652000000000001 0 0.026800000000000001 0.00083699999999999996 0.00079999999999999993 0.0010529999999999999 0.0033150000000000002 0.051501999999999992 0.019083999999999993 0 0 2
34 uniform 2 23 0.23517199999999999 1.0051293714847385 1 43 0.15009700000000001 0.008829 0.061346000000000005 0.001967 0.00048900000000000007 0.0025660000000000001 0.009887 0.0072509999999999996 0.021801000000000001 0 0.027425000000000001 0.00071599999999999995 0.00060499999999999985 0.001176 0.0031410000000000006 0.039112999999999995 0.015034999999999993 0 0 3
34 uniform 3 0 0.30425600000000003 1.0037332415013465 1 36 0.24132600000000001 0.0088369999999999994 0.04195999999999999 0.0015040000000000001 0.00045899999999999999 0.0029030000000000002 0.010401000000000001 0.093911999999999995 0.022450999999999999 0 0.02886 0.00080099999999999995 0.00057299999999999994 0.001013 0.0028180000000000002 0.026582999999999992 0.0098879999999999975 0 0 0
34 uniform 3 7 0.201513 1.0038396245065686 1 36 0.13803199999999999 0.0083020000000000004 0.042744999999999991 0.0016050000000000001 0.00043000000000000004 0.0027899999999999999 0.010119 0.0051330000000000004 0.011051 0 0.028251999999999999 0.00082899999999999998 0.00058200000000000005 0.00099299999999999996 0.0028219999999999999 0.028400999999999999 0.008944000000000004 0 0 1
34 uniform 3 15 0.212867 1.0039807792524329 1 36 0.14979999999999999 0.0084550000000000007 0.041912999999999992 0.0017279999999999999 0.00043900000000000005 0.0026610000000000002 0.0098480000000000009 0.0049399999999999999 0.021302999999999999 0 0.030439000000000001 0.00081999999999999998 0.00057000000000000009 0.00093800000000000003 0.0028550000000000003 0.027006999999999996 0.0094960000000000027 0 0 2
34 uniform 3 23 0.20724200000000001 1.0041530501322944 1 36 0.146477 0.0081449999999999995 0.040274000000000011 0.0015690000000000001 0.00038199999999999996 0.002552 0.010352 0.0049030000000000002 0.021269 0 0.02801 0.00085300000000000003 0.00058900000000000001 0.000941 0.0027800000000000004 0.025270999999999991 0.009578999999999999 0 0 3
34 uniform 4 0 0.29183599999999998 1.0048218200699139 1 36 0.23136399999999999 0.0082780000000000006 0.039969999999999999 0.0015709999999999999 0.00044799999999999999 0.0029480000000000001 0.010410000000000001 0.095616000000000007 0.011433 0 0.028035000000000001 0.000843 0.00060300000000000002 0.0010319999999999999 0.0027609999999999996 0.023994999999999995 0.010525999999999997 0 0 0
34 uniform 4 7 0.19597899999999999 1.0049381356906602 1 36 0.134826 0.0080569999999999999 0.040882000000000016 0.001511 0.00040999999999999999 0.0029269999999999999 0.0097789999999999995 0.0038340000000000002 0.011143 0 0.027049 0.000794 0.00058799999999999998 0.00097799999999999992 0.0027100000000000002 0.025476999999999996 0.0099900000000000024 0 0 1
34 uniform 4 15 0.19887299999999999 1.0050814882225956 1 36 0.13635700000000001 0.0081740000000000007 0.041967000000000004 0.0015579999999999999 0.00049400000000000008 0.0027499999999999998 0.0094560000000000009 0.0034910000000000002 0.010836999999999999 0 0.027168000000000001 0.000825 0.00058500000000000002 0.00096400000000000001 0.0027240000000000003 0.025923000000000002 0.010530000000000003 0 0 2
34 uniform 4 23 0.19323499999999999 1.0052394687513768 1 36 0.13400699999999999 0.0083499999999999998 0.038328999999999988 0.0017230000000000001 0.00044499999999999997 0.0025609999999999999 0.0094420000000000007 0.0033649999999999999 0.010628 0 0.027445000000000001 0.00072499999999999995 0.00056700000000000001 0.00095399999999999999 0.002722 0.02292400000000001 0.0099500000000000022 0 0 3
35 linear 0 0 0.90471299999999999 2.4244854725260323 1 97 0.61282499999999995 0.012337000000000001 0.24294699999999989 0.0065680000000000001 0.0015300000000000001 0.00296 0.011089 0.17487800000000001 0.032773999999999998 0 0.026984999999999999 0.00082799999999999996 0.27707500000000002 0.001176 0.0034560000000000003 0.12171100000000003 0.050722999999999963 0.015661999999999995 0 0
35 linear 0 7 0.80297799999999997 2.421900781399033 1 81 0.46745399999999998 0.011957000000000001 0.29504100000000011 0.0047099999999999998 0.0010640000000000001 0.0027950000000000002 0.0098779999999999996 0.048992000000000001 0.032148999999999997 0 0.026339000000000001 0.00086499999999999999 0.261961 0.001132 0.0033430000000000005 0.19199099999999991 0.046313999999999987 0.013228999999999999 0 1
35 linear 0 15 0.58836299999999997 2.3919582922776201 1 97 0.209985 0.011202999999999999 0.33186500000000013 0.005869000000000001 0.0011720000000000001 0.0027139999999999998 0.0098329999999999997 0.049933999999999999 0.033544999999999998 0 0.025937999999999999 0.00088999999999999995 0.0046759999999999996 0.0010059999999999999 0.0033850000000000004 0.21973300000000009 0.051246 0.015177999999999999 0 2
35 linear 0 23 0.75438899999999998 2.331934501057209 1 89 0.42335800000000001 0.011644 0.28794100000000006 0.004803 0.0013109999999999999 0.0024260000000000002 0.0094359999999999999 0.045000999999999999 0.033231999999999998 0 0.025402000000000001 0.00079199999999999995 0.22527999999999998 0.001034 0.0033019999999999998 0.17591299999999999 0.04910400000000003 0.014531000000000001 0 3
35 linear 1 0 0.761853 2.6003894823660954 1 82 0.59246200000000004 0.0091219999999999999 0.13046399999999997 0.0051580000000000003 0.001358 0.0024199999999999998 0.0096939999999999995 0.17657 0.034504 0 0.026099000000000001 0.00083600000000000005 0.26378800000000002 0.001341 0.0033220000000000007 0.068291000000000046 0.034533999999999981 0.0097380000000000036 0 0
35 linear 1 7 0.83889800000000003 2.5765716858618095 1 82 0.58828400000000003 0.0088079999999999999 0.21312799999999996 0.0045079999999999999 0.001054 0.0026589999999999999 0.010401000000000001 0.048261999999999999 0.034542000000000003 0 0.025825000000000001 0.00082299999999999995 0.38975500000000002 0.0012999999999999999 0.0032109999999999999 0.15067000000000003 0.034768999999999974 0.0097760000000000017 0 1
35 linear 1 15 0.65773499999999996 2.5292951012630818 1 82 0.41956900000000003 0.0084770000000000002 0.20176800000000003 0.004176 0.001096 0.0025769999999999999 0.0093810000000000004 0.047248999999999999 0.033061 0 0.025121999999999998 0.00066200000000000005 0.226211 0.0011659999999999999 0.0031349999999999998 0.13962799999999997 0.034483999999999966 0.009751000000000001 0 2
35 linear 1 23 0.84440599999999999 2.4579871084053786 1 90 0.57995799999999997 0.0088760000000000002 0.22531499999999988 0.0045969999999999995 0.0012179999999999999 0.0023760000000000001 0.009221 0.051235000000000003 0.031419999999999997 0 0.025083000000000001 0.00070399999999999998 0.38573599999999997 0.001073 0.0029789999999999999 0.15591599999999997 0.038720999999999978 0.010704999999999999 0 3
35 linear 2 0 0.489151 174.32134774686131 1 74 0.33387299999999998 0.010085999999999999 0.11577699999999999 0.0055650000000000005 0.001377 0.0029150000000000001 0.0112 0.17109199999999999 0.024542999999999999 0 0.030127999999999999 0.0010089999999999999 0.00066 0.001091 0.0033589999999999991 0.054947000000000003 0.029158999999999987 0.011642000000000001 0 0
35 linear 2 7 0.73210600000000003 128.7169499358304 1 90 0.24627299999999999 0.018183999999999999 0.42108600000000002 0.0088950000000000001 0.0018110000000000001 0.0029489999999999998 0.010957 0.045096999999999998 0.025249000000000001 0 0.028257999999999998 0.001189 0.001186 0.0016720000000000001 0.0053080000000000002 0.33221600000000001 0.044302999999999995 0.016177999999999998 0 1
35 linear 2 15 0.51434299999999999 98.002194565636159 1 53 0.27615600000000001 0.013426 0.19485200000000003 0.0052069999999999998 0.00090399999999999986 0.0039969999999999997 0.015073 0.062936000000000006 0.031584000000000001 0 0.038842000000000002 0.001235 0.00089700000000000001 0.001751 0.0048089999999999999 0.14669199999999999 0.023606000000000005 0.0086280000000000003 0 2
35 linear 2 23 0.39926 94.31095770458785 1 53 0.21203 0.010459 0.15213699999999999 0.0041739999999999998 0.00078799999999999996 0.0028029999999999999 0.011542 0.051544 0.024881 0 0.029999000000000001 0.000834 0.00071299999999999998 0.0012639999999999999 0.0036249999999999998 0.11317499999999997 0.018547000000000008 0.007182 0 3
35 linear 3 0 1.1856949999999999 1.4157663776548641 1 61 1.0194570000000001 0.012211 0.12023299999999999 0.0061040000000000001 0.001237 0.003264 0.012898 0.255994 0.031917000000000001 0 0.037242999999999998 0.001238 0.55787299999999995 0.001635 0.0045589999999999997 0.059219000000000008 0.033445000000000009 0.0095610000000000018 0 0
35 linear 3 7 1.097326 1.3967347338203475 1 61 0.79674100000000003 0.012097999999999999 0.25276100000000001 0.005855 0.0012179999999999999 0.0039459999999999999 0.015633999999999999 0.077711000000000002 0.031243 0 0.037323000000000002 0.00125 0.51499200000000001 0.001562 0.0046209999999999992 0.18623900000000004 0.035897999999999992 0.010552999999999998 0 1
35 linear 3 15 1.1504700000000001 1.3785857715771386 1 61 0.83853900000000003 0.013025999999999999 0.26308799999999999 0.0055750000000000001 0.001073 0.0039620000000000002 0.01502 0.075722999999999999 0.033548000000000001 0 0.038505999999999999 0.00096199999999999996 0.560025 0.0013420000000000001 0.0048319999999999995 0.19496000000000002 0.037230999999999979 0.010697 0 2
35 linear 3 23 1.1479239999999999 1.3634001470360371 1 61 0.83301800000000004 0.012586 0.26818599999999998 0.0051159999999999999 0.0010589999999999998 0.00365 0.014727000000000001 0.069389000000000006 0.032093000000000003 0 0.038059999999999997 0.001103 0.56363299999999994 0.0013849999999999999 0.0045909999999999996 0.19866500000000009 0.038279999999999967 0.010504999999999999 0 3
35 linear 4 0 0.55098800000000003 109.92628737262879 1 51 0.42638399999999999 0.010800000000000001 0.094156999999999977 0.003326 0.00075199999999999996 0.0041669999999999997 0.016677000000000001 0.235482 0.032953999999999997 0 0.036364 0.00091799999999999998 0.00075699999999999997 0.001382 0.0036570000000000001 0.054009999999999996 0.019726 0.0069209999999999992 0 0
35 linear 4 7 0.45458700000000002 110.6779499227996 1 51 0.237013 0.011695000000000001 0.18568000000000001 0.0033269999999999997 0.00072099999999999996 0.0030760000000000002 0.011797999999999999 0.054401999999999999 0.024659 0 0.030346000000000001 0.0011230000000000001 0.00086300000000000005 0.001255 0.0043259999999999991 0.14509799999999992 0.020198999999999988 0.0069189999999999998 0 1
35 linear 4 15 0.41580699999999998 111.30364938549488 1 51 0.212563 0.010377000000000001 0.17361299999999996 0.0030760000000000002 0.00062800000000000009 0.0029580000000000001 0.01244 0.050521999999999997 0.025651 0 0.030613999999999999 0.00082899999999999998 0.00071600000000000006 0.0011410000000000001 0.0040089999999999995 0.13462399999999999 0.018889999999999994 0.0069059999999999989 0 2
35 linear 4 23 0.486099 111.64368399597315 1 59 0.231431 0.012924 0.21740299999999993 0.0040889999999999998 0.00080899999999999982 0.0030790000000000001 0.014144 0.062661999999999995 0.031424000000000001 0 0.026016999999999998 0.00077399999999999995 0.00075199999999999996 0.001544 0.0044150000000000005 0.16860200000000003 0.023737999999999999 0.008573000000000006 0 3
35 uniform 0 0 0.85673299999999997 2.3744615916181142 1 81 0.63845200000000002 0.012167000000000001 0.17701700000000004 0.0048060000000000004 0.0013209999999999999 0.002774 0.010926 0.17491699999999999 0.032922 0 0.026907 0.00085099999999999998 0.29947600000000002 0.001181 0.0034990000000000004 0.11874700000000006 0.045164999999999969 0 0 0
35 uniform 0 7 0.77569699999999997 2.3754677307544871 1 81 0.46987800000000002 0.011998 0.26423600000000008 0.0043059999999999999 0.0012390000000000001 0.0025439999999999998 0.010244 0.048981999999999998 0.032131 0 0.027 0.00093999999999999997 0.26223800000000003 0.0011900000000000001 0.0034270000000000004 0.20172799999999999 0.048764999999999996 0 0 1
35 uniform 0 15 0.508575 2.35660088201131 1 81 0.221716 0.011749000000000001 0.24705600000000008 0.0037920000000000007 0.0010070000000000001 0.0027989999999999998 0.014416999999999999 0.051422000000000002 0.035064999999999999 0 0.027519999999999999 0.00091299999999999997 0.0046519999999999999 0.001042 0.003671999999999999 0.18701000000000001 0.046772000000000015 0 0 2
35 uniform 0 23 0.71934500000000001 2.3145797918466973 1 89 0.42675800000000003 0.012996000000000001 0.248393 0.0042770000000000004 0.0012699999999999999 0.0023879999999999999 0.0093640000000000008 0.046607999999999997 0.035378 0 0.025616 0.00080000000000000004 0.22267899999999999 0.00106 0.003607 0.17961600000000005 0.050350000000000006 0 0 3
35 uniform 1 0 0.74991799999999997 2.5599893140897034 1 74 0.61472800000000005 0.0089269999999999992 0.10262099999999992 0.0034279999999999996 0.0011510000000000001 0.0024090000000000001 0.0098010000000000007 0.195326 0.036377 0 0.027980000000000001 0.00080699999999999999 0.26484300000000005 0.00117 0.003153 0.058959999999999992 0.03253699999999999 0 0 0
35 uniform 1 7 0.76807899999999996 2.5502281840560905 1 66 0.58572800000000003 0.0087550000000000006 0.15201600000000001 0.0028519999999999999 0.00094899999999999997 0.002392 0.012028 0.048245000000000003 0.031558000000000003 0 0.025373 0.00073999999999999999 0.38981399999999999 0.0011509999999999999 0.0031209999999999996 0.11228199999999997 0.029468999999999992 0 0 1
35 uniform 1 15 0.60082999999999998 2.5237041034648118 1 66 0.43008099999999999 0.0085220000000000001 0.14085900000000004 0.0028310000000000002 0.00086899999999999998 0.0023249999999999998 0.0093259999999999992 0.047053999999999999 0.031675000000000002 0 0.025415 0.00072599999999999997 0.23716100000000001 0.0011199999999999999 0.0030760000000000006 0.10093500000000002 0.029509999999999977 0 0 2
35 uniform 1 23 0.75780899999999995 2.4775538085979729 1 66 0.585032 0.0084399999999999996 0.14354500000000001 0.00263 0.00073200000000000001 0.0025119999999999999 0.0097560000000000008 0.057210999999999998 0.031357999999999997 0 0.025440000000000001 0.00066799999999999997 0.38342900000000002 0.0010250000000000001 0.0030279999999999999 0.10427800000000005 0.029235000000000001 0 0 3
35 uniform 2 0 0.43126599999999998 187.38057105488338 1 66 0.32095699999999999 0.010068000000000001 0.078636000000000011 0.0030639999999999994 0.00092500000000000004 0.002875 0.01094 0.17117199999999999 0.022780000000000002 0 0.026917 0.00084000000000000003 0.00067899999999999992 0.0011100000000000001 0.003398 0.044130000000000003 0.023832999999999997 0 0 0
35 uniform 2 7 0.53295300000000001 137.59173707284074 1 74 0.20757200000000001 0.014241999999999999 0.28257099999999985 0.0046420000000000003 0.0010450000000000001 0.002594 0.010352999999999999 0.044977000000000003 0.022015 0 0.027119000000000001 0.00090600000000000001 0.00089900000000000017 0.0012620000000000001 0.0041150000000000006 0.24082299999999998 0.029335999999999991 0 0 1
35 uniform 2 15 0.32495400000000002 98.796293045905884 1 37 0.19808600000000001 0.010703000000000001 0.10063899999999998 0.0022960000000000003 0.00063100000000000005 0.0028500000000000001 0.012146000000000001 0.045769999999999998 0.026034000000000002 0 0.027307999999999999 0.00085800000000000004 0.00059299999999999989 0.001201 0.0036150000000000002 0.083487999999999993 0.011362000000000004 0 0 2
35 uniform 2 23 0.31589 94.844873268336187 1 37 0.195746 0.0093489999999999997 0.095830999999999972 0.0020039999999999997 0.00054500000000000002 0.0025950000000000001 0.011566999999999999 0.046816999999999998 0.024893999999999999 0 0.028558 0.00074899999999999999 0.00064000000000000005 0.001145 0.003346 0.078841000000000008 0.011260000000000001 0 0 3
35 uniform 3 0 0.81741200000000003 1.4187553551804029 1 45 0.72900799999999999 0.0086459999999999992 0.061825999999999999 0.0024189999999999997 0.00072400000000000003 0.003026 0.011509999999999999 0.186585 0.022837 0 0.027944 0.00080599999999999997 0.39424099999999995 0.0012019999999999999 0.0030539999999999999 0.035516999999999993 0.019531000000000003 0 0 0
35 uniform 3 7 0.69749300000000003 1.3990888918884568 1 45 0.558091 0.0083389999999999992 0.11334799999999995 0.0023519999999999999 0.00064900000000000005 0.0027959999999999999 0.010645999999999999 0.051196999999999999 0.023202 0 0.028254000000000001 0.00080400000000000003 0.36229200000000006 0.0010920000000000001 0.0030739999999999995 0.08719399999999998 0.019433000000000006 0 0 1
35 uniform 3 15 0.73330300000000004 1.3804299331755516 1 45 0.59425899999999998 0.0081550000000000008 0.11345699999999999 0.0022499999999999998 0.00060299999999999991 0.0026879999999999999 0.0097129999999999994 0.050915000000000002 0.023104 0 0.028232 0.00073300000000000004 0.40388099999999999 0.001065 0.0030669999999999998 0.087662000000000018 0.019098000000000007 0 0 2
35 uniform 3 23 0.73174799999999995 1.364882164806289 1 45 0.58769300000000002 0.0081049999999999994 0.11859999999999998 0.0022420000000000001 0.00060999999999999997 0.0024880000000000002 0.0095770000000000004 0.047475999999999997 0.023411999999999999 0 0.025855 0.00071299999999999998 0.40330199999999999 0.001016 0.0030240000000000002 0.092043999999999959 0.019787999999999997 0 0 3
35 uniform 4 0 0.45613500000000001 110.35518705647279 1 67 0.32523299999999999 0.0094900000000000002 0.097619000000000025 0.0040540000000000003 0.00086399999999999997 0.0027550000000000001 0.010840000000000001 0.175041 0.024551 0 0.026504 0.00078100000000000001 0.00061200000000000002 0.001116 0.0031660000000000008 0.06354499999999999 0.024048000000000007 0 0 0
35 uniform 4 7 0.39918900000000002 111.10788248575702 1 67 0.18967000000000001 0.0092599999999999991 0.17660100000000001 0.0038960000000000002 0.00079600000000000005 0.0028159999999999999 0.01052 0.044796999999999997 0.023521 0 0.026324 0.00080599999999999997 0.00066800000000000008 0.001024 0.003202 0.14353499999999997 0.023050999999999995 0 0 1
35 uniform 4 15 0.36099399999999998 111.72641674019346 1 51 0.18856800000000001 0.0090189999999999992 0.14202799999999999 0.0023240000000000001 0.00060700000000000001 0.0026830000000000001 0.010503 0.043901000000000003 0.023765000000000001 0 0.027008000000000001 0.000767 0.00064999999999999997 0.001034 0.0031179999999999997 0.11763499999999999 0.016577000000000005 0 0 2
35 uniform 4 23 0.37609300000000001 112.05115781402242 1 59 0.18520500000000001 0.008966 0.16321199999999997 0.0027200000000000002 0.000745 0.0025839999999999999 0.01008 0.044109000000000002 0.022964999999999999 0 0.026412000000000001 0.00080500000000000005 0.00063400000000000001 0.00093999999999999997 0.0029520000000000002 0.13491599999999998 0.019213999999999998 0 0 3
36 linear 0 0 0.58514699999999997 6.6170221334152668 1 96 0.228687 0.010019 0.31314199999999992 0.010018999999999998 0.0012290000000000001 0.0030070000000000001 0.011176 0.075188000000000005 0.022761 0 0.026509000000000001 0.00087299999999999997 0.00063599999999999996 0.001183 0.0037910000000000001 0.11013400000000002 0.035115999999999988 0.017681999999999993 0 0
36 linear 0 7 0.42302299999999998 6.7872970089131268 1 73 0.15967400000000001 0.0097730000000000004 0.22936000000000004 0.0042019999999999991 0.001088 0.0029780000000000002 0.011561 0.004914 0.022515 0 0.028604999999999998 0.00095799999999999998 0.00065099999999999999 0.001181 0.0033239999999999997 0.081941 0.027962999999999977 0.013039000000000004 0 1
36 linear 0 15 0.45494000000000001 6.8874033311845482 1 82 0.15787899999999999 0.0095110000000000004 0.26086100000000007 0.0049049999999999996 0.0010640000000000001 0.0029039999999999999 0.011009 0.0059909999999999998 0.021769 0 0.028239 0.00083600000000000005 0.00064800000000000003 0.0011039999999999999 0.0032499999999999999 0.091876000000000013 0.03372199999999996 0.016758999999999996 0 2
36 linear 0 23 0.44946399999999997 6.8883542744360211 1 82 0.159915 0.0094540000000000006 0.25384699999999999 0.0048000000000000004 0.00091 0.0028839999999999998 0.010774000000000001 0.006267 0.027383000000000001 0 0.027508999999999999 0.00084500000000000005 0.00063100000000000005 0.00090499999999999999 0.0029859999999999999 0.093219999999999983 0.032319999999999974 0.016291999999999994 0 3
36 linear 1 0 0.37113600000000002 1.0971038076821631 1 66 0.239344 0.0067710000000000001 0.10199000000000004 0.0041390000000000003 0.00075000000000000002 0.0031029999999999999 0.011578 0.091031000000000001 0.022363000000000001 0 0.027673 0.000892 0.00045100000000000001 0.001983 0.0031539999999999997 0.041370000000000004 0.018283000000000008 0.0091199999999999996 0 0
36 linear 1 7 0.29475699999999999 1.0915036103222784 1 66 0.14668 0.0063870000000000003 0.11922800000000001 0.0037219999999999996 0.000767 0.0028050000000000002 0.010574999999999999 0.0062859999999999999 0.021592 0 0.027852999999999999 0.00080599999999999997 0.00041999999999999996 0.001668 0.0030109999999999998 0.050365000000000007 0.018851 0.0094230000000000008 0 1
36 linear 1 15 0.27414699999999997 1.0841845498503613 1 59 0.144431 0.0062459999999999998 0.102786 0.003346 0.00062799999999999998 0.0027290000000000001 0.010062 0.0060140000000000002 0.021579999999999998 0 0.027153 0.00078399999999999997 0.00042099999999999999 0.001923 0.0030679999999999995 0.046876999999999995 0.016168999999999999 0.0083299999999999954 0 2
36 linear 1 23 0.28451500000000002 1.0757611072057491 1 59 0.142787 0.0060629999999999998 0.11510599999999999 0.0032680000000000001 0.00068300000000000001 0.002516 0.009776 0.0063499999999999997 0.021604999999999999 0 0.026863000000000001 0.00078200000000000003 0.00038199999999999996 0.0018370000000000001 0.0028400000000000001 0.063330999999999998 0.016466999999999996 0.0079590000000000008 0 3
36 linear 2 0 0.39353100000000002 1.1031935869821012 1 66 0.23405899999999999 0.0097719999999999994 0.12330100000000008 0.0036299999999999995 0.00079600000000000005 0.0027550000000000001 0.010689000000000001 0.088183999999999998 0.022357999999999999 0 0.026825000000000002 0.00087399999999999999 0.00058900000000000001 0.0011820000000000001 0.0031870000000000002 0.059280999999999986 0.022214999999999999 0.010177 0 0
36 linear 2 7 0.31718099999999999 1.0988829858230784 1 66 0.153972 0.0091509999999999994 0.12910900000000003 0.0044520000000000002 0.00076599999999999997 0.002637 0.010215999999999999 0.0075380000000000004 0.021756999999999999 0 0.027289000000000001 0.00076400000000000003 0.00057800000000000006 0.0011850000000000001 0.0031659999999999995 0.064558000000000004 0.022659999999999989 0.010338 0 1
36 linear 2 15 0.325075 1.092482905801325 1 67 0.15259200000000001 0.010455000000000001 0.136572 0.0044900000000000001 0.00089299999999999991 0.0029139999999999999 0.0098560000000000002 0.0076480000000000003 0.021281000000000001 0 0.027219 0.00083500000000000002 0.00060000000000000006 0.001124 0.0034899999999999996 0.071066000000000004 0.022009000000000001 0.010942 0 2
36 linear 2 23 0.32543800000000001 1.0840704842873643 1 67 0.156774 0.010723 0.13175899999999999 0.0045019999999999999 0.001083 0.0027750000000000001 0.011067 0.0068910000000000004 0.025121999999999998 0 0.027054000000000002 0.00082899999999999998 0.00061799999999999995 0.001096 0.0034020000000000001 0.070155999999999968 0.026600000000000006 0.011663000000000001 0 3
36 linear 3 0 0.40236899999999998 2.1728805536114462 1 59 0.24413599999999999 0.010529999999999999 0.12598299999999998 0.0037609999999999996 0.00093500000000000007 0.0031120000000000002 0.012666999999999999 0.086839 0.025555000000000001 0 0.027043999999999999 0.000812 0.00065400000000000007 0.001225 0.0035389999999999996 0.076247000000000009 0.021018999999999996 0.010938000000000003 0 0
36 linear 3 7 0.32174599999999998 2.2887477114950436 1 59 0.18066499999999999 0.0090840000000000001 0.11048399999999997 0.0034720000000000003 0.00088100000000000006 0.0030100000000000001 0.012387 0.023442999999999999 0.025281000000000001 0 0.026918000000000001 0.00078700000000000005 0.00060900000000000006 0.0012899999999999999 0.0036009999999999996 0.060992000000000005 0.021346000000000011 0.010884 0 1
36 linear 3 15 0.32022400000000001 2.4374521783895728 1 59 0.17702899999999999 0.0089219999999999994 0.11342200000000001 0.0033600000000000001 0.00076199999999999998 0.002934 0.011114000000000001 0.019304999999999999 0.025066000000000001 0 0.029350000000000001 0.00081400000000000005 0.00061899999999999998 0.001168 0.0032680000000000001 0.065231999999999971 0.021018999999999999 0.010435000000000002 0 2
36 linear 3 23 0.34787800000000002 2.6058933540169238 1 75 0.16581599999999999 0.0084829999999999992 0.14752099999999996 0.0045620000000000001 0.00088999999999999995 0.0029710000000000001 0.010366999999999999 0.022296 0.021014000000000001 0 0.027064000000000001 0.00072000000000000005 0.00064099999999999997 0.001041 0.0031009999999999996 0.081535000000000024 0.028785999999999978 0.014800999999999993 0 3
36 linear 4 0 0.33013100000000001 1.0897261662175606 1 53 0.232269 0.0084589999999999995 0.066886000000000001 0.0040299999999999997 0.00082600000000000002 0.0029580000000000001 0.011426 0.081571000000000005 0.022251 0 0.028301 0.00088400000000000002 0.00056899999999999995 0.0011119999999999999 0.0028920000000000005 0.034329000000000005 0.014612000000000005 0.0062959999999999986 0 0
36 linear 4 7 0.26677099999999998 1.0843249125192918 1 53 0.15489800000000001 0.0082070000000000008 0.081211999999999993 0.0039509999999999997 0.00070899999999999999 0.0027499999999999998 0.010769000000000001 0.005058 0.021461999999999998 0 0.027692999999999999 0.00079100000000000004 0.00063700000000000009 0.0010870000000000001 0.0029689999999999999 0.04781599999999999 0.015242000000000004 0.0062980000000000024 0 1
36 linear 4 15 0.25550699999999998 1.0784148741439135 1 53 0.150508 0.0081300000000000001 0.075173000000000004 0.0035920000000000001 0.00067900000000000002 0.0027230000000000002 0.011124999999999999 0.0049779999999999998 0.021642999999999999 0 0.027404000000000001 0.00087399999999999999 0.00061200000000000002 0.00096900000000000003 0.0027899999999999999 0.042341999999999977 0.014586000000000002 0.0064960000000000026 0 2
36 linear 4 23 0.26966099999999998 1.0728526039180848 1 60 0.148451 0.0089969999999999998 0.089400999999999994 0.0037149999999999996 0.00078199999999999993 0.0027959999999999999 0.01069 0.0062750000000000002 0.02102 0 0.027042 0.00080000000000000004 0.00058900000000000011 0.000941 0.0028010000000000005 0.052828999999999994 0.016320999999999995 0.0071000000000000013 0 3
36 uniform 0 0 0.43072300000000002 6.3186952544832726 1 96 0.22905 0.0099330000000000009 0.16108699999999995 0.0050430000000000006 0.0012380000000000002 0.002859 0.011415 0.075440999999999994 0.022973 0 0.026707000000000002 0.00082700000000000004 0.00060400000000000004 0.0012470000000000001 0.0036920000000000004 0.10980899999999998 0.03528199999999998 0 0 0
36 uniform 0 7 0.34475299999999998 6.4326833566697958 1 89 0.16017400000000001 0.0097710000000000002 0.14588999999999994 0.0054540000000000005 0.001067 0.002846 0.011233 0.0049579999999999997 0.022318999999999999 0 0.028277 0.00081599999999999999 0.00062599999999999993 0.001242 0.0034499999999999999 0.094349999999999976 0.036270999999999984 0 0 1
36 uniform 0 15 0.33254699999999998 6.498609174326563 1 82 0.157474 0.0093469999999999994 0.13944799999999999 0.0046559999999999995 0.00098700000000000003 0.0030439999999999998 0.010629 0.0057809999999999997 0.021898999999999998 0 0.027866999999999999 0.00081300000000000003 0.00064500000000000007 0.001109 0.0033079999999999997 0.091455999999999996 0.033701999999999989 0 0 2
36 uniform 0 23 0.33339800000000003 6.4990738715253755 1 82 0.159105 0.0092440000000000005 0.13941799999999999 0.0043870000000000003 0.00084899999999999993 0.0027859999999999998 0.01044 0.006208 0.023571999999999999 0 0.027660000000000001 0.00090300000000000005 0.00060300000000000002 0.000959 0.0030309999999999998 0.092719999999999969 0.032504999999999978 0 0 3
36 uniform 1 0 0.31508999999999998 1.093596518740487 1 50 0.23735700000000001 0.0067380000000000001 0.055408999999999993 0.0021190000000000002 0.00054799999999999998 0.0030119999999999999 0.011195 0.090744000000000005 0.024126000000000002 0 0.027167 0.00084000000000000003 0.00040199999999999996 0.0018990000000000001 0.0032230000000000002 0.033552999999999993 0.014306000000000001 0 0 0
36 uniform 1 7 0.22799 1.0890117051800452 1 50 0.14787600000000001 0.0064079999999999996 0.058242000000000002 0.002091 0.000522 0.0027049999999999999 0.010588 0.005953 0.023701 0 0.027925999999999999 0.00077700000000000002 0.00041100000000000002 0.0017030000000000001 0.0030949999999999997 0.035725999999999994 0.015023999999999997 0 0 1
36 uniform 1 15 0.23707300000000001 1.0830567014360868 1 51 0.14877699999999999 0.0062950000000000002 0.065979000000000024 0.002385 0.00067500000000000004 0.002784 0.010670000000000001 0.0059909999999999998 0.024604000000000001 0 0.027689999999999999 0.00078700000000000005 0.00039399999999999998 0.001915 0.0030100000000000001 0.043368000000000011 0.014925000000000001 0 0 2
36 uniform 1 23 0.23096700000000001 1.0760892916411215 1 43 0.145982 0.0060080000000000003 0.065685999999999994 0.0018259999999999999 0.00045599999999999997 0.0026979999999999999 0.0098630000000000002 0.0066259999999999999 0.024060999999999999 0 0.027167 0.00083699999999999996 0.00042899999999999997 0.0016609999999999999 0.0027889999999999998 0.046855000000000001 0.012367 0 0 3
36 uniform 2 0 0.33998699999999998 1.1044907651914369 1 50 0.237427 0.0098449999999999996 0.075991999999999948 0.0021869999999999997 0.00053499999999999999 0.0028249999999999998 0.010588 0.088187000000000001 0.024782999999999999 0 0.027115 0.00081300000000000003 0.00056300000000000002 0.001237 0.0031969999999999998 0.050945000000000004 0.01718999999999999 0 0 0
36 uniform 2 7 0.282609 1.1005306354404605 1 66 0.15323000000000001 0.0088649999999999996 0.09669800000000002 0.003803 0.000638 0.0027060000000000001 0.010122000000000001 0.0072709999999999997 0.024140999999999999 0 0.027156 0.00073700000000000002 0.00057200000000000003 0.001134 0.0031200000000000004 0.06406400000000001 0.022416999999999992 0 0 1
36 uniform 2 15 0.274949 1.0944579375445327 1 51 0.156859 0.0090259999999999993 0.090437999999999977 0.0026569999999999996 0.00066 0.0026389999999999999 0.0097160000000000007 0.0075859999999999999 0.023 0 0.029485000000000001 0.000776 0.00060299999999999991 0.001121 0.003052 0.062836000000000003 0.019229000000000013 0 0 2
36 uniform 2 23 0.26056499999999999 1.0860518552204002 1 51 0.150977 0.0094979999999999995 0.080893000000000007 0.0029070000000000003 0.00069699999999999992 0.0025200000000000001 0.0099500000000000005 0.0065550000000000001 0.021998 0 0.027118 0.00077999999999999999 0.00059199999999999986 0.001207 0.003094 0.052434000000000008 0.020081000000000005 0 0 3
36 uniform 3 0 0.37274400000000002 2.182345342423361 1 59 0.23741000000000001 0.009103 0.10537500000000002 0.0032719999999999997 0.00089900000000000006 0.0030569999999999998 0.011377999999999999 0.085599999999999996 0.022478999999999999 0 0.027196999999999999 0.00080699999999999999 0.000638 0.0012030000000000001 0.0033059999999999999 0.074934999999999988 0.020473000000000002 0 0 0
36 uniform 3 7 0.29222100000000001 2.3004616555474979 1 59 0.17230100000000001 0.0087589999999999994 0.090612999999999971 0.0031020000000000002 0.00076999999999999996 0.0029719999999999998 0.010725999999999999 0.022249000000000001 0.021874000000000001 0 0.027095999999999999 0.00076400000000000003 0.00062 0.0011310000000000001 0.0032429999999999998 0.059955000000000015 0.020735999999999994 0 0 1
36 uniform 3 15 0.32170799999999999 2.4525984003711003 1 75 0.16405700000000001 0.0087030000000000007 0.12344300000000002 0.0043549999999999995 0.00089999999999999998 0.002823 0.010636 0.018964000000000002 0.020858000000000002 0 0.027653 0.000696 0.00058799999999999998 0.0010380000000000001 0.0031339999999999996 0.082127000000000019 0.028231999999999993 0 0 2
36 uniform 3 23 0.32612000000000002 2.6258592465394188 1 75 0.16733500000000001 0.0085880000000000001 0.12436699999999999 0.0045739999999999999 0.00092500000000000004 0.0029260000000000002 0.010390999999999999 0.022492999999999999 0.020806999999999999 0 0.026908999999999999 0.00068499999999999995 0.00065099999999999999 0.001158 0.0032660000000000002 0.082393000000000008 0.028842999999999973 0 0 3
36 uniform 4 0 0.30350100000000002 1.0900939136646737 1 37 0.23669599999999999 0.0085109999999999995 0.043341999999999985 0.0020709999999999999 0.00061299999999999994 0.0031199999999999999 0.011377999999999999 0.081893999999999995 0.022204000000000002 0 0.028001999999999999 0.00085599999999999999 0.00058300000000000008 0.0010920000000000001 0.0029820000000000003 0.027250999999999997 0.010467000000000001 0 0 0
36 uniform 4 7 0.226797 1.0847037716257888 1 37 0.15218599999999999 0.0082410000000000001 0.051829999999999987 0.0019599999999999999 0.00053499999999999999 0.0027209999999999999 0.010385 0.0053299999999999997 0.022867999999999999 0 0.027397999999999999 0.00081499999999999997 0.000629 0.00109 0.0029220000000000001 0.035187000000000003 0.011080000000000005 0 0 1
36 uniform 4 15 0.21834500000000001 1.0787886107601508 1 37 0.15131 0.0080619999999999997 0.044497999999999996 0.0018839999999999998 0.00051000000000000004 0.0028660000000000001 0.010505 0.0051079999999999997 0.023189999999999999 0 0.027661000000000002 0.00085099999999999998 0.00060800000000000003 0.0010169999999999999 0.0028900000000000002 0.028420999999999998 0.010547000000000001 0 0 2
36 uniform 4 23 0.23396400000000001 1.073203813697317 1 44 0.151063 0.0092040000000000004 0.057724000000000018 0.0022720000000000001 0.00058100000000000003 0.0026450000000000002 0.010234 0.0061799999999999997 0.022756999999999999 0 0.027300000000000001 0.00078200000000000003 0.00060900000000000006 0.001011 0.0030029999999999996 0.038634000000000009 0.012550999999999998 0 0 3
37 linear 0 0 0.81955999999999996 8.4295827050033356 1 82 0.61025099999999999 0.050428000000000001 0.13003999999999993 0.0049710000000000006 0.0014450000000000001 0.0030040000000000002 0.011344999999999999 0.193079 0.024518999999999999 0 0.026835000000000001 0.00090399999999999996 0.26032500000000003 0.001126 0.003467 0.056774999999999985 0.038905999999999996 0.0093140000000000046 0 0
37 linear 0 7 0.501996 8.2893560595754323 1 82 0.20808099999999999 0.041701000000000002 0.22379999999999989 0.0046370000000000005 0.001168 0.0028600000000000001 0.010748000000000001 0.051330000000000001 0.023727000000000002 0 0.025956 0.00086799999999999996 0.0047879999999999997 0.00091100000000000003 0.0034339999999999996 0.15106900000000006 0.038573000000000003 0.0093139999999999994 0 1
37 linear 0 15 0.49962400000000001 8.0653546556950637 1 82 0.20880099999999999 0.041956 0.22046600000000005 0.0044880000000000007 0.001091 0.0027009999999999998 0.010193000000000001 0.051171000000000001 0.023050000000000001 0 0.02674 0.00087399999999999999 0.0052830000000000004 0.0011019999999999999 0.0033609999999999994 0.14674700000000002 0.039647999999999982 0.0092970000000000049 0 2
37 linear 0 23 0.48627999999999999 7.7798747554525987 1 82 0.20133799999999999 0.039923 0.2169380000000001 0.004346 0.0010479999999999999 0.0026809999999999998 0.010034 0.048391999999999998 0.022695 0 0.025690999999999999 0.00091200000000000005 0.0050379999999999999 0.00093199999999999999 0.0032559999999999998 0.14307499999999998 0.039581000000000012 0.0092680000000000037 0 3
37 linear 1 0 0.489035 6.4866858229059439 1 75 0.33573500000000001 0.011387 0.11554199999999999 0.0040769999999999999 0.001253 0.0027720000000000002 0.010514000000000001 0.18126800000000001 0.023102999999999999 0 0.026356000000000001 0.00078700000000000005 0.0043359999999999996 0.0011479999999999999 0.0034089999999999997 0.047398000000000023 0.037143999999999976 0.0084300000000000052 0 0
37 linear 1 7 0.45624199999999998 6.4471216930441768 1 75 0.17757200000000001 0.010767000000000001 0.24152600000000005 0.0041460000000000004 0.0011670000000000001 0.0025200000000000001 0.0095289999999999993 0.029021000000000002 0.022452 0 0.026047000000000001 0.00081599999999999999 0.0042059999999999997 0.001039 0.0032260000000000001 0.17362999999999995 0.037194999999999999 0.0084210000000000049 0 1
37 linear 1 15 0.46830699999999997 6.4021889330888397 1 75 0.18302599999999999 0.010976 0.24687699999999996 0.0046020000000000002 0.001207 0.002483 0.0093130000000000001 0.035889999999999998 0.020759 0 0.025654 0.00071599999999999995 0.0043990000000000001 0.00099700000000000006 0.0034159999999999993 0.17881800000000009 0.037240000000000016 0.0084510000000000054 0 2
37 linear 1 23 0.48485600000000001 6.3575596524649187 1 75 0.17308399999999999 0.010736000000000001 0.27475500000000003 0.0039150000000000001 0.001263 0.0027409999999999999 0.0090830000000000008 0.028905 0.020607 0 0.025704999999999999 0.00071500000000000003 0.004267 0.00086399999999999997 0.0033209999999999997 0.20337799999999995 0.03701200000000001 0.0084370000000000018 0 3
37 linear 2 0 0.58872199999999997 3.2339304175200447 1 98 0.341451 0.042576999999999997 0.16710900000000004 0.0066280000000000002 0.001382 0.0025709999999999999 0.0098980000000000005 0.18892900000000001 0.021541000000000001 0 0.026159000000000002 0.00077700000000000002 0.0047470000000000004 0.0010349999999999999 0.0032339999999999999 0.071906999999999971 0.04552999999999998 0.010456000000000005 0 0
37 linear 2 7 0.55288099999999996 3.10693996336094 1 61 0.32489000000000001 0.0085550000000000001 0.19426900000000002 0.0043340000000000002 0.00093599999999999998 0.002477 0.0093640000000000008 0.047273000000000003 0.021267000000000001 0 0.026345 0.00086899999999999998 0.13723199999999999 0.0012689999999999999 0.0031029999999999999 0.13267100000000001 0.027952000000000001 0.0062970000000000005 0 1
37 linear 2 15 0.41763800000000001 3.1063037835026113 1 61 0.19087599999999999 0.0082349999999999993 0.193963 0.0037490000000000002 0.00089799999999999993 0.0025899999999999999 0.0099469999999999992 0.048382000000000001 0.020952999999999999 0 0.027151000000000002 0.000883 0.0030460000000000001 0.0011299999999999999 0.003078 0.13439799999999996 0.025973999999999987 0.00628 0 2
37 linear 2 23 0.40627400000000002 3.1056710443927558 1 61 0.18463099999999999 0.0080409999999999995 0.18947700000000006 0.0036240000000000005 0.00076399999999999992 0.002261 0.0090200000000000002 0.048228 0.020736999999999998 0 0.026154 0.00076300000000000001 0.0029459999999999998 0.00097199999999999999 0.0029720000000000002 0.12584099999999998 0.029859999999999998 0.006306 0 3
37 linear 3 0 0.89608699999999997 6.6040245380266986 1 98 0.61563999999999997 0.074708999999999998 0.16542900000000005 0.0061190000000000003 0.0014819999999999998 0.0026779999999999998 0.0099670000000000002 0.184721 0.021305000000000001 0 0.025884000000000001 0.00076400000000000003 0.27882399999999996 0.00073700000000000002 0.0034380000000000001 0.073016999999999999 0.048691000000000012 0.010708000000000002 0 0
37 linear 3 7 0.874865 6.73515355486514 1 98 0.48336499999999999 0.072525000000000006 0.28195500000000007 0.0059410000000000001 0.001281 0.0025990000000000002 0.0099649999999999999 0.043483000000000001 0.021354999999999999 0 0.026286 0.00084699999999999999 0.28342400000000001 0.00071400000000000001 0.0040030000000000005 0.18699199999999996 0.050059999999999986 0.011012000000000001 0 1
37 linear 3 15 0.79248200000000002 6.9157864106310551 1 114 0.29789100000000002 0.069268999999999997 0.38092900000000013 0.0073670000000000003 0.001405 0.002758 0.010954999999999999 0.050982 0.024154999999999999 0 0.026724000000000001 0.00081499999999999997 0.086712999999999985 0.00066200000000000005 0.0038019999999999998 0.26420599999999994 0.062483999999999977 0.013282000000000006 0 2
37 linear 3 23 0.74088500000000002 7.1456789111522614 1 106 0.33718399999999998 0.066979999999999998 0.29778999999999994 0.0066759999999999996 0.0015220000000000001 0.0025460000000000001 0.010498 0.043298000000000003 0.021176 0 0.0258 0.00074200000000000004 0.14326 0.00064099999999999997 0.0035000000000000001 0.19983999999999993 0.05675999999999997 0.012122000000000003 0 3
37 linear 4 0 0.55960600000000005 2.1263806875132136 1 61 0.41974800000000001 0.0086490000000000004 0.10587000000000001 0.0042170000000000003 0.00086399999999999997 0.002666 0.0099439999999999997 0.17408000000000001 0.021604999999999999 0 0.026244 0.00077200000000000001 0.10226499999999999 0.001335 0.0031850000000000003 0.043778000000000011 0.028094999999999988 0.006296000000000003 0 0
37 linear 4 7 0.37615700000000002 2.1269583695342869 1 61 0.16735700000000001 0.0082330000000000007 0.17572199999999999 0.0038930000000000002 0.00087099999999999992 0.002823 0.010241 0.026074 0.021184000000000001 0 0.026336999999999999 0.00078399999999999997 0.0030620000000000001 0.0012149999999999999 0.003019 0.11583599999999998 0.026385999999999986 0.0063060000000000017 0 1
37 linear 4 15 0.37162099999999998 2.1276231662124947 1 61 0.15759400000000001 0.0081130000000000004 0.18148400000000006 0.0036949999999999995 0.00078399999999999997 0.0025469999999999998 0.0089499999999999996 0.020608000000000001 0.020999 0 0.025562999999999999 0.00071900000000000002 0.0029240000000000004 0.001129 0.0030959999999999998 0.12288899999999997 0.025051999999999998 0.0063070000000000018 0 2
37 linear 4 23 0.50749299999999997 2.1282928891758379 1 61 0.28920200000000001 0.0082190000000000006 0.18646100000000002 0.0034759999999999999 0.00072400000000000003 0.0022899999999999999 0.0083759999999999998 0.021191999999999999 0.020988 0 0.025415 0.00068800000000000003 0.13587499999999997 0.001103 0.0029659999999999999 0.12737100000000001 0.025448999999999996 0.0062710000000000014 0 3
37 uniform 0 0 0.78201900000000002 8.2589877152294839 1 82 0.598553 0.045900999999999997 0.10908800000000002 0.0043839999999999999 0.00148 0.0025070000000000001 0.009868 0.191218 0.021628000000000001 0 0.025457 0.00077300000000000003 0.260328 0.001072 0.0032520000000000001 0.05795199999999999 0.038747999999999984 0 0 0
37 uniform 0 7 0.46988799999999997 8.1058451626654815 1 82 0.20202700000000001 0.040536999999999997 0.19930999999999999 0.0041839999999999994 0.0012120000000000002 0.0024970000000000001 0.0097459999999999995 0.05135 0.022530999999999999 0 0.025436 0.00080000000000000004 0.0046549999999999994 0.001008 0.0032719999999999997 0.14827000000000004 0.038557000000000008 0 0 1
37 uniform 0 15 0.47673900000000002 7.884730817918852 1 82 0.20632400000000001 0.039491999999999999 0.203205 0.0039830000000000004 0.0011639999999999999 0.0025360000000000001 0.0096209999999999993 0.051129000000000001 0.022572999999999999 0 0.026334 0.00081099999999999998 0.005117 0.001008 0.0034039999999999995 0.15129999999999999 0.039514000000000028 0 0 2
37 uniform 0 23 0.438724 7.6192668965879928 1 74 0.19825100000000001 0.03934 0.17585199999999995 0.0034900000000000005 0.000977 0.0023990000000000001 0.0092739999999999993 0.048335999999999997 0.022592999999999999 0 0.025363 0.00085400000000000005 0.0049979999999999998 0.00087299999999999997 0.003271 0.129632 0.035133000000000011 0 0 3
37 uniform 1 0 0.471279 6.9128413295756239 1 75 0.33496100000000001 0.011188 0.099458000000000005 0.0037710000000000005 0.0012460000000000001 0.0026020000000000001 0.0099330000000000009 0.18229899999999999 0.023292 0 0.026239999999999999 0.000776 0.0044390000000000002 0.001073 0.0033629999999999997 0.048163999999999978 0.040070000000000008 0 0 0
37 uniform 1 7 0.43452000000000002 6.8751744730063846 1 75 0.17815600000000001 0.010702 0.22009400000000001 0.0035840000000000004 0.0010770000000000003 0.0025079999999999998 0.0093039999999999998 0.028906000000000001 0.023529999999999999 0 0.025923999999999999 0.00077499999999999997 0.0043669999999999994 0.001024 0.0033189999999999999 0.17160000000000009 0.037341999999999993 0 0 1
37 uniform 1 15 0.44446999999999998 6.8323361222444765 1 75 0.18156900000000001 0.010635 0.22724200000000006 0.0033809999999999999 0.0009320000000000001 0.0024659999999999999 0.0090679999999999997 0.035839999999999997 0.023356999999999999 0 0.025506000000000001 0.00066100000000000002 0.0043430000000000005 0.00088800000000000001 0.0032850000000000002 0.17895700000000006 0.037012999999999997 0 0 2
37 uniform 1 23 0.46433400000000002 6.7897227516849581 1 75 0.176258 0.010614999999999999 0.25195699999999993 0.0038240000000000001 0.00093700000000000001 0.0023019999999999998 0.0084729999999999996 0.029125000000000002 0.025822999999999999 0 0.025437000000000001 0.00068300000000000001 0.0040980000000000001 0.00084699999999999999 0.0031839999999999998 0.20349900000000007 0.037131000000000011 0 0 3
37 uniform 2 0 0.50580499999999995 3.2876211638620694 1 66 0.34237299999999998 0.041072999999999998 0.099343999999999974 0.0031280000000000001 0.00099100000000000013 0.0024599999999999999 0.0099600000000000001 0.18887799999999999 0.023179000000000002 0 0.026558999999999999 0.000736 0.0047079999999999995 0.00097099999999999997 0.00331 0.057898999999999978 0.031509999999999982 0 0 0
37 uniform 2 7 0.47926800000000003 3.1069455516440319 1 45 0.323689 0.0084499999999999992 0.12925500000000004 0.0023570000000000002 0.00078000000000000009 0.0024399999999999999 0.0094000000000000004 0.047452000000000001 0.024128 0 0.026121999999999999 0.00088999999999999995 0.13394299999999998 0.001227 0.003058 0.10128299999999997 0.021033000000000003 0 0 1
37 uniform 2 15 0.34085500000000002 3.1063093488057865 1 45 0.189084 0.0082679999999999993 0.126193 0.0022559999999999998 0.00070300000000000007 0.0024269999999999999 0.0098860000000000007 0.048330999999999999 0.020695000000000002 0 0.026307000000000001 0.00086300000000000005 0.0030169999999999997 0.0010120000000000001 0.003026 0.099341999999999986 0.019958999999999998 0 0 2
37 uniform 2 23 0.33734199999999998 3.1056765870391292 1 45 0.185249 0.0079190000000000007 0.12675999999999998 0.002251 0.00063699999999999998 0.0023419999999999999 0.0091020000000000007 0.048239999999999998 0.020757000000000001 0 0.026034000000000002 0.00081899999999999996 0.00299 0.00098499999999999998 0.0029830000000000004 0.10006600000000002 0.019890000000000008 0 0 3
37 uniform 3 0 0.83914100000000003 6.6166058728475816 1 82 0.61577499999999996 0.073928999999999995 0.11963599999999998 0.004516 0.0011250000000000001 0.0026120000000000002 0.0099819999999999996 0.184669 0.021409999999999998 0 0.025943000000000001 0.00082399999999999997 0.27894799999999997 0.00067699999999999998 0.003578 0.063820000000000016 0.04352799999999999 0 0 0
37 uniform 3 7 0.79581000000000002 6.7510063823837507 1 82 0.48571700000000001 0.068527000000000005 0.21224400000000002 0.0040880000000000005 0.001052 0.0027260000000000001 0.010572 0.04616 0.021127 0 0.027241000000000001 0.000812 0.28354200000000002 0.00066799999999999997 0.0034540000000000005 0.15636800000000006 0.043385999999999987 0 0 1
37 uniform 3 15 0.60880299999999998 6.9373136510211273 1 82 0.29023900000000002 0.066424999999999998 0.22287499999999996 0.0039849999999999998 0.0010690000000000001 0.002464 0.0098750000000000001 0.048183999999999998 0.021239999999999998 0 0.026623999999999998 0.00086499999999999999 0.089915999999999996 0.00065899999999999997 0.0034939999999999993 0.16801000000000002 0.042587999999999994 0 0 2
37 uniform 3 23 0.63684600000000002 7.1770029836874487 1 82 0.33096700000000001 0.065418000000000004 0.21148500000000001 0.0038640000000000002 0.001091 0.002526 0.0097149999999999997 0.042015999999999998 0.021076000000000001 0 0.025572999999999999 0.00077099999999999998 0.14046900000000001 0.000611 0.0033780000000000004 0.15669499999999992 0.042433000000000005 0 0 3
37 uniform 4 0 0.51671100000000003 2.1263877793520707 1 45 0.42163699999999998 0.0097420000000000007 0.067257000000000025 0.0023020000000000002 0.00070999999999999991 0.0027009999999999998 0.010062 0.17391499999999999 0.024354000000000001 0 0.026655999999999999 0.00080400000000000003 0.1024 0.0012570000000000001 0.0035470000000000002 0.039451999999999994 0.020683000000000003 0 0 0
37 uniform 4 7 0.33175900000000003 2.126965519157785 1 45 0.17494599999999999 0.0095390000000000006 0.12807400000000002 0.0027829999999999999 0.00070899999999999999 0.0026870000000000002 0.010697 0.026984000000000001 0.024034 0 0.026588000000000001 0.000794 0.0030339999999999998 0.001186 0.0034040000000000008 0.096114999999999992 0.023638000000000003 0 0 1
37 uniform 4 15 0.31742399999999998 2.1276303826594258 1 45 0.167187 0.0083809999999999996 0.12402099999999999 0.002372 0.000638 0.002604 0.01013 0.021753999999999999 0.023907999999999999 0 0.027803999999999999 0.00077099999999999998 0.0029939999999999997 0.001026 0.0033630000000000001 0.096957999999999989 0.020058999999999997 0 0 2
37 uniform 4 23 0.44894200000000001 2.1283001732845488 1 45 0.29311500000000001 0.0082970000000000006 0.12995899999999999 0.0022949999999999997 0.000629 0.0023739999999999998 0.0099019999999999993 0.022647 0.024240999999999999 0 0.025638000000000001 0.00065899999999999997 0.131412 0.00097400000000000004 0.0032900000000000004 0.10287499999999999 0.020043000000000009 0 0 3
38 linear 0 0 1.2334579999999999 1252.791609286538 1 125 0.82490399999999997 0.016678999999999999 0.35081100000000015 0.0077020000000000005 0.00166 0.0029559999999999999 0.012695 0.18451799999999999 0.085049 0 0.027914000000000001 0.00082899999999999998 0.41051299999999996 0.00081300000000000003 0.004259999999999999 0.16841300000000003 0.079392000000000129 0.023090999999999993 0 0
38 linear 0 7 1.236491 1241.0112610893564 1 125 0.70907799999999999 0.016334000000000001 0.47132300000000005 0.0068640000000000003 0.0014659999999999999 0.002813 0.010985999999999999 0.054740999999999998 0.094564999999999996 0 0.02649 0.00085700000000000001 0.41940600000000006 0.00085099999999999998 0.0042659999999999998 0.29012299999999996 0.079354000000000049 0.023048000000000016 0 1
38 linear 0 15 1.275261 1222.6352723603584 1 157 0.58240999999999998 0.014770999999999999 0.6276400000000002 0.0099989999999999992 0.0014880000000000002 0.0028730000000000001 0.010392999999999999 0.051178000000000001 0.084384000000000001 0 0.025801999999999999 0.00081700000000000002 0.31075700000000001 0.00074399999999999998 0.0041840000000000002 0.40440100000000007 0.10099000000000025 0.030602999999999981 0 2
38 linear 0 23 1.0953619999999999 1199.6526842354851 1 110 0.62534999999999996 0.016452000000000001 0.41633099999999984 0.0062580000000000014 0.0013119999999999998 0.00248 0.0098650000000000005 0.051256999999999997 0.075486999999999999 0 0.025498 0.00080199999999999998 0.363672 0.00066699999999999995 0.0041060000000000003 0.25260499999999997 0.068092000000000014 0.018633999999999987 0 3
38 linear 1 0 1.067814 4.4698250098362005 1 81 0.76949100000000004 0.012422000000000001 0.25704200000000005 0.0046209999999999992 0.0012830000000000001 0.0028769999999999998 0.011651999999999999 0.18285699999999999 0.075688000000000005 0 0.026959 0.00082399999999999997 0.37804099999999996 0.0012589999999999999 0.0034549999999999997 0.14101799999999998 0.051975999999999981 0.013523999999999998 0 0
38 linear 1 7 1.071097 4.2685425868359888 1 97 0.63764799999999999 0.012284 0.38605100000000014 0.0056360000000000004 0.001214 0.0029030000000000002 0.010436000000000001 0.051226000000000001 0.075658000000000003 0 0.026544000000000002 0.00081300000000000003 0.38464399999999999 0.0011919999999999999 0.0034220000000000001 0.26159599999999988 0.056746000000000019 0.015363000000000003 0 1
38 linear 1 15 1.04619 3.9524860159588857 1 89 0.63640699999999994 0.012557 0.36527400000000015 0.0052379999999999996 0.0011949999999999999 0.002702 0.010193000000000001 0.051216999999999999 0.072941000000000006 0 0.026107999999999999 0.00079000000000000001 0.38710300000000003 0.0010709999999999999 0.0034590000000000003 0.24140099999999989 0.057567999999999973 0.014359 0 2
38 linear 1 23 1.0139860000000001 3.5316481682028535 1 82 0.620533 0.012459 0.35169499999999992 0.0045770000000000003 0.001173 0.0027030000000000001 0.0099819999999999996 0.051191 0.063278000000000001 0 0.025950000000000001 0.00073999999999999999 0.38011200000000001 0.0010399999999999999 0.0033590000000000004 0.232514 0.052390999999999972 0.013924000000000002 0 3
38 linear 2 0 0.67242299999999999 2.3611081833376661 1 75 0.48531099999999999 0.0089429999999999996 0.15103100000000005 0.0046610000000000002 0.0011149999999999999 0.0025500000000000002 0.0093240000000000007 0.183978 0.032737000000000002 0 0.026511 0.000736 0.15207000000000001 0.0012160000000000001 0.0031509999999999997 0.092543000000000014 0.032778999999999996 0.008971000000000005 0 0
38 linear 2 7 0.68578399999999995 2.1255770896369341 1 68 0.40254200000000001 0.008652 0.249139 0.0041270000000000005 0.0009720000000000001 0.0024489999999999998 0.0090080000000000004 0.046403 0.032328999999999997 0 0.025492000000000001 0.00073300000000000004 0.21081 0.001191 0.0031190000000000002 0.19403500000000007 0.031570999999999967 0.0082460000000000051 0 1
38 linear 2 15 0.75084099999999998 2.0168121062585178 1 68 0.45593 0.008404 0.26285799999999998 0.0038800000000000006 0.00095299999999999996 0.0024160000000000002 0.0090679999999999997 0.050986999999999998 0.020868999999999999 0 0.025381000000000001 0.00070299999999999996 0.27039099999999999 0.001041 0.003045 0.20293099999999994 0.033549999999999983 0.0088239999999999985 0 2
38 linear 2 23 0.75261299999999998 1.9384830037324756 1 61 0.47555900000000001 0.0086040000000000005 0.24205800000000008 0.0046370000000000005 0.000959 0.0024350000000000001 0.013291000000000001 0.050761000000000001 0.034065999999999999 0 0.025097999999999999 0.00075699999999999997 0.27101999999999998 0.001021 0.0034550000000000002 0.19172499999999998 0.028323999999999998 0.0075139999999999946 0 3
38 linear 3 0 0.44320399999999999 114.90027047921784 1 53 0.342916 0.01093 0.067529000000000006 0.003601 0.0007310000000000001 0.0030490000000000001 0.012498 0.18424399999999999 0.025357000000000001 0 0.030318999999999999 0.00090799999999999995 0.00063199999999999997 0.001183 0.0035579999999999995 0.032536999999999996 0.01708500000000001 0.0062880000000000019 0 0
38 linear 3 7 0.41498800000000002 115.93257297510596 1 53 0.192244 0.0091439999999999994 0.19194700000000009 0.0033549999999999999 0.00066299999999999996 0.0026029999999999998 0.01044 0.051436000000000003 0.021486000000000002 0 0.025935 0.00079199999999999995 0.00061899999999999998 0.001029 0.003179 0.15760899999999997 0.016466000000000005 0.0063000000000000026 0 1
38 linear 3 15 0.42350300000000002 117.15210023075883 1 53 0.19010199999999999 0.0092200000000000008 0.20273099999999994 0.0032429999999999994 0.00077900000000000007 0.0023410000000000002 0.0098919999999999998 0.051186000000000002 0.021371999999999999 0 0.026169000000000001 0.00082399999999999997 0.00063499999999999993 0.00095799999999999998 0.0030849999999999996 0.16823400000000002 0.016631999999999994 0.0063160000000000048 0 2
38 linear 3 23 0.40758800000000001 118.41681411427604 1 53 0.18800600000000001 0.0091380000000000003 0.18893900000000008 0.003274 0.00068000000000000005 0.0022599999999999999 0.0096279999999999994 0.051132999999999998 0.021080999999999999 0 0.025942 0.00077899999999999996 0.00060499999999999996 0.00099599999999999992 0.0030309999999999998 0.155529 0.015548999999999999 0.0063020000000000012 0 3
38 linear 4 0 1.192569 3.3768347623564372 1 107 0.88701399999999997 0.014067 0.24891599999999989 0.0071079999999999997 0.0014270000000000001 0.002666 0.0097560000000000008 0.18057799999999999 0.031956999999999999 0 0.026134999999999999 0.00082600000000000002 0.5423380000000001 0.00083100000000000003 0.0036149999999999993 0.16096799999999994 0.051357000000000028 0.012719999999999997 0 0
38 linear 4 7 1.0055270000000001 3.3667002957453915 1 107 0.53663400000000006 0.013691999999999999 0.41330900000000009 0.0064039999999999991 0.001207 0.0027529999999999998 0.010211 0.051242000000000003 0.031535000000000001 0 0.026145000000000002 0.00080599999999999997 0.32287399999999999 0.00072499999999999995 0.0034529999999999999 0.32346099999999989 0.052271000000000012 0.012706999999999993 0 1
38 linear 4 15 1.0775250000000001 3.3584022685951802 1 107 0.62164399999999997 0.013303000000000001 0.40130500000000002 0.0061810000000000007 0.0011469999999999998 0.002653 0.0097970000000000002 0.050389999999999997 0.032550999999999997 0 0.025649000000000002 0.00080500000000000005 0.41217199999999998 0.00073099999999999999 0.003405 0.31197100000000011 0.052189000000000013 0.012724000000000003 0 2
38 linear 4 23 1.0455019999999999 3.3532489537797927 1 107 0.58854700000000004 0.01324 0.40197199999999994 0.005921 0.0013799999999999999 0.0025439999999999998 0.0091000000000000004 0.050934 0.032461999999999998 0 0.025374000000000001 0.00076499999999999995 0.381104 0.00078100000000000001 0.0033119999999999998 0.31288999999999983 0.052533999999999997 0.012710999999999998 0 3
38 uniform 0 0 1.1545080000000001 1203.521213253659 1 125 0.82546900000000001 0.016480000000000002 0.27304300000000004 0.0068700000000000002 0.001639 0.0028110000000000001 0.010878000000000001 0.18831899999999999 0.087183999999999998 0 0.026355 0.00077700000000000002 0.41002099999999997 0.00083000000000000001 0.0041810000000000007 0.171512 0.079296000000000019 0 0 0
38 uniform 0 7 1.1525909999999999 1188.6760274500125 1 125 0.70800300000000005 0.016011999999999998 0.39042499999999997 0.0057829999999999999 0.00147 0.0029580000000000001 0.011279000000000001 0.051329 0.094506999999999994 0 0.026058999999999999 0.000843 0.419846 0.00078299999999999995 0.0041769999999999993 0.28778800000000004 0.079077000000000064 0 0 1
38 uniform 0 15 1.177478 1168.1671666086772 1 157 0.58190600000000003 0.014533000000000001 0.5321229999999999 0.0090110000000000016 0.0014780000000000001 0.002777 0.010527 0.051133999999999999 0.083913000000000001 0 0.025930999999999999 0.00076099999999999996 0.31084000000000001 0.00075500000000000003 0.0039920000000000008 0.40192299999999997 0.10097100000000012 0 0 2
38 uniform 0 23 1.0142119999999999 1144.3670979093108 1 110 0.62038800000000005 0.020455999999999998 0.33768300000000012 0.0053909999999999991 0.0011809999999999998 0.002614 0.0098250000000000004 0.051046000000000001 0.073386000000000007 0 0.025568 0.00076099999999999996 0.363595 0.00074700000000000005 0.0040210000000000003 0.25088899999999992 0.067967000000000027 0 0 3
38 uniform 1 0 1.0127969999999999 4.3816203307556867 1 81 0.76554500000000003 0.012534999999999999 0.20665399999999995 0.0041450000000000002 0.0011709999999999999 0.002875 0.011165 0.18252099999999999 0.074121000000000006 0 0.026322999999999999 0.00079299999999999998 0.37768099999999999 0.001188 0.0035060000000000004 0.14114600000000008 0.052378000000000015 0 0 0
38 uniform 1 7 1.0713440000000001 4.2372749243062353 1 81 0.644675 0.013594 0.38017000000000001 0.0051800000000000006 0.0011690000000000001 0.0028549999999999999 0.011535999999999999 0.052387999999999997 0.077277999999999999 0 0.026530000000000001 0.00083799999999999999 0.38479099999999999 0.001142 0.003869 0.30365300000000001 0.056493000000000029 0 0 1
38 uniform 1 15 0.99950799999999995 3.999313624146259 1 89 0.64354999999999996 0.012366 0.31280200000000002 0.0044959999999999991 0.0010999999999999998 0.0027269999999999998 0.010932000000000001 0.052347999999999999 0.076270000000000004 0 0.026263999999999999 0.00071100000000000004 0.38882299999999997 0.001103 0.003411 0.24066999999999997 0.057584999999999983 0 0 2
38 uniform 1 23 0.95915700000000004 3.6593887100787468 1 82 0.62034500000000004 0.012333 0.29710899999999996 0.0041260000000000003 0.001119 0.002362 0.0093530000000000002 0.051043999999999999 0.063162999999999997 0 0.025152999999999998 0.00069899999999999997 0.38539100000000004 0.001145 0.0032929999999999999 0.23161499999999999 0.052356 0 0 3
38 uniform 2 0 0.65421300000000004 2.4416026101298582 1 67 0.48426999999999998 0.0087790000000000003 0.13575599999999999 0.0062959999999999995 0.0010989999999999999 0.0024239999999999999 0.0094400000000000005 0.18180499999999999 0.032884999999999998 0 0.026535 0.00074600000000000003 0.15224699999999999 0.0012949999999999999 0.0031959999999999996 0.094185999999999978 0.031551999999999997 0 0 0
38 uniform 2 7 0.61215200000000003 2.1463730127739251 1 52 0.40382000000000001 0.0086359999999999996 0.18166599999999999 0.002568 0.00087800000000000009 0.0023519999999999999 0.0089779999999999999 0.046711999999999997 0.032247999999999999 0 0.025366 0.00080400000000000003 0.211067 0.0012359999999999999 0.0032279999999999995 0.14976800000000004 0.024104000000000007 0 0 1
38 uniform 2 15 0.72110200000000002 2.029404671451005 1 68 0.464727 0.0085000000000000006 0.22522800000000012 0.0036979999999999999 0.00083100000000000003 0.00247 0.0094850000000000004 0.051048999999999997 0.023192000000000001 0 0.026065000000000001 0.000803 0.274422 0.0010640000000000001 0.0030879999999999996 0.183253 0.031727999999999992 0 0 2
38 uniform 2 23 0.66225599999999996 1.9471139843879923 1 45 0.46639000000000003 0.0083119999999999999 0.16958600000000001 0.0024250000000000001 0.00073599999999999989 0.002493 0.0091500000000000001 0.049468999999999999 0.033201000000000001 0 0.025488 0.00072000000000000005 0.27135499999999996 0.001011 0.003058 0.14276699999999998 0.019798999999999997 0 0 3
38 uniform 3 0 0.39751399999999998 114.91929806360505 1 37 0.33288400000000001 0.0096340000000000002 0.040417000000000008 0.0019269999999999999 0.00052399999999999994 0.0029320000000000001 0.011191 0.18230099999999999 0.023462 0 0.026606000000000001 0.00089899999999999995 0.00065499999999999998 0.001119 0.0031900000000000001 0.023180999999999993 0.011680000000000001 0 0 0
38 uniform 3 7 0.34428300000000001 115.95267177591266 1 37 0.194579 0.0090109999999999999 0.12626400000000002 0.001861 0.00053200000000000003 0.0026459999999999999 0.010515 0.051458999999999998 0.023060000000000001 0 0.026291999999999999 0.00080999999999999996 0.00061000000000000008 0.0010139999999999999 0.0031899999999999997 0.10957800000000001 0.011104000000000003 0 0 1
38 uniform 3 15 0.34567199999999998 117.17353760618346 1 37 0.19791900000000001 0.0094719999999999995 0.12327100000000001 0.002091 0.000571 0.002421 0.010186000000000001 0.054593000000000003 0.023317000000000001 0 0.026252999999999999 0.00067100000000000005 0.00062399999999999999 0.001134 0.0031030000000000007 0.10637699999999997 0.011300999999999999 0 0 2
38 uniform 3 23 0.34638200000000002 118.43972749820828 1 37 0.191777 0.0093860000000000002 0.13066799999999998 0.0018889999999999998 0.0005089999999999999 0.0024759999999999999 0.010078999999999999 0.051043999999999999 0.023088999999999998 0 0.026209 0.00072800000000000002 0.00065000000000000008 0.00091500000000000001 0.0030360000000000001 0.11465000000000003 0.010430000000000004 0 0 3
38 uniform 4 0 1.0986180000000001 3.3816922244083947 1 75 0.88994499999999999 0.013919000000000001 0.16593099999999997 0.0041250000000000002 0.0010610000000000001 0.0027360000000000002 0.010865 0.17926400000000001 0.034737999999999998 0 0.026526999999999998 0.00083600000000000005 0.54184399999999999 0.000727 0.0035579999999999995 0.11745599999999999 0.037210000000000021 0 0 0
38 uniform 4 7 0.89904499999999998 3.3715087844840954 1 75 0.54029799999999994 0.015176 0.31230299999999994 0.0042120000000000005 0.0010710000000000001 0.0025929999999999998 0.010222 0.051140999999999999 0.031447000000000003 0 0.025690000000000001 0.00082200000000000003 0.326569 0.00086200000000000003 0.0038520000000000008 0.25742299999999996 0.042322000000000012 0 0 1
38 uniform 4 15 0.98213499999999998 3.3632165214099494 1 75 0.65349100000000004 0.013318 0.28691500000000014 0.0038250000000000003 0.000919 0.0028860000000000001 0.011389 0.055995000000000003 0.036921000000000002 0 0.027722 0.00088000000000000003 0.42374799999999996 0.00066600000000000003 0.0034120000000000001 0.23707900000000001 0.038079999999999989 0 0 2
38 uniform 4 23 0.906389 3.3581255728089152 1 75 0.58810200000000001 0.013217 0.27676499999999993 0.003901 0.00096800000000000011 0.002503 0.0090460000000000002 0.051256000000000003 0.030877000000000002 0 0.025606 0.00076900000000000004 0.381075 0.00074399999999999998 0.0033780000000000004 0.22700600000000004 0.038484999999999991 0 0 3
39 linear 0 0 0.61670800000000003 1.0248366145771768 1 59 0.46483799999999997 0.027601000000000001 0.10214599999999995 0.0044070000000000003 0.00074499999999999989 0.0026710000000000002 0.010534 0.19420699999999999 0.133159 0 0.026818999999999999 0.00086600000000000002 0.018647999999999998 0.0018489999999999999 0.0032269999999999998 0.041997999999999987 0.023092999999999982 0.0082380000000000005 0 0
39 linear 0 7 0.36682500000000001 1.0246798659441649 1 66 0.179816 0.0064590000000000003 0.15775500000000001 0.0037990000000000003 0.00081499999999999997 0.0027520000000000001 0.010976 0.022762000000000001 0.0229 0 0.027200999999999999 0.000843 0.018418000000000004 0.0016230000000000001 0.0029739999999999996 0.090900000000000009 0.027594999999999977 0.0091030000000000034 0 1
39 linear 0 15 0.38409599999999999 1.0242090297535711 1 66 0.20175000000000001 0.006326 0.15393199999999996 0.0036099999999999995 0.00072400000000000003 0.0026359999999999999 0.0098560000000000002 0.021616 0.021977 0 0.027156 0.000883 0.046406000000000003 0.0017719999999999999 0.0028550000000000003 0.085588000000000025 0.02682099999999998 0.0092040000000000021 0 2
39 linear 0 23 0.33488400000000001 1.0234185112934897 1 66 0.159246 0.006071 0.14808099999999996 0.0032420000000000001 0.00071699999999999997 0.0024489999999999998 0.013446 0.021138000000000001 0.021961000000000001 0 0.027227999999999999 0.000785 0.0024020000000000001 0.0015610000000000001 0.0028710000000000003 0.080575000000000008 0.02555799999999998 0.0095640000000000013 0 3
39 linear 1 0 0.49788500000000002 1.0214600963697262 1 66 0.37428600000000001 0.0060439999999999999 0.095974000000000018 0.0032529999999999998 0.00074800000000000008 0.0025720000000000001 0.0092200000000000008 0.19713800000000001 0.063531000000000004 0 0.027175000000000001 0.00072800000000000002 0.0022750000000000001 0.002189 0.0028629999999999997 0.046708999999999994 0.027007000000000007 0.0079210000000000044 0 0
39 linear 1 7 0.312056 1.0228389928955948 1 66 0.15460499999999999 0.0076629999999999997 0.12843799999999997 0.0031780000000000003 0.00065899999999999997 0.0026220000000000002 0.0089040000000000005 0.021170999999999999 0.022818000000000001 0 0.027109000000000001 0.00080000000000000004 0.002032 0.001513 0.0028429999999999996 0.080817999999999973 0.02559500000000001 0.0078759999999999993 0 1
39 linear 1 15 0.31645800000000002 1.0240496985813552 1 66 0.16087000000000001 0.006032 0.127552 0.0036210000000000001 0.00081799999999999993 0.0023930000000000002 0.008626 0.021051 0.022721999999999999 0 0.025971999999999999 0.00076599999999999997 0.010272999999999999 0.0016329999999999999 0.0028210000000000002 0.080656000000000005 0.024774999999999998 0.0078470000000000015 0 2
39 linear 1 23 0.31206699999999998 1.0249127741604578 1 66 0.149396 0.0059069999999999999 0.13499899999999998 0.0033969999999999998 0.00071600000000000006 0.0024970000000000001 0.0094629999999999992 0.014622 0.023626000000000001 0 0.026845000000000001 0.00077200000000000001 0.0022719999999999997 0.001637 0.0027699999999999999 0.087914000000000006 0.025013000000000018 0.0078500000000000028 0 3
39 linear 2 0 0.55839499999999997 1.0150524790442257 1 53 0.45921699999999999 0.0086 0.068885000000000016 0.0033430000000000001 0.000883 0.0024729999999999999 0.0095650000000000006 0.2014 0.085920999999999997 0 0.028889000000000001 0.00082600000000000002 0.051319000000000004 0.001057 0.0028910000000000003 0.031916000000000007 0.019219000000000003 0.0062590000000000024 0 0
39 linear 2 7 0.336254 1.0158532499967039 1 67 0.16544300000000001 0.0085970000000000005 0.13813600000000001 0.0036300000000000004 0.001005 0.0024759999999999999 0.0092060000000000006 0.020929 0.023199000000000001 0 0.028816000000000001 0.00088000000000000003 0.0036959999999999996 0.00097499999999999996 0.0027710000000000005 0.087215000000000015 0.028522999999999969 0.0079610000000000028 0 1
39 linear 2 15 0.30576900000000001 1.0167213536645789 1 59 0.15681500000000001 0.0062620000000000002 0.12341499999999998 0.0027110000000000003 0.00059900000000000003 0.002408 0.0090950000000000007 0.022477 0.023963000000000002 0 0.027847 0.000767 0.001753 0.0011410000000000001 0.0025610000000000003 0.081707999999999975 0.022094999999999993 0.0070190000000000009 0 2
39 linear 2 23 0.294103 1.0170223402201113 1 59 0.15429200000000001 0.0060809999999999996 0.11439799999999999 0.0027429999999999998 0.00055499999999999994 0.0024580000000000001 0.0088409999999999999 0.021361999999999999 0.023866999999999999 0 0.027358 0.00081800000000000004 0.001851 0.001224 0.0026089999999999998 0.072979999999999989 0.021843999999999971 0.0070170000000000041 0 3
39 linear 3 0 0.48763299999999998 1.0105465251519783 1 59 0.37375900000000001 0.0089709999999999998 0.084489000000000009 0.0033759999999999997 0.00069700000000000003 0.002395 0.0093799999999999994 0.197606 0.045497999999999997 0 0.027517 0.00082700000000000004 0.011544 0.0011640000000000001 0.0032380000000000004 0.042234999999999981 0.022551000000000002 0.0070250000000000009 0 0
39 linear 3 7 0.32845999999999997 1.0112101693903612 1 59 0.18341399999999999 0.0084869999999999998 0.11667400000000001 0.0028799999999999997 0.00056400000000000005 0.002467 0.0098060000000000005 0.021024999999999999 0.023525000000000001 0 0.027895 0.00076199999999999998 0.021939 0.0010510000000000001 0.003166 0.074996999999999994 0.022024999999999979 0.0070240000000000016 0 1
39 linear 3 15 0.32138699999999998 1.0121483124292883 1 59 0.17154 0.0085019999999999991 0.121684 0.0028500000000000001 0.00073799999999999994 0.0024239999999999999 0.0089149999999999993 0.020801 0.023137000000000001 0 0.027400999999999998 0.00071900000000000002 0.01184 0.00096699999999999998 0.0031160000000000003 0.079708000000000001 0.022336999999999985 0.0070159999999999988 0 2
39 linear 3 23 0.47547499999999998 1.0133765350284236 1 59 0.32591999999999999 0.0084410000000000006 0.12135400000000002 0.0029329999999999998 0.00063900000000000003 0.0022169999999999998 0.0086210000000000002 0.021114000000000001 0.02281 0 0.027059 0.00074200000000000004 0.16941600000000001 0.00093700000000000001 0.003009 0.076437999999999978 0.02259499999999999 0.0070140000000000003 0 3
39 linear 4 0 0.49054700000000001 1.0095779236207512 1 53 0.39522699999999999 0.0086719999999999992 0.065627000000000005 0.0030819999999999997 0.00079100000000000004 0.002627 0.0093720000000000001 0.19750400000000001 0.075035000000000004 0 0.028327999999999999 0.00076599999999999997 0.0032829999999999999 0.001016 0.0028559999999999996 0.027666 0.020304999999999993 0.0063220000000000012 0 0
39 linear 4 7 0.29785499999999998 1.0093399328543298 1 53 0.15603300000000001 0.008208 0.11269999999999998 0.0029819999999999998 0.00069000000000000008 0.002545 0.0087580000000000002 0.015249 0.021048999999999998 0 0.027743 0.00068900000000000005 0.0031199999999999995 0.0010330000000000001 0.0028019999999999998 0.075975999999999988 0.019013999999999996 0.0063080000000000028 0 1
39 linear 4 15 0.29980299999999999 1.0090665274940245 1 53 0.15807299999999999 0.0082559999999999995 0.112765 0.00298 0.00065399999999999996 0.002516 0.0089490000000000004 0.017554 0.021523 0 0.027431000000000001 0.00071100000000000004 0.0033930000000000002 0.00096599999999999995 0.0028289999999999999 0.075004999999999988 0.020036000000000005 0.0062980000000000015 0 2
39 linear 4 23 0.27813399999999999 1.0087919255811721 1 45 0.155225 0.0082150000000000001 0.096069999999999947 0.0029789999999999999 0.00054699999999999996 0.0024190000000000001 0.0085210000000000008 0.013788999999999999 0.021517000000000001 0 0.027907000000000001 0.00073300000000000004 0.0032469999999999999 0.00090499999999999999 0.0027880000000000001 0.065168000000000004 0.015894999999999999 0.0053440000000000015 0 3
39 uniform 0 0 0.55795300000000003 1.0235533251552651 1 43 0.45817200000000002 0.025182 0.060859000000000017 0.0020479999999999999 0.00056999999999999998 0.0026080000000000001 0.0095729999999999999 0.19461400000000001 0.13263 0 0.026884999999999999 0.00076599999999999997 0.018412999999999999 0.0017750000000000001 0.0030920000000000001 0.036156999999999995 0.018127999999999988 0 0 0
39 uniform 0 7 0.29457699999999998 1.0234422353880976 1 50 0.17888100000000001 0.0065250000000000004 0.093753000000000003 0.0021290000000000002 0.00066600000000000003 0.002617 0.013649 0.022932000000000001 0.022277000000000002 0 0.026617999999999999 0.00076900000000000004 0.018371999999999999 0.0016639999999999999 0.0030100000000000001 0.063229999999999995 0.022920999999999997 0 0 1
39 uniform 0 15 0.31015199999999998 1.0231196866003278 1 50 0.19822000000000001 0.0062849999999999998 0.090799000000000005 0.001843 0.00053299999999999995 0.0025270000000000002 0.0088839999999999995 0.021218000000000001 0.021923000000000002 0 0.026662000000000002 0.00071400000000000001 0.046367999999999999 0.0017489999999999999 0.0028349999999999998 0.061080000000000009 0.022132999999999993 0 0 2
39 uniform 0 23 0.25725199999999998 1.0225739989065725 1 50 0.15234500000000001 0.0060600000000000003 0.084290999999999991 0.0018519999999999999 0.00047099999999999996 0.0024620000000000002 0.0088900000000000003 0.020951000000000001 0.021610000000000001 0 0.026620999999999999 0.00073399999999999995 0.0021649999999999998 0.0016540000000000001 0.0028319999999999999 0.055638999999999994 0.021134999999999994 0 0 3
39 uniform 1 0 0.467449 1.0212816404945131 1 50 0.374527 0.0059919999999999999 0.072424000000000002 0.0018120000000000002 0.000531 0.0024599999999999999 0.0090130000000000002 0.19989399999999999 0.063302999999999998 0 0.027004 0.00067100000000000005 0.0021680000000000002 0.0018959999999999999 0.0028829999999999997 0.041898999999999985 0.023004000000000004 0 0 0
39 uniform 1 7 0.261627 1.0222882004833764 1 50 0.15436 0.0061000000000000004 0.085972000000000007 0.0021299999999999999 0.00040800000000000005 0.0022829999999999999 0.0085640000000000004 0.021301 0.021350999999999998 0 0.026896 0.00081800000000000004 0.002062 0.001485 0.0028540000000000002 0.057010000000000005 0.021355999999999997 0 0 1
39 uniform 1 15 0.265602 1.0231263689387269 1 50 0.160057 0.0060089999999999996 0.084815999999999989 0.0018799999999999999 0.00052099999999999998 0.0026069999999999999 0.0088570000000000003 0.021131 0.021329000000000001 0 0.026306 0.00068099999999999996 0.010273000000000001 0.001536 0.0027170000000000002 0.056434999999999992 0.020804999999999997 0 0 2
39 uniform 1 23 0.266739 1.0236999454015114 1 50 0.147256 0.0058450000000000004 0.097460000000000005 0.0029329999999999998 0.00058200000000000005 0.0023119999999999998 0.0083920000000000002 0.014481000000000001 0.021987 0 0.0264 0.00074299999999999995 0.0022960000000000003 0.0014400000000000001 0.0027889999999999994 0.065002000000000004 0.02346899999999999 0 0 3
39 uniform 2 0 0.534107 1.0152840867496316 1 37 0.458648 0.0097079999999999996 0.050223000000000011 0.0020380000000000003 0.00065999999999999989 0.0022690000000000002 0.010073 0.19848499999999999 0.087067000000000005 0 0.028951000000000001 0.00078399999999999997 0.051467999999999993 0.0009859999999999999 0.0031359999999999995 0.029147999999999993 0.015098999999999998 0 0 0
39 uniform 2 7 0.29587200000000002 1.0161688855888416 1 51 0.17116899999999999 0.0088900000000000003 0.096838000000000021 0.0023259999999999999 0.00071199999999999996 0.0024229999999999998 0.010501999999999999 0.022308000000000001 0.022869 0 0.028827999999999999 0.00091100000000000003 0.003735 0.000959 0.0031029999999999999 0.064398000000000011 0.024433 0 0 1
39 uniform 2 15 0.273704 1.0172124995770049 1 51 0.163051 0.0063489999999999996 0.088219999999999993 0.0022920000000000002 0.00063600000000000006 0.0023500000000000001 0.0098019999999999999 0.023514 0.024962000000000002 0 0.028339 0.00082899999999999998 0.001768 0.001325 0.0029919999999999999 0.058303000000000008 0.021958000000000002 0 0 2
39 uniform 2 23 0.250635 1.0175126803367298 1 43 0.15909999999999999 0.005914 0.072493000000000002 0.001701 0.00043599999999999997 0.0023509999999999998 0.0098840000000000004 0.022702 0.024568 0 0.027133999999999998 0.00078899999999999999 0.0019250000000000001 0.001338 0.002702 0.048381999999999994 0.017644999999999994 0 0 3
39 uniform 3 0 0.45808399999999999 1.0105759604944786 1 43 0.37007600000000002 0.0089049999999999997 0.065608999999999973 0.0017420000000000001 0.00046200000000000006 0.0022889999999999998 0.0091970000000000003 0.1973 0.042722000000000003 0 0.027975 0.00073700000000000002 0.011577 0.001096 0.003248 0.036993999999999999 0.022152999999999985 0 0 0
39 uniform 3 7 0.27333200000000002 1.0112501479341649 1 43 0.180786 0.0086070000000000001 0.07098199999999999 0.0016319999999999998 0.00041899999999999999 0.002408 0.0090639999999999991 0.021114999999999998 0.021354999999999999 0 0.027990000000000001 0.00071900000000000002 0.019784 0.0010870000000000001 0.0031479999999999998 0.047325000000000006 0.017216999999999989 0 0 1
39 uniform 3 15 0.26713999999999999 1.012208333063604 1 43 0.16864299999999999 0.0083719999999999992 0.077284000000000005 0.0015770000000000001 0.00044900000000000002 0.0022910000000000001 0.0084110000000000001 0.020771999999999999 0.021146000000000002 0 0.027125 0.00076499999999999995 0.011916 0.0011230000000000001 0.0031210000000000001 0.052553000000000002 0.018236999999999989 0 0 2
39 uniform 3 23 0.42040699999999998 1.0134755913103113 1 43 0.32387700000000003 0.0084379999999999993 0.075163999999999995 0.00157 0.00046500000000000003 0.0021810000000000002 0.0084159999999999999 0.020920999999999999 0.021016 0 0.026591 0.00069999999999999999 0.16976999999999998 0.0010510000000000001 0.003114 0.05086099999999999 0.017858999999999996 0 0 3
39 uniform 4 0 0.46193400000000001 1.009603432221533 1 37 0.39504299999999998 0.0083840000000000008 0.043997999999999989 0.0018860000000000001 0.00062799999999999998 0.0024680000000000001 0.0091599999999999997 0.197687 0.07485 0 0.028479000000000001 0.00070200000000000004 0.003235 0.0010579999999999999 0.0029400000000000003 0.023047000000000002 0.015408000000000005 0 0 0
39 uniform 4 7 0.25099700000000003 1.0093623020594422 1 37 0.156079 0.008345 0.071755000000000013 0.0019290000000000002 0.00058500000000000002 0.002467 0.0088369999999999994 0.015174999999999999 0.021018999999999999 0 0.027311999999999999 0.00071000000000000002 0.003107 0.0010189999999999999 0.0029200000000000007 0.051271999999999991 0.014925999999999995 0 0 1
39 uniform 4 15 0.25075799999999998 1.0090856597512532 1 37 0.159217 0.0081560000000000001 0.068773000000000001 0.0018119999999999998 0.00055199999999999997 0.002529 0.0094210000000000006 0.018103999999999999 0.021621999999999999 0 0.027882000000000001 0.00071100000000000004 0.0033419999999999999 0.00090200000000000002 0.0027300000000000002 0.048939000000000017 0.014253999999999992 0 0 2
39 uniform 4 23 0.24190200000000001 1.0088131145999959 1 37 0.151311 0.0079389999999999999 0.068528000000000006 0.0017420000000000001 0.00049299999999999995 0.0023999999999999998 0.0086809999999999995 0.01413 0.021146000000000002 0 0.027548 0.00073499999999999998 0.0030929999999999998 0.00088099999999999995 0.0027269999999999998 0.047749 0.015225999999999995 0 0 3
40 linear 0 0 0.84451600000000004 2.7105920409045701 1 101 0.49313499999999999 0.010500000000000001 0.30880100000000005 0.0054900000000000001 0.0013649999999999999 0.003075 0.011001 0.193886 0.16692799999999999 0 0.027822 0.00086300000000000005 0.0020150000000000003 0.00088400000000000002 0.0036150000000000006 0.087201000000000042 0.02863499999999997 0.013933999999999998 0 0
40 linear 0 7 0.50915299999999997 2.7062666322760367 1 102 0.15561800000000001 0.010108000000000001 0.31121700000000002 0.0054359999999999999 0.0014840000000000001 0.0032399999999999998 0.011202 0.0062649999999999997 0.012774000000000001 0 0.029641000000000001 0.00090200000000000002 0.0020110000000000002 0.00077999999999999999 0.0033929999999999997 0.083654999999999979 0.029984000000000004 0.015305999999999998 0 1
40 linear 0 15 0.54652900000000004 2.6725818180420537 1 117 0.15293399999999999 0.010337000000000001 0.34876299999999993 0.0058879999999999991 0.001802 0.0030790000000000001 0.011284000000000001 0.0063 0.012992 0 0.028570000000000002 0.00090600000000000001 0.0019060000000000001 0.00078700000000000005 0.0035269999999999998 0.096737000000000004 0.032758000000000002 0.016813999999999996 0 2
40 linear 0 23 0.52556700000000001 2.6073696437500056 1 116 0.152278 0.010666 0.32799199999999978 0.0054910000000000002 0.001622 0.002905 0.011063 0.0059230000000000003 0.013138 0 0.027859999999999999 0.00088800000000000001 0.0018219999999999998 0.0011360000000000001 0.0035789999999999997 0.089844999999999953 0.033428999999999966 0.016480999999999996 0 3
40 linear 1 0 0.63580700000000001 2.5246801130977099 1 86 0.33562199999999998 0.009776 0.262992 0.0043229999999999996 0.00099200000000000004 0.0030479999999999999 0.011469999999999999 0.17777599999999999 0.023710999999999999 0 0.030443999999999999 0.0009810000000000001 0.0017960000000000001 0.00077499999999999997 0.0030889999999999997 0.072186000000000028 0.020997999999999996 0.011387000000000001 0 0
40 linear 1 7 0.45168599999999998 2.5547864258818991 1 86 0.160528 0.0095940000000000001 0.25520899999999996 0.0039389999999999998 0.00091799999999999998 0.0029910000000000002 0.011183999999999999 0.006045 0.023781 0 0.029309999999999999 0.00089400000000000005 0.00181 0.00064700000000000001 0.003068 0.065497999999999987 0.021582999999999995 0.011131999999999996 0 1
40 linear 1 15 0.50020799999999999 2.559149490039955 1 101 0.16193399999999999 0.0097809999999999998 0.29962399999999989 0.004359 0.0012310000000000001 0.002807 0.010668 0.0057250000000000001 0.023356999999999999 0 0.028802999999999999 0.00083900000000000001 0.00173 0.000638 0.0032550000000000001 0.081682000000000018 0.026144999999999991 0.014204000000000001 0 2
40 linear 1 23 0.50931999999999999 2.5315378505677981 1 109 0.15201899999999999 0.0099469999999999992 0.315583 0.0050339999999999994 0.0015000000000000002 0.0029429999999999999 0.010578000000000001 0.0048719999999999996 0.012397999999999999 0 0.030858 0.00091299999999999997 0.001903 0.00081499999999999997 0.0034010000000000004 0.085934999999999997 0.029209999999999972 0.015267999999999997 0 3
40 linear 2 0 0.68119799999999997 1.9543399996879096 1 108 0.316079 0.0080510000000000009 0.32814200000000004 0.0045909999999999996 0.0011670000000000001 0.003052 0.011427 0.165967 0.021676000000000001 0 0.028541 0.00084900000000000004 0.0011649999999999998 0.0020049999999999998 0.0035979999999999996 0.10874299999999999 0.038831999999999971 0.020676999999999987 0 0
40 linear 2 7 0.48071000000000003 2.0522858463833771 1 94 0.15634700000000001 0.0071409999999999998 0.29224199999999989 0.0039449999999999997 0.0011929999999999998 0.0029750000000000002 0.011155 0.011202 0.021812000000000002 0 0.027865000000000001 0.000852 0.0011120000000000001 0.001273 0.0029729999999999995 0.082768000000000008 0.031587999999999963 0.013991000000000003 0 1
40 linear 2 15 0.49156699999999998 2.1201564745434327 1 101 0.16564200000000001 0.010168999999999999 0.28593100000000005 0.0048460000000000005 0.0011360000000000001 0.002944 0.011004999999999999 0.007718 0.022245000000000001 0 0.027449000000000001 0.00087699999999999996 0.0020019999999999999 0.00080199999999999998 0.0034419999999999997 0.077419999999999989 0.027302999999999966 0.013615 0 2
40 linear 2 23 0.490896 2.1470753008435075 1 101 0.160075 0.0095289999999999993 0.29218400000000011 0.0042940000000000001 0.0012149999999999999 0.0029459999999999998 0.011042 0.0063569999999999998 0.02147 0 0.028861000000000001 0.00081899999999999996 0.0019440000000000002 0.00085999999999999998 0.0034320000000000002 0.078164999999999998 0.027362999999999974 0.013370000000000003 0 3
40 linear 3 0 0.43777500000000003 1.3667360187249562 1 66 0.31928499999999999 0.0091690000000000001 0.087706999999999979 0.0036710000000000007 0.00093999999999999997 0.0029819999999999998 0.011396999999999999 0.16373599999999999 0.022148000000000001 0 0.026915999999999999 0.00095699999999999995 0.0019959999999999999 0.0011429999999999999 0.0032519999999999997 0.039431000000000022 0.020111999999999984 0.010523000000000005 0 0
40 linear 3 7 0.27938400000000002 1.4010610477922862 1 66 0.161109 0.0090139999999999994 0.087931999999999969 0.0033369999999999997 0.00098299999999999993 0.002941 0.011350000000000001 0.0064089999999999998 0.021776 0 0.028275000000000002 0.00097599999999999998 0.0019299999999999999 0.001127 0.0031480000000000002 0.040185000000000019 0.019899000000000007 0.010450999999999998 0 1
40 linear 3 15 0.26695200000000002 1.4343390241974234 1 58 0.15632299999999999 0.0085950000000000002 0.084611999999999993 0.0026020000000000001 0.00074700000000000005 0.0028400000000000001 0.011087 0.0051450000000000003 0.021177000000000001 0 0.028132000000000001 0.00092800000000000001 0.001944 0.0010169999999999999 0.00299 0.041924000000000024 0.017677999999999992 0.0094869999999999954 0 2
40 linear 3 23 0.26519100000000001 1.4568828323579093 1 58 0.15218400000000001 0.0084960000000000001 0.087508999999999962 0.0023789999999999996 0.0007490000000000001 0.0028080000000000002 0.010359 0.0065279999999999999 0.021541000000000001 0 0.026974999999999999 0.00093300000000000002 0.0018500000000000001 0.0010740000000000001 0.0030119999999999995 0.041126000000000017 0.018950999999999992 0.0096570000000000007 0 3
40 linear 4 0 0.41371799999999997 1.1211827033277788 1 51 0.32964199999999999 0.010215999999999999 0.057832000000000015 0.0027230000000000002 0.00080699999999999999 0.0028479999999999998 0.010678999999999999 0.18523800000000001 0.011560000000000001 0 0.028358000000000001 0.00093800000000000003 0.0020960000000000002 0.00116 0.0034720000000000003 0.027245000000000002 0.012537000000000005 0.0062549999999999975 0 0
40 linear 4 7 0.265735 1.1165719396519218 1 59 0.159751 0.0096760000000000006 0.078052999999999997 0.0028859999999999997 0.00097900000000000005 0.002882 0.011387 0.0052550000000000001 0.024572 0 0.027352999999999999 0.00093099999999999997 0.00189 0.001013 0.0032349999999999992 0.039036000000000001 0.014774000000000008 0.010628 0 1
40 linear 4 15 0.24412200000000001 1.1102343678045663 1 51 0.15704499999999999 0.008456 0.06282900000000001 0.0023829999999999997 0.00080499999999999994 0.002738 0.011704000000000001 0.0048450000000000003 0.023531 0 0.027431000000000001 0.00090499999999999999 0.0018270000000000001 0.001021 0.0032230000000000002 0.032967000000000003 0.011899000000000007 0.006225999999999998 0 2
40 linear 4 23 0.240953 1.1030760460615556 1 51 0.15451899999999999 0.0088439999999999994 0.061442999999999998 0.002222 0.00076900000000000004 0.0026310000000000001 0.011695000000000001 0.0046439999999999997 0.024341999999999999 0 0.026811999999999999 0.00081099999999999998 0.0018500000000000001 0.00070200000000000004 0.0030170000000000002 0.031241000000000005 0.012023000000000009 0.0061929999999999971 0 3
40 uniform 0 0 0.68280799999999997 2.5630262311096272 1 101 0.50144599999999995 0.011660999999999999 0.13545200000000002 0.0049559999999999995 0.0014519999999999999 0.00296 0.012364999999999999 0.19581299999999999 0.168297 0 0.030232999999999999 0.00092500000000000004 0.0019810000000000001 0.00092100000000000005 0.0035659999999999997 0.090461000000000014 0.029005000000000006 0 0 0
40 uniform 0 7 0.30525099999999999 2.5603502243755898 1 94 0.149862 0.010163999999999999 0.11730000000000004 0.0038469999999999997 0.0011460000000000001 0.0030500000000000002 0.010987 0.006012 0.011733 0 0.029260999999999999 0.00092599999999999996 0.001885 0.00072599999999999997 0.0030249999999999999 0.076635000000000023 0.026312999999999975 0 0 1
40 uniform 0 15 0.32615 2.5396740813561789 1 109 0.14816699999999999 0.010186000000000001 0.13713400000000001 0.0042139999999999999 0.001438 0.0029640000000000001 0.010545000000000001 0.0061630000000000001 0.012021 0 0.028469999999999999 0.00098200000000000002 0.0018150000000000002 0.00072300000000000001 0.003271 0.089313999999999963 0.030879999999999984 0 0 2
40 uniform 0 23 0.33183800000000002 2.4988320678527169 1 108 0.151645 0.010385999999999999 0.13924899999999996 0.0038570000000000002 0.001284 0.002686 0.010286 0.0059509999999999997 0.01166 0 0.032069 0.00091100000000000003 0.0017659999999999998 0.001013 0.0033370000000000001 0.08914500000000003 0.032928999999999972 0 0 3
40 uniform 1 0 0.47083999999999998 2.4454909216966572 1 86 0.32950800000000002 0.0096190000000000008 0.105402 0.003692 0.00098700000000000003 0.0028939999999999999 0.010529999999999999 0.177673 0.022113000000000001 0 0.027619999999999999 0.00089800000000000004 0.0018990000000000001 0.00070699999999999995 0.0029600000000000004 0.071309999999999985 0.021361000000000008 0 0 0
40 uniform 1 7 0.30770599999999998 2.4651365159545673 1 94 0.15754099999999999 0.0092720000000000007 0.112881 0.003973 0.0009720000000000001 0.0028389999999999999 0.010706 0.0061089999999999998 0.022423999999999999 0 0.029225999999999999 0.00093499999999999996 0.0017899999999999999 0.00069099999999999999 0.0029520000000000006 0.070234999999999992 0.028273999999999994 0 0 1
40 uniform 1 15 0.31524099999999999 2.4679525821731603 1 101 0.15502099999999999 0.0097160000000000007 0.12294600000000001 0.0037390000000000001 0.0011549999999999998 0.002774 0.010108000000000001 0.0060679999999999996 0.021479999999999999 0 0.029180999999999999 0.00087200000000000005 0.0017960000000000001 0.00067000000000000002 0.0031480000000000006 0.081301000000000026 0.026163999999999982 0 0 2
40 uniform 1 23 0.31795200000000001 2.44993662352385 1 109 0.14404400000000001 0.0096919999999999992 0.13436899999999999 0.0041190000000000003 0.001392 0.0027190000000000001 0.0098729999999999998 0.0049490000000000003 0.011363 0 0.029045000000000001 0.00085499999999999997 0.0017539999999999999 0.00078299999999999995 0.0030730000000000002 0.086911999999999989 0.03046699999999997 0 0 3
40 uniform 2 0 0.51630600000000004 2.0080118217959955 1 108 0.316992 0.0076540000000000002 0.16353299999999996 0.0042590000000000006 0.0012340000000000001 0.002813 0.010801 0.16412499999999999 0.021930000000000002 0 0.027727000000000002 0.00090700000000000004 0.0010860000000000002 0.0021199999999999999 0.0035869999999999999 0.10673500000000007 0.039140000000000001 0 0 0
40 uniform 2 7 0.31538899999999997 2.0944476417662616 1 94 0.159357 0.0071440000000000002 0.12462200000000001 0.0034980000000000002 0.0011090000000000002 0.0029480000000000001 0.011174999999999999 0.011377 0.024362999999999999 0 0.027820999999999999 0.00087100000000000003 0.0010939999999999999 0.0013179999999999999 0.0029170000000000003 0.079308999999999991 0.030226999999999987 0 0 1
40 uniform 2 15 0.31903100000000001 2.1510764793458663 1 101 0.16214899999999999 0.0098879999999999992 0.11761700000000001 0.0040549999999999996 0.0012020000000000002 0.0028110000000000001 0.010873000000000001 0.0077559999999999999 0.024070000000000001 0 0.02724 0.00088599999999999996 0.0018409999999999998 0.00074600000000000003 0.0032530000000000007 0.075228000000000017 0.027005999999999964 0 0 2
40 uniform 2 23 0.31846000000000002 2.1727126899086704 1 101 0.163331 0.0096640000000000007 0.11681199999999997 0.0038900000000000002 0.001018 0.002826 0.010827 0.0066189999999999999 0.023488999999999999 0 0.029249000000000001 0.00084599999999999996 0.0018009999999999999 0.00071199999999999996 0.003161000000000001 0.07427600000000005 0.027160999999999963 0 0 3
40 uniform 3 0 0.42198200000000002 1.3759402515177424 1 66 0.32017299999999999 0.0091590000000000005 0.071109000000000006 0.0035450000000000004 0.00083499999999999991 0.0029689999999999999 0.011140000000000001 0.163822 0.024553999999999999 0 0.027535 0.000941 0.0018740000000000002 0.0011119999999999999 0.0032299999999999998 0.039803999999999999 0.020294 0 0 0
40 uniform 3 7 0.260909 1.411723926717134 1 66 0.16062399999999999 0.0087240000000000009 0.070896000000000001 0.0029850000000000002 0.00089999999999999998 0.00282 0.011200999999999999 0.0063090000000000004 0.024091000000000001 0 0.028086 0.00089700000000000001 0.001823 0.001029 0.0030109999999999998 0.040000999999999988 0.019924999999999998 0 0 1
40 uniform 3 15 0.249199 1.4465543250131545 1 58 0.15837599999999999 0.0086960000000000006 0.065039 0.0023240000000000001 0.000745 0.0026670000000000001 0.010600999999999999 0.0049360000000000003 0.025579000000000001 0 0.028024 0.00099099999999999991 0.0019120000000000001 0.00097599999999999998 0.0029529999999999999 0.037634000000000001 0.017669999999999991 0 0 2
40 uniform 3 23 0.24946499999999999 1.470239086680786 1 58 0.154861 0.0085439999999999995 0.069381999999999985 0.002215 0.00074399999999999998 0.0027629999999999998 0.010377000000000001 0.0062859999999999999 0.024247000000000001 0 0.027438000000000001 0.000883 0.001867 0.00089800000000000004 0.0028609999999999998 0.040732999999999998 0.018925999999999995 0 0 3
40 uniform 4 0 0.39213999999999999 1.1230620365217701 1 43 0.33116600000000002 0.0088120000000000004 0.039468999999999997 0.0018360000000000002 0.00051800000000000001 0.0028189999999999999 0.010418999999999999 0.18510599999999999 0.012463999999999999 0 0.031147999999999999 0.00093899999999999995 0.0019940000000000001 0.0011119999999999999 0.0030579999999999991 0.02298 0.010045000000000002 0 0 0
40 uniform 4 7 0.21651799999999999 1.1183562728245622 1 43 0.156525 0.0085730000000000008 0.038942999999999998 0.001658 0.00047699999999999999 0.0029039999999999999 0.010814000000000001 0.0049839999999999997 0.021985000000000001 0 0.026877999999999999 0.00098299999999999993 0.0019840000000000001 0.0010579999999999999 0.0028860000000000001 0.022927000000000006 0.0095630000000000038 0 0 1
40 uniform 4 15 0.21096300000000001 1.1118903176327701 1 43 0.15067700000000001 0.0083459999999999993 0.039749 0.0014980000000000002 0.00056300000000000002 0.002686 0.010619999999999999 0.004803 0.021014999999999999 0 0.027451 0.00081700000000000002 0.001921 0.00101 0.0029130000000000002 0.023819 0.0095129999999999989 0 0 2
40 uniform 4 23 0.20796999999999999 1.1045904055519882 1 43 0.14837500000000001 0.0084290000000000007 0.039204999999999997 0.0015240000000000002 0.00052000000000000006 0.0026259999999999999 0.010566000000000001 0.004529 0.020885999999999998 0 0.027208 0.00079900000000000001 0.0018830000000000001 0.00070500000000000001 0.002611 0.023194000000000006 0.0095370000000000003 0 0 3
41 linear 0 0 0.56748100000000001 17.503655018351658 1 80 0.38121100000000002 0.011934 0.14542699999999997 0.0050480000000000004 0.0010160000000000002 0.0029350000000000001 0.01136 0.17977399999999999 0.063716999999999996 0 0.026907 0.00086499999999999999 0.002258 0.001175 0.0036389999999999999 0.054218999999999989 0.036323999999999981 0.012716000000000003 0 0
41 linear 0 7 0.41318300000000002 15.884652671574885 1 88 0.23283200000000001 0.011688 0.13842499999999994 0.0048860000000000006 0.001103 0.0028600000000000001 0.011239000000000001 0.044491999999999997 0.052625999999999999 0 0.026622 0.00083699999999999996 0.0022599999999999999 0.0012149999999999999 0.0036100000000000004 0.061711999999999996 0.040290000000000027 0.012000999999999998 0 1
41 linear 0 15 0.39196599999999998 14.473159444304855 1 88 0.21380099999999999 0.011457999999999999 0.13715699999999997 0.0046189999999999998 0.001049 0.0026589999999999999 0.010357 0.051673999999999998 0.033362999999999997 0 0.025413000000000002 0.00077099999999999998 0.0020669999999999998 0.00099299999999999996 0.003346 0.062079000000000002 0.038888000000000034 0.011964000000000002 0 2
41 linear 0 23 0.39595000000000002 13.215698991174115 1 88 0.21475900000000001 0.01124 0.14004799999999995 0.0047470000000000004 0.0011050000000000001 0.0025920000000000001 0.0099159999999999995 0.054415999999999999 0.033538999999999999 0 0.025690000000000001 0.00077200000000000001 0.0020170000000000001 0.00099799999999999997 0.003313 0.066065000000000013 0.037943000000000005 0.011998999999999999 0 3
41 linear 1 0 0.84259099999999998 208.93664462321223 1 118 0.52789900000000001 0.013109000000000001 0.26186500000000007 0.0074350000000000006 0.0014800000000000002 0.0030240000000000002 0.010937000000000001 0.16336300000000001 0.024230999999999999 0 0.027976999999999998 0.00090300000000000005 0.20356400000000002 0.0011509999999999999 0.0036270000000000004 0.12734099999999998 0.049428999999999966 0.020487999999999989 0 0
41 linear 1 7 0.867066 202.35298192898009 1 126 0.41623500000000002 0.012503 0.39532600000000001 0.0077970000000000001 0.001428 0.0028939999999999999 0.011439 0.036771999999999999 0.024111 0 0.028114 0.00090200000000000002 0.22019799999999998 0.001078 0.0035929999999999998 0.261239 0.052284999999999991 0.021312999999999992 0 1
41 linear 1 15 0.76985800000000004 191.36900894201975 1 110 0.40929399999999999 0.012213999999999999 0.31490999999999997 0.005738 0.001101 0.00266 0.010770999999999999 0.036672999999999997 0.022704999999999999 0 0.026956999999999998 0.00085700000000000001 0.217803 0.00097799999999999992 0.003452999999999999 0.19811300000000004 0.044014999999999992 0.018535000000000006 0 2
41 linear 1 23 0.82127799999999995 176.54740885946845 1 125 0.38567099999999999 0.012387 0.38446099999999989 0.0061960000000000001 0.001547 0.0027629999999999998 0.010389000000000001 0.033059999999999999 0.023643999999999998 0 0.027730999999999999 0.00088699999999999998 0.19587500000000002 0.00096299999999999999 0.0034579999999999997 0.24945399999999987 0.048062999999999967 0.020451999999999998 0 3
41 linear 2 0 0.57995200000000002 69.173728770128221 1 53 0.46555999999999997 0.0094579999999999994 0.082965999999999984 0.0037989999999999999 0.00068300000000000001 0.0026410000000000001 0.010067 0.173931 0.0332 0 0.026831000000000001 0.00084800000000000001 0.12962500000000002 0.001219 0.0033029999999999999 0.049802999999999986 0.014807000000000004 0.0063100000000000031 0 0
41 linear 2 7 0.57107300000000005 71.562927899487264 1 53 0.40138200000000002 0.0094540000000000006 0.13762999999999997 0.003908 0.00063100000000000005 0.0026159999999999998 0.0098289999999999992 0.044069999999999998 0.032391999999999997 0 0.027352000000000001 0.00089499999999999996 0.201956 0.0012080000000000001 0.0032809999999999996 0.10484599999999998 0.014455000000000004 0.0062949999999999994 0 1
41 linear 2 15 0.59119500000000003 74.620978324581614 1 53 0.40019199999999999 0.0093449999999999991 0.15984100000000004 0.003669 0.00076500000000000005 0.0026359999999999999 0.010442 0.043855999999999999 0.032410000000000001 0 0.028915 0.000825 0.19884000000000002 0.001175 0.003225 0.126498 0.014585000000000001 0.0062839999999999997 0 2
41 linear 2 23 0.50529100000000005 78.202517252551658 1 53 0.32843499999999998 0.0089910000000000007 0.14664099999999999 0.0033499999999999997 0.00063099999999999994 0.0024880000000000002 0.010052999999999999 0.043799999999999999 0.031916 0 0.026966 0.00075100000000000004 0.132355 0.0012030000000000001 0.0031149999999999997 0.11322699999999998 0.014412999999999994 0.0062860000000000034 0 3
41 linear 3 0 0.44504100000000002 4.5647840913995958 1 53 0.33778599999999998 0.0084670000000000006 0.076972999999999972 0.0036229999999999999 0.00084199999999999998 0.0029810000000000001 0.011089 0.18019299999999999 0.032820000000000002 0 0.025689 0.00085300000000000003 0.00062 0.0012179999999999999 0.0033259999999999995 0.036742999999999998 0.019269000000000001 0.0060490000000000006 0 0
41 linear 3 7 0.32519999999999999 4.7355024211797367 1 53 0.20798 0.0084659999999999996 0.086359999999999992 0.0039240000000000004 0.00073999999999999999 0.0028630000000000001 0.010619 0.051369999999999999 0.032333000000000001 0 0.026022 0.00077899999999999996 0.0006910000000000001 0.0011739999999999999 0.003202 0.047278999999999988 0.018486999999999993 0.0060410000000000004 0 1
41 linear 3 15 0.322681 4.9815304136029983 1 53 0.201098 0.010928999999999999 0.089229000000000017 0.0033760000000000001 0.0006150000000000001 0.0028050000000000002 0.010019 0.049882999999999997 0.031279000000000001 0 0.025517999999999999 0.00073700000000000002 0.00069499999999999998 0.001042 0.0031480000000000002 0.048728000000000007 0.019883000000000001 0.0060710000000000017 0 2
41 linear 3 23 0.32656600000000002 5.3200045006497243 1 53 0.20853099999999999 0.008208 0.088946999999999998 0.0031050000000000001 0.00064100000000000008 0.002617 0.0093559999999999997 0.051284999999999997 0.041728000000000001 0 0.024969999999999999 0.00074899999999999999 0.00065099999999999999 0.00097300000000000002 0.0030819999999999997 0.048888000000000001 0.01950000000000001 0.0060590000000000001 0 3
41 linear 4 0 0.42971999999999999 4.5904320409715655 1 53 0.33058399999999999 0.0081010000000000006 0.069791000000000006 0.0032820000000000002 0.00072999999999999996 0.0025300000000000001 0.0097160000000000007 0.177783 0.032120000000000003 0 0.025916000000000002 0.000727 0.00065399999999999996 0.001096 0.0030609999999999999 0.027938999999999995 0.02101600000000001 0.0060680000000000022 0 0
41 linear 4 7 0.32574999999999998 4.5733715419572851 1 53 0.209232 0.0082690000000000003 0.086515000000000009 0.0033509999999999998 0.00074800000000000008 0.002415 0.0093530000000000002 0.048488999999999997 0.040506 0 0.025419000000000001 0.00072599999999999997 0.00067199999999999996 0.0010460000000000001 0.0034230000000000003 0.046902999999999993 0.018171000000000003 0.0062369999999999969 0 1
41 linear 4 15 0.31892199999999998 4.5538358918418922 1 53 0.206674 0.008319 0.081694000000000003 0.0034990000000000004 0.00068800000000000003 0.0023640000000000002 0.010408000000000001 0.053020999999999999 0.034743000000000003 0 0.025207 0.00081800000000000004 0.00065799999999999995 0.0010280000000000001 0.0034429999999999999 0.039624000000000006 0.020737999999999993 0.0062069999999999998 0 2
41 linear 4 23 0.320828 4.5347355132847254 1 53 0.204822 0.0082150000000000001 0.086274999999999991 0.0031909999999999998 0.00065000000000000008 0.0024780000000000002 0.0098329999999999997 0.050511 0.035062999999999997 0 0.026690999999999999 0.00074600000000000003 0.00065399999999999996 0.00093700000000000001 0.0034189999999999997 0.045270999999999985 0.019890999999999992 0.0062049999999999987 0 3
41 uniform 0 0 0.52710699999999999 17.397860266695439 1 80 0.38402999999999998 0.012338 0.10228600000000004 0.0042440000000000004 0.00095 0.002578 0.010295 0.18354799999999999 0.068194000000000005 0 0.025756999999999999 0.00075000000000000002 0.0026069999999999999 0.0011360000000000001 0.0036680000000000007 0.052478999999999998 0.036480999999999993 0 0 0
41 uniform 0 7 0.38033400000000001 15.725812947778074 1 88 0.22351299999999999 0.011553000000000001 0.11594299999999999 0.0043990000000000001 0.00099299999999999996 0.002493 0.0097210000000000005 0.044326999999999998 0.051998999999999997 0 0.025943000000000001 0.00076499999999999995 0.0020869999999999999 0.0010039999999999999 0.0034459999999999998 0.061766000000000001 0.040321000000000017 0 0 1
41 uniform 0 15 0.354819 14.332818183170358 1 80 0.209871 0.01133 0.10693300000000003 0.0036549999999999998 0.00085300000000000003 0.002398 0.0091350000000000008 0.051519000000000002 0.031449999999999999 0 0.024867 0.00070399999999999998 0.0020330000000000001 0.00093599999999999998 0.00329 0.058059999999999994 0.036129000000000022 0 0 2
41 uniform 0 23 0.35975600000000002 13.147065410779923 1 80 0.208505 0.011200999999999999 0.11260699999999996 0.0042070000000000007 0.00096299999999999999 0.0023649999999999999 0.0089650000000000007 0.050743000000000003 0.03143 0 0.025402999999999998 0.00077499999999999997 0.002032 0.0009810000000000001 0.0034880000000000002 0.064007999999999995 0.035893999999999995 0 0 3
41 uniform 1 0 0.77967200000000003 208.11830755100905 1 118 0.53223500000000001 0.012847000000000001 0.19503800000000007 0.0069930000000000001 0.0015459999999999998 0.0030279999999999999 0.011126 0.16369 0.023231000000000002 0 0.027373000000000001 0.00087399999999999999 0.20826499999999998 0.001206 0.0036819999999999999 0.12532700000000008 0.049425999999999963 0 0 0
41 uniform 1 7 0.79982200000000003 202.70588056090034 1 126 0.41320099999999998 0.012137 0.33228200000000013 0.0069280000000000001 0.0013240000000000001 0.002833 0.011178 0.036956999999999997 0.022467000000000001 0 0.028608000000000001 0.00087000000000000001 0.21976099999999998 0.0010629999999999999 0.003493 0.25956599999999985 0.051134999999999958 0 0 1
41 uniform 1 15 0.71611400000000003 193.67750378734411 1 110 0.41044900000000001 0.012319 0.2598629999999999 0.0049829999999999996 0.0011050000000000001 0.0027369999999999998 0.010749 0.036797000000000003 0.023356999999999999 0 0.027507 0.00081599999999999999 0.21746599999999999 0.00097000000000000005 0.003496 0.19695699999999991 0.044033999999999948 0 0 2
41 uniform 1 23 0.75618600000000002 181.22044992890505 1 125 0.38702999999999999 0.012647 0.31847799999999987 0.0056130000000000008 0.0016609999999999997 0.0027260000000000001 0.010416 0.033229000000000002 0.023559 0 0.030657 0.00089499999999999996 0.196155 0.00091799999999999998 0.0035080000000000007 0.24936799999999981 0.047981999999999962 0 0 3
41 uniform 2 0 0.56904200000000005 69.731750731537687 1 53 0.46599600000000002 0.0095289999999999993 0.071958999999999995 0.003411 0.00065600000000000001 0.002709 0.010264000000000001 0.17378099999999999 0.035482 0 0.026664 0.00082100000000000001 0.13233200000000001 0.001317 0.0032640000000000004 0.049269 0.014771999999999999 0 0 0
41 uniform 2 7 0.558504 72.140938163416848 1 53 0.40188200000000002 0.0092669999999999992 0.126226 0.0031180000000000001 0.00058799999999999998 0.0025040000000000001 0.0096469999999999993 0.043986999999999998 0.034249000000000002 0 0.027314000000000001 0.00086799999999999996 0.20194400000000001 0.00116 0.0031090000000000002 0.10396400000000001 0.014219000000000006 0 0 1
41 uniform 2 15 0.57848699999999997 75.221324475218807 1 53 0.39867200000000003 0.0092599999999999991 0.14894500000000002 0.0034580000000000001 0.000678 0.00247 0.0096819999999999996 0.043783000000000002 0.033432999999999997 0 0.026749999999999999 0.00073399999999999995 0.19869899999999999 0.001137 0.0030620000000000005 0.12628200000000001 0.014546999999999997 0 0 2
41 uniform 2 23 0.49727900000000003 78.840430444373354 1 53 0.33218500000000001 0.0090620000000000006 0.13507600000000003 0.003176 0.00062500000000000001 0.0024989999999999999 0.01021 0.044123000000000002 0.033903999999999997 0 0.027390999999999999 0.000745 0.13237700000000002 0.001101 0.0030570000000000003 0.112649 0.014399999999999993 0 0 3
41 uniform 3 0 0.41145900000000002 4.5792916458673387 1 37 0.34300900000000001 0.0084250000000000002 0.045252999999999995 0.0021229999999999999 0.00058699999999999996 0.0030119999999999999 0.011224 0.18304400000000001 0.034546 0 0.025909999999999999 0.00086700000000000004 0.00062600000000000004 0.0011490000000000001 0.0032949999999999998 0.026604999999999997 0.013126000000000001 0 0 0
41 uniform 3 7 0.277084 4.7546341152349569 1 37 0.204179 0.0082939999999999993 0.049988999999999992 0.002055 0.00050199999999999995 0.002807 0.010267 0.051686000000000003 0.031748999999999999 0 0.025703 0.00089800000000000004 0.00063199999999999997 0.00115 0.0031429999999999995 0.032639999999999988 0.011797999999999998 0 0 1
41 uniform 3 15 0.27218900000000001 5.0095134315621728 1 37 0.19977200000000001 0.0081399999999999997 0.049659000000000002 0.0020470000000000002 0.00048200000000000001 0.0026510000000000001 0.0098259999999999997 0.050117000000000002 0.031363000000000002 0 0.025162 0.00073899999999999997 0.00064100000000000008 0.001062 0.0030499999999999998 0.031271 0.012883 0 0 2
41 uniform 3 23 0.28566000000000003 5.3659704486815434 1 37 0.21201600000000001 0.0081930000000000006 0.05078400000000001 0.0019729999999999999 0.00046900000000000002 0.0024130000000000002 0.009247 0.051223999999999999 0.044593000000000001 0 0.025087000000000002 0.00074899999999999999 0.00065900000000000008 0.001008 0.0029950000000000003 0.032217999999999997 0.013007000000000003 0 0 3
41 uniform 4 0 0.39360600000000001 4.6022730494905408 1 37 0.33150600000000002 0.0081799999999999998 0.039373999999999999 0.0018969999999999998 0.00055999999999999995 0.0025699999999999998 0.010253 0.17708699999999999 0.032093999999999998 0 0.026266000000000001 0.00073899999999999997 0.00066100000000000013 0.00115 0.0030349999999999999 0.020868999999999995 0.012935000000000006 0 0 0
41 uniform 4 7 0.27005600000000002 4.5847898985503379 1 37 0.198326 0.0081349999999999999 0.048952999999999976 0.0019469999999999999 0.00051099999999999995 0.0024239999999999999 0.0094889999999999992 0.048502000000000003 0.031328000000000002 0 0.02597 0.00067500000000000004 0.00064599999999999998 0.001077 0.0029719999999999998 0.031501999999999988 0.011868000000000005 0 0 1
41 uniform 4 15 0.26958900000000002 4.5647404237161373 1 37 0.200487 0.0079950000000000004 0.04673299999999999 0.0019 0.00048599999999999994 0.0023760000000000001 0.0091350000000000008 0.051418999999999999 0.033423000000000001 0 0.025458999999999999 0.000736 0.00064599999999999998 0.001039 0.0029740000000000001 0.027771000000000001 0.013414000000000008 0 0 2
41 uniform 4 23 0.26425199999999999 4.5451082692713269 1 37 0.19301399999999999 0.0079380000000000006 0.049028999999999996 0.0018879999999999997 0.00046700000000000002 0.0023119999999999998 0.0088739999999999999 0.048605000000000002 0.030939000000000001 0 0.024605999999999999 0.000736 0.00066799999999999997 0.00096599999999999995 0.0029780000000000002 0.030718999999999996 0.012759000000000005 0 0 3
42 linear 0 0 1.0101910000000001 2337.2264957180282 1 143 0.57148399999999999 0.013769 0.36655199999999971 0.011978999999999998 0.0017859999999999998 0.0029910000000000002 0.010869999999999999 0.18943399999999999 0.032035000000000001 0 0.026903 0.00078799999999999996 0.20914599999999997 0.00070299999999999996 0.0038409999999999998 0.1774280000000002 0.073971999999999954 0.025740000000000002 0 0
42 linear 0 7 0.91744400000000004 2201.5201621333485 1 143 0.32738299999999998 0.013125 0.52170799999999995 0.01034 0.0014859999999999999 0.0030219999999999999 0.011292999999999999 0.051164000000000001 0.032119000000000002 0 0.027098000000000001 0.00084400000000000002 0.105821 0.00064300000000000002 0.0036620000000000008 0.33202999999999983 0.073624000000000051 0.025635999999999985 0 1
42 linear 0 15 1.073361 2044.4548165834547 1 151 0.39844200000000002 0.014104999999999999 0.59924099999999958 0.01153 0.0028930000000000002 0.0026619999999999999 0.010640999999999999 0.051034000000000003 0.031999 0 0.026557999999999998 0.00082600000000000002 0.17956800000000001 0.00058799999999999998 0.0039280000000000001 0.38800300000000021 0.083269000000000037 0.028256000000000031 0 2
42 linear 0 23 1.058152 1889.3558121771555 1 151 0.43021500000000001 0.014256 0.55565499999999957 0.0098029999999999975 0.001614 0.0025669999999999998 0.011153 0.052239000000000001 0.034410999999999997 0 0.026141999999999999 0.00072599999999999997 0.209337 0.00056599999999999999 0.0035429999999999997 0.35546699999999987 0.077845000000000164 0.026885999999999979 0 3
42 linear 1 0 0.76274900000000001 1180.0351241792223 1 82 0.53318900000000002 0.010988 0.19087100000000007 0.0054980000000000003 0.001111 0.0025539999999999998 0.010508 0.18195500000000001 0.022603000000000002 0 0.026797000000000001 0.00085300000000000003 0.20136300000000001 0.0013929999999999999 0.003222 0.11297300000000002 0.032992999999999995 0.013716000000000004 0 0
42 linear 1 7 0.68301599999999996 1273.9059424187326 1 66 0.37993199999999999 0.010772 0.26881199999999994 0.0039890000000000004 0.00092999999999999995 0.0028370000000000001 0.010800000000000001 0.041808999999999999 0.022383 0 0.027130999999999999 0.00094799999999999995 0.19047 0.0011640000000000001 0.003228 0.21724900000000008 0.021427999999999999 0.0093830000000000042 0 1
42 linear 1 15 0.70738800000000002 1349.5164199283049 1 66 0.40406300000000001 0.010541 0.27013699999999985 0.0035570000000000003 0.00077399999999999995 0.0025100000000000001 0.010161999999999999 0.044472999999999999 0.022134000000000001 0 0.027002999999999999 0.000825 0.21452199999999999 0.001124 0.0031679999999999994 0.21882799999999994 0.021194000000000005 0.0093530000000000019 0 2
42 linear 1 23 0.70074800000000004 1396.0574324577838 1 66 0.38722499999999999 0.010505 0.28059299999999998 0.003532 0.0007000000000000001 0.0025140000000000002 0.010148000000000001 0.044216999999999999 0.023375 0 0.026690999999999999 0.00086399999999999997 0.19726299999999999 0.001054 0.0030739999999999999 0.22903999999999999 0.021267999999999988 0.0093549999999999987 0 3
42 linear 2 0 0.54879 18.109585075790665 1 90 0.35295100000000001 0.014370000000000001 0.14788000000000004 0.0061130000000000004 0.0011920000000000001 0.0029150000000000001 0.011056 0.17508699999999999 0.034098000000000003 0 0.026498000000000001 0.00081800000000000004 0.0059349999999999993 0.000727 0.0035980000000000001 0.064495999999999998 0.04487600000000002 0.010002 0 0
42 linear 2 7 0.42170099999999999 19.875673352206931 1 90 0.218746 0.011306999999999999 0.16176399999999999 0.0054680000000000006 0.0012469999999999998 0.002846 0.010266000000000001 0.055909 0.033596000000000001 0 0.025717 0.00084900000000000004 0.0042600000000000008 0.0010499999999999999 0.0032760000000000003 0.082936999999999997 0.040523000000000003 0.0099579999999999964 0 1
42 linear 2 15 0.38478200000000001 21.273080385035581 1 74 0.213115 0.010904 0.13598400000000005 0.0038479999999999999 0.0010430000000000001 0.0026389999999999999 0.0098670000000000008 0.053594000000000003 0.033260999999999999 0 0.025756999999999999 0.00078399999999999997 0.0040299999999999997 0.00095299999999999996 0.0032509999999999995 0.072318999999999967 0.030842000000000005 0.0080820000000000024 0 2
42 linear 2 23 0.39677000000000001 22.0683892111762 1 74 0.21340700000000001 0.010936 0.147949 0.0037869999999999996 0.00085899999999999995 0.0025179999999999998 0.0091350000000000008 0.052075999999999997 0.033857999999999999 0 0.025760999999999999 0.00075900000000000002 0.0042849999999999997 0.00092800000000000001 0.0032029999999999997 0.082697999999999966 0.03233500000000001 0.0080980000000000028 0 3
42 linear 3 0 0.56067500000000003 16.888121876431683 1 99 0.35590699999999997 0.013899999999999999 0.15192000000000003 0.006592999999999999 0.001258 0.0027820000000000002 0.0095890000000000003 0.18657599999999999 0.034146999999999997 0 0.025884999999999998 0.00071299999999999998 0.005556000000000001 0.00065300000000000004 0.0036480000000000002 0.066650999999999988 0.043445000000000025 0.011073000000000001 0 0
42 linear 3 7 0.46746799999999999 16.241356548497492 1 99 0.223055 0.013653999999999999 0.191418 0.0064670000000000005 0.001317 0.0025959999999999998 0.0092770000000000005 0.051901999999999997 0.033362000000000003 0 0.025191999999999999 0.00077300000000000003 0.0057459999999999994 0.00064499999999999996 0.0034940000000000001 0.10569700000000004 0.043986000000000004 0.011032999999999999 0 1
42 linear 3 15 0.47143800000000002 15.625285658790798 1 99 0.226989 0.013243 0.19282700000000003 0.0059620000000000003 0.001191 0.0026589999999999999 0.0099950000000000004 0.058809 0.03381 0 0.026280000000000001 0.00079799999999999999 0.0054350000000000006 0.00061300000000000005 0.0035120000000000004 0.10677300000000003 0.044523 0.011019999999999997 0 2
42 linear 3 23 0.45111299999999999 15.102051021959317 1 99 0.2167 0.013184 0.18310500000000005 0.0056450000000000007 0.0011950000000000003 0.0026090000000000002 0.0091529999999999997 0.050304000000000001 0.031923 0 0.025231 0.00079799999999999999 0.0055539999999999999 0.000638 0.0034199999999999999 0.096664000000000055 0.044634000000000014 0.011074000000000001 0 3
42 linear 4 0 0.51402099999999995 7.227755323165594 1 53 0.392156 0.0084019999999999997 0.09251299999999997 0.0029500000000000004 0.000794 0.002477 0.010147 0.18257300000000001 0.042688999999999998 0 0.026343999999999999 0.00083900000000000001 0.046308999999999996 0.0011969999999999999 0.0032099999999999993 0.038350999999999996 0.025835 0.0055940000000000035 0 0
42 linear 4 7 0.425788 7.5093982436964906 1 53 0.26851700000000001 0.0082159999999999993 0.12780500000000003 0.00313 0.00072499999999999995 0.0024550000000000002 0.0096830000000000006 0.051662 0.084970000000000004 0 0.025583999999999999 0.00077200000000000001 0.011717 0.0011919999999999999 0.0031049999999999997 0.074013000000000009 0.025420000000000009 0.005583000000000002 0 1
42 linear 4 15 0.40217799999999998 7.8802452932349087 1 53 0.25146499999999999 0.0081049999999999994 0.12173900000000003 0.0031460000000000004 0.00064599999999999998 0.002333 0.0095320000000000005 0.051393000000000001 0.073449 0 0.025464000000000001 0.00072000000000000005 0.011793000000000001 0.0011640000000000001 0.0030329999999999992 0.068915000000000004 0.024468000000000004 0.0055810000000000018 0 2
42 linear 4 23 0.40534900000000001 8.3193932868088076 1 53 0.249194 0.0085290000000000001 0.123179 0.0031960000000000005 0.0006820000000000001 0.0023119999999999998 0.0091699999999999993 0.053719999999999997 0.073984999999999995 0 0.026262000000000001 0.00079900000000000001 0.0038849999999999996 0.0010989999999999999 0.0031609999999999997 0.070036999999999988 0.024939999999999997 0.0055810000000000018 0 3
42 uniform 0 0 0.91792499999999999 2267.3517716073738 1 143 0.57043999999999995 0.013716000000000001 0.27859800000000001 0.0099160000000000012 0.0017840000000000002 0.002882 0.011279000000000001 0.18909999999999999 0.032660000000000002 0 0.026404 0.00082899999999999998 0.20736499999999999 0.000727 0.0038860000000000001 0.17891299999999993 0.074147000000000005 0 0 0
42 uniform 0 7 0.85253100000000004 2143.7315161379884 1 151 0.32855299999999998 0.013306 0.45354999999999984 0.0097549999999999998 0.0015719999999999998 0.0028 0.010763999999999999 0.055286000000000002 0.031739000000000003 0 0.026377000000000001 0.00080999999999999996 0.10608799999999999 0.00062200000000000005 0.0034869999999999996 0.35082499999999989 0.07602200000000002 0 0 1
42 uniform 0 15 0.97052799999999995 1999.6934097729925 1 151 0.39988099999999999 0.014165000000000001 0.49789699999999998 0.0096950000000000005 0.0016909999999999998 0.002653 0.010465 0.051174999999999998 0.031898999999999997 0 0.026187999999999999 0.00082899999999999998 0.17954900000000001 0.00066200000000000005 0.0035830000000000002 0.38293199999999999 0.083838000000000024 0 0 2
42 uniform 0 23 0.97533199999999998 1855.9856437846677 1 151 0.44205499999999998 0.014526000000000001 0.46160100000000009 0.0091589999999999987 0.001653 0.00263 0.011594999999999999 0.052401999999999997 0.034839000000000002 0 0.026204999999999999 0.00074799999999999997 0.210539 0.000696 0.0037289999999999997 0.35569500000000009 0.078350000000000183 0 0 3
42 uniform 1 0 0.73126899999999995 1217.0729765549129 1 82 0.53451800000000005 0.011075 0.15977499999999992 0.0045629999999999993 0.001173 0.002598 0.01072 0.18567700000000001 0.022943999999999999 0 0.027512000000000002 0.00084699999999999999 0.198104 0.001335 0.0032209999999999999 0.11270799999999999 0.032830999999999978 0 0 0
42 uniform 1 7 0.66320800000000002 1291.5549310927511 1 66 0.380054 0.010954999999999999 0.24960299999999996 0.0033419999999999999 0.00097300000000000002 0.0026540000000000001 0.010662 0.041700000000000001 0.022116 0 0.027141999999999999 0.00085899999999999995 0.19051200000000001 0.0012099999999999999 0.0032190000000000005 0.21740799999999999 0.021422000000000014 0 0 1
42 uniform 1 15 0.68660900000000002 1346.2850612513914 1 66 0.40301700000000001 0.010409 0.25101599999999991 0.0031390000000000003 0.00074799999999999997 0.002598 0.0099710000000000007 0.044690000000000001 0.021850999999999999 0 0.027018 0.00085099999999999998 0.21443699999999999 0.001122 0.0031389999999999994 0.219081 0.02122700000000001 0 0 2
42 uniform 1 23 0.67829099999999998 1375.9775324253114 1 66 0.38485599999999998 0.010465 0.26070299999999996 0.003473 0.00073499999999999998 0.0024989999999999999 0.010063000000000001 0.044143000000000002 0.025170999999999999 0 0.026643 0.00089400000000000005 0.19400800000000001 0.0010300000000000001 0.003058 0.22834700000000002 0.021263000000000008 0 0 3
42 uniform 2 0 0.49649700000000002 18.31890728584267 1 74 0.35164200000000001 0.014493000000000001 0.10408499999999993 0.0038440000000000002 0.00094699999999999993 0.002934 0.011142000000000001 0.17507800000000001 0.034140999999999998 0 0.026806 0.00083299999999999997 0.0058500000000000002 0.00074200000000000004 0.0036750000000000003 0.056176999999999991 0.036696999999999994 0 0 0
42 uniform 2 7 0.39565800000000001 20.319983473035251 1 90 0.217692 0.011324000000000001 0.13686300000000007 0.0050080000000000003 0.0011609999999999997 0.002689 0.010024 0.055920999999999998 0.033508000000000003 0 0.025360000000000001 0.00083299999999999997 0.0043099999999999996 0.0010709999999999999 0.0033790000000000005 0.082773999999999973 0.040711000000000011 0 0 1
42 uniform 2 15 0.36215999999999998 21.534163582733601 1 74 0.21301300000000001 0.011063999999999999 0.11365699999999999 0.0034479999999999997 0.00093600000000000009 0.002532 0.0094490000000000008 0.053421000000000003 0.033210000000000003 0 0.026061000000000001 0.00086499999999999999 0.0041769999999999993 0.00097000000000000005 0.0032989999999999998 0.071732999999999991 0.030842000000000001 0 0 2
42 uniform 2 23 0.37187999999999999 22.056415968566714 1 74 0.21128 0.010891 0.125667 0.003258 0.00084099999999999995 0.002297 0.0089269999999999992 0.051955000000000001 0.035943999999999997 0 0.025769 0.00075900000000000002 0.0042569999999999995 0.00087399999999999999 0.0032079999999999999 0.082281999999999952 0.032278000000000008 0 0 3
42 uniform 3 0 0.48003400000000002 17.00108540927452 1 67 0.35691499999999998 0.013622 0.08421199999999994 0.0032749999999999997 0.00095 0.0028050000000000002 0.0094739999999999998 0.187026 0.034157 0 0.025957000000000001 0.00076099999999999996 0.0053020000000000003 0.00067100000000000005 0.0037489999999999993 0.046140999999999988 0.027979000000000007 0 0 0
42 uniform 3 7 0.37535000000000002 16.327453295445896 1 67 0.22306300000000001 0.013220000000000001 0.11385800000000003 0.0032959999999999999 0.00090799999999999995 0.0025230000000000001 0.0089370000000000005 0.051795000000000001 0.034250000000000003 0 0.025263000000000001 0.00076800000000000002 0.0056809999999999994 0.00062600000000000004 0.0072999999999999992 0.076298999999999992 0.027534000000000003 0 0 1
42 uniform 3 15 0.37041600000000002 15.691386650327791 1 67 0.22334000000000001 0.013158 0.10878299999999998 0.0031820000000000004 0.00087600000000000004 0.0024970000000000001 0.0089470000000000001 0.058674999999999998 0.033101999999999999 0 0.025409000000000001 0.00071000000000000002 0.0054130000000000003 0.00061499999999999999 0.0034969999999999992 0.070990000000000011 0.027714000000000003 0 0 2
42 uniform 3 23 0.36064200000000002 15.154536001170136 1 67 0.215118 0.01315 0.10695899999999998 0.0032780000000000005 0.00091300000000000007 0.0023809999999999999 0.0086910000000000008 0.050678000000000001 0.033161999999999997 0 0.024926 0.00075500000000000003 0.0055460000000000006 0.00063100000000000005 0.003565 0.068260999999999974 0.028642999999999998 0 0 3
42 uniform 4 0 0.47090500000000002 7.2463328172718624 1 37 0.39810800000000002 0.0083619999999999996 0.049748999999999988 0.0018990000000000001 0.00056999999999999998 0.0025230000000000001 0.009946 0.186723 0.044705000000000002 0 0.026350999999999999 0.00089499999999999996 0.046391000000000002 0.001289 0.0032340000000000003 0.028213999999999999 0.015946999999999996 0 0 0
42 uniform 4 7 0.363126 7.5319040715106258 1 37 0.26322899999999999 0.0081939999999999999 0.07703500000000002 0.0018290000000000001 0.00053200000000000003 0.002542 0.0097359999999999999 0.051401000000000002 0.085174 0 0.025248 0.00081300000000000003 0.011518 0.001155 0.0031129999999999994 0.055170999999999991 0.016181999999999995 0 0 1
42 uniform 4 15 0.349638 7.9088812908768187 1 37 0.25513400000000003 0.0081460000000000005 0.071817999999999993 0.0018389999999999999 0.00050100000000000003 0.0022230000000000001 0.0090600000000000003 0.051402000000000003 0.074317999999999995 0 0.025617000000000001 0.00070899999999999999 0.011823 0.001188 0.0030110000000000002 0.051142999999999994 0.015011999999999998 0 0 2
42 uniform 4 23 0.33982699999999999 8.3569125893698182 1 37 0.24398400000000001 0.0080859999999999994 0.073397000000000018 0.0018649999999999999 0.00047800000000000002 0.0022000000000000001 0.0089180000000000006 0.053866999999999998 0.074018 0 0.025513999999999998 0.00073200000000000001 0.0037080000000000004 0.0010380000000000001 0.0030300000000000006 0.051791000000000004 0.016013000000000006 0 0 3
43 linear 0 0 0.56589199999999995 1.0969369870012347 1 73 0.33918999999999999 0.007012 0.19204399999999991 0.0046799999999999993 0.00081499999999999997 0.0030820000000000001 0.010840000000000001 0.191302 0.022506000000000002 0 0.028348999999999999 0.00084699999999999999 0.0017620000000000001 0.0015590000000000001 0.0033059999999999999 0.075800999999999966 0.025123999999999994 0.0064370000000000026 0 0
43 linear 0 7 0.39113399999999998 1.0954532084308315 1 73 0.16575200000000001 0.006711 0.19453099999999993 0.0041999999999999997 0.000602 0.0031159999999999998 0.011275 0.021410999999999999 0.021811000000000001 0 0.026917 0.00081599999999999999 0.0017260000000000001 0.001377 0.0031929999999999997 0.083453000000000013 0.022911999999999991 0.0064390000000000011 0 1
43 linear 0 15 0.38978000000000002 1.0937969241437691 1 80 0.16367000000000001 0.0068989999999999998 0.19357900000000003 0.0041919999999999995 0.0007580000000000001 0.0028600000000000001 0.010744999999999999 0.021808000000000001 0.021353 0 0.027451 0.00084800000000000001 0.0016689999999999999 0.0015410000000000001 0.0030989999999999998 0.071133000000000002 0.028636000000000002 0.0084560000000000034 0 2
43 linear 0 23 0.39819199999999999 1.0921632402812014 1 80 0.16345100000000001 0.0065779999999999996 0.20258899999999996 0.0039890000000000004 0.00080000000000000004 0.0027339999999999999 0.010579 0.021208000000000001 0.021146000000000002 0 0.027213000000000001 0.00076300000000000001 0.0016309999999999999 0.001408 0.0030290000000000004 0.084935999999999984 0.027633999999999992 0.0082060000000000032 0 3
43 linear 1 0 0.72216199999999997 23.298007605993423 1 114 0.361757 0.0098289999999999992 0.31260999999999978 0.0085589999999999989 0.001225 0.0031619999999999999 0.011299999999999999 0.19350000000000001 0.033398999999999998 0 0.028306999999999999 0.00085099999999999998 0.0020010000000000002 0.00079600000000000005 0.0032060000000000001 0.12254400000000006 0.04839799999999999 0.022569999999999986 0 0
43 linear 1 7 0.52036099999999996 22.725731679814213 1 114 0.17022100000000001 0.0096179999999999998 0.30402600000000002 0.007585999999999999 0.0011969999999999999 0.0028909999999999999 0.011065999999999999 0.018884999999999999 0.022376 0 0.027497000000000001 0.00098999999999999999 0.001964 0.00051800000000000001 0.0027809999999999996 0.11903400000000004 0.04839100000000001 0.022411999999999998 0 1
43 linear 1 15 0.57722399999999996 21.66810456916291 1 121 0.173929 0.011083000000000001 0.34956600000000004 0.0078499999999999993 0.0011660000000000002 0.0028570000000000002 0.010954999999999999 0.021648000000000001 0.022218000000000002 0 0.026969 0.00088000000000000003 0.001794 0.000794 0.0032649999999999997 0.13663099999999997 0.052225999999999918 0.024413000000000021 0 2
43 linear 1 23 0.50767799999999996 20.134504634103184 1 104 0.182085 0.011511 0.28033000000000002 0.0059680000000000002 0.0013540000000000002 0.0029640000000000001 0.011805 0.022883000000000001 0.025427999999999999 0 0.027889000000000001 0.00083000000000000001 0.001951 0.00083799999999999999 0.003385 0.11543199999999995 0.044522999999999958 0.020726000000000019 0 3
43 linear 2 0 0.59128499999999995 1.0857969367541269 1 87 0.343698 0.012093 0.20734100000000005 0.0044550000000000006 0.00089400000000000015 0.0030590000000000001 0.012676 0.189662 0.025246000000000001 0 0.027063 0.00084199999999999998 0.001758 0.0021159999999999998 0.0036600000000000005 0.070774000000000017 0.032295999999999964 0.0095149999999999992 0 0
43 linear 2 7 0.400171 1.084384073520829 1 87 0.164603 0.0070270000000000003 0.20138800000000004 0.0042569999999999995 0.00083200000000000006 0.0028349999999999998 0.010576 0.022017999999999999 0.021250999999999999 0 0.026530000000000001 0.00089499999999999996 0.0017339999999999999 0.0017470000000000001 0.003284 0.082242000000000023 0.031723999999999981 0.009496000000000001 0 1
43 linear 2 15 0.37342500000000001 1.0826213916534642 1 80 0.16316600000000001 0.0067910000000000002 0.17417100000000008 0.0043340000000000002 0.00089100000000000008 0.0027729999999999999 0.010574999999999999 0.022185 0.021444999999999999 0 0.026688 0.00079199999999999995 0.001696 0.00166 0.003117 0.065468999999999986 0.030106999999999964 0.0086180000000000024 0 2
43 linear 2 23 0.38270999999999999 1.0802963615672379 1 87 0.175457 0.0095460000000000007 0.17016500000000009 0.0044529999999999995 0.00086600000000000002 0.0027850000000000001 0.010827 0.023673 0.021866 0 0.026950999999999999 0.00083000000000000001 0.003222 0.001044 0.0034529999999999999 0.092092000000000118 0.042033000000000043 0.013017000000000001 0 3
43 linear 3 0 0.42600100000000002 1.1120879976509037 1 53 0.33412500000000001 0.0084989999999999996 0.06177800000000002 0.0035659999999999997 0.00071900000000000002 0.0030270000000000002 0.011415 0.18349799999999999 0.021693 0 0.027803000000000001 0.00078399999999999997 0.0028609999999999998 0.00068900000000000005 0.0028669999999999998 0.027469999999999998 0.016448999999999998 0.0063060000000000026 0 0
43 linear 3 7 0.271202 1.1107421982175663 1 53 0.171707 0.0082129999999999998 0.069982000000000016 0.0032539999999999999 0.00064300000000000013 0.0030249999999999999 0.010956 0.021736999999999999 0.021106 0 0.027494000000000001 0.00082799999999999996 0.0027499999999999998 0.00070600000000000003 0.0027810000000000001 0.035771999999999991 0.016447 0.0062970000000000031 0 1
43 linear 3 15 0.25964900000000002 1.1092811517166186 1 53 0.162936 0.0080829999999999999 0.067688999999999999 0.003163 0.00065200000000000002 0.0027009999999999998 0.010529999999999999 0.018419999999999999 0.020944999999999998 0 0.028091999999999999 0.00080400000000000003 0.002738 0.00073300000000000004 0.002722 0.03275900000000001 0.017056999999999989 0.006304000000000004 0 2
43 linear 3 23 0.26136900000000002 1.107895324940682 1 53 0.16399900000000001 0.0079640000000000006 0.068631000000000025 0.0031400000000000004 0.0006069999999999999 0.002611 0.010383999999999999 0.020879999999999999 0.021559999999999999 0 0.027400999999999998 0.000803 0.0025599999999999998 0.00064199999999999999 0.002624 0.032816999999999992 0.017962999999999989 0.0063130000000000035 0 3
43 linear 4 0 0.42999399999999999 1.1010352380865764 1 53 0.33791500000000002 0.0087010000000000004 0.061193999999999991 0.0037219999999999996 0.00076399999999999992 0.0026310000000000001 0.011044 0.18402199999999999 0.021519 0 0.027609999999999999 0.00077399999999999995 0.002431 0.0010460000000000001 0.0030359999999999996 0.026462000000000006 0.016781000000000004 0.0063070000000000027 0 0
43 linear 4 7 0.26823900000000001 1.099538788038416 1 53 0.16961999999999999 0.0083639999999999999 0.068908000000000011 0.0033499999999999997 0.00068400000000000004 0.0028279999999999998 0.010895 0.021351999999999999 0.023133000000000001 0 0.027663 0.00086600000000000002 0.0021229999999999999 0.0010219999999999999 0.0028500000000000001 0.034917999999999998 0.016033000000000002 0.0063120000000000016 0 1
43 linear 4 15 0.25727800000000001 1.0978365145414659 1 53 0.162411 0.0081300000000000001 0.065878999999999993 0.0031470000000000001 0.00066200000000000005 0.002725 0.0098650000000000005 0.017378000000000001 0.022439000000000001 0 0.027570999999999998 0.00075199999999999996 0.0021180000000000001 0.00089499999999999996 0.0028090000000000003 0.031597000000000007 0.016395000000000007 0.0063050000000000033 0 2
43 linear 4 23 0.26191599999999998 1.0961412167700517 1 53 0.16462199999999999 0.0081419999999999999 0.06835200000000001 0.0030639999999999994 0.00070399999999999998 0.002637 0.0094590000000000004 0.021381000000000001 0.022266000000000001 0 0.027285 0.00073800000000000005 0.0020930000000000002 0.00086399999999999997 0.0029220000000000001 0.034709000000000011 0.015650000000000004 0.0062810000000000019 0 3
43 uniform 0 0 0.46214699999999997 1.0959852780529273 1 57 0.339638 0.0069750000000000003 0.098626999999999979 0.0024120000000000001 0.00056099999999999998 0.0027230000000000002 0.010614999999999999 0.19466800000000001 0.023888 0 0.027784 0.00079000000000000001 0.001719 0.0014419999999999999 0.0032030000000000001 0.068481000000000014 0.021444000000000008 0 0 0
43 uniform 0 7 0.29068899999999998 1.0945221466004385 1 57 0.166161 0.00662 0.10137600000000002 0.002271 0.000455 0.0028370000000000001 0.010076 0.020986999999999999 0.023417 0 0.026761 0.000892 0.0017690000000000002 0.0013780000000000001 0.0032589999999999997 0.073536000000000018 0.019169999999999993 0 0 1
43 uniform 0 15 0.28838900000000001 1.0929451531451559 1 64 0.16428200000000001 0.0067270000000000003 0.099137000000000031 0.0023500000000000001 0.00054300000000000008 0.0027889999999999998 0.010237 0.021406999999999999 0.02274 0 0.027328999999999999 0.00086899999999999998 0.0016679999999999998 0.001413 0.0032300000000000002 0.061524999999999989 0.024757999999999995 0 0 2
43 uniform 0 23 0.29230600000000001 1.0914499912298525 1 64 0.16059000000000001 0.0063290000000000004 0.107492 0.0022459999999999997 0.000553 0.0026849999999999999 0.0099699999999999997 0.020819000000000001 0.022634999999999999 0 0.027244000000000001 0.00075900000000000002 0.0016420000000000002 0.0013079999999999999 0.0030049999999999999 0.074576999999999991 0.023277999999999997 0 0 3
43 uniform 1 0 0.59971099999999999 22.707834688954517 1 114 0.36048000000000002 0.0096780000000000008 0.19198100000000001 0.0086959999999999989 0.0012110000000000001 0.0029550000000000002 0.011049 0.193246 0.035506000000000003 0 0.028039000000000001 0.00088999999999999995 0.0019919999999999998 0.00078700000000000005 0.0031329999999999995 0.12289800000000003 0.04847499999999999 0 0 0
43 uniform 1 7 0.41072199999999998 22.293624685190995 1 114 0.17674300000000001 0.0097109999999999991 0.18793499999999991 0.0076080000000000002 0.001031 0.002879 0.011087 0.018643 0.027706000000000001 0 0.027466999999999998 0.000892 0.0019690000000000003 0.00057499999999999999 0.0027879999999999997 0.11902699999999991 0.048232999999999977 0 0 1
43 uniform 1 15 0.41533500000000001 21.507271459801373 1 121 0.17585700000000001 0.0098219999999999991 0.19383199999999995 0.0072900000000000005 0.001108 0.002794 0.010964 0.021675 0.024919 0 0.027094 0.00089099999999999997 0.0018080000000000001 0.00085800000000000004 0.003088 0.12255500000000001 0.049758000000000024 0 0 2
43 uniform 1 23 0.389789 20.311306637107595 1 104 0.17385800000000001 0.010050999999999999 0.17416499999999999 0.005058 0.0013419999999999999 0.002758 0.010578000000000001 0.021673000000000001 0.024978 0 0.027400000000000001 0.00079500000000000003 0.0017799999999999999 0.00075500000000000003 0.003114 0.1102429999999999 0.042610000000000016 0 0 3
43 uniform 2 0 0.46450200000000003 1.086106337751177 1 71 0.33533099999999999 0.0071640000000000002 0.10216799999999995 0.0025960000000000002 0.00067400000000000001 0.0028249999999999998 0.011035 0.18824399999999999 0.021682 0 0.027459999999999998 0.00079699999999999997 0.0016979999999999999 0.0021250000000000002 0.0037380000000000004 0.063819000000000042 0.027661000000000002 0 0 0
43 uniform 2 7 0.30570599999999998 1.084804491914714 1 71 0.16724 0.0070130000000000001 0.11140000000000001 0.0027249999999999996 0.0006469999999999999 0.0027529999999999998 0.010555 0.021857000000000001 0.021314 0 0.026445 0.00086600000000000002 0.001732 0.0017700000000000001 0.0034350000000000001 0.072975000000000012 0.027730000000000001 0 0 1
43 uniform 2 15 0.27818700000000002 1.0831671637284461 1 64 0.16291900000000001 0.0068640000000000003 0.090270000000000045 0.0024490000000000002 0.00056400000000000005 0.0025920000000000001 0.010436000000000001 0.022075000000000001 0.021492000000000001 0 0.026817000000000001 0.00079199999999999995 0.0016850000000000001 0.001591 0.003078 0.054987000000000008 0.025667999999999986 0 0 2
43 uniform 2 23 0.33179799999999998 1.0806893658212873 1 71 0.171075 0.0094549999999999999 0.13124399999999994 0.0026389999999999999 0.00060300000000000002 0.002519 0.0097850000000000003 0.023435999999999998 0.021738 0 0.026669999999999999 0.00077999999999999999 0.0029940000000000001 0.001108 0.0032989999999999998 0.082677000000000028 0.036842000000000021 0 0 3
43 uniform 3 0 0.396702 1.1120988320582585 1 37 0.33127000000000001 0.0083339999999999994 0.038803000000000004 0.0020870000000000003 0.00059099999999999995 0.0026970000000000002 0.011032 0.183166 0.021786 0 0.027439999999999999 0.00083100000000000003 0.0027789999999999998 0.00067299999999999999 0.0027559999999999998 0.020912000000000004 0.012275000000000003 0 0 0
43 uniform 3 7 0.23419999999999999 1.1107644285846003 1 37 0.16689499999999999 0.0082430000000000003 0.044500000000000005 0.0018799999999999999 0.00053600000000000002 0.002689 0.010378 0.02163 0.021031999999999999 0 0.027334000000000001 0.00079900000000000001 0.0028029999999999999 0.00064700000000000001 0.0026779999999999998 0.026904000000000004 0.012008999999999999 0 0 1
43 uniform 3 15 0.23030200000000001 1.1093224082745143 1 37 0.16495799999999999 0.0082170000000000003 0.041803 0.0022950000000000002 0.00056100000000000008 0.002666 0.010694 0.018371999999999999 0.020947 0 0.027987000000000001 0.000852 0.0027690000000000002 0.00070299999999999996 0.002673 0.024016999999999997 0.012134000000000001 0 0 2
43 uniform 3 23 0.23191999999999999 1.1079639956810678 1 37 0.16630300000000001 0.0080549999999999997 0.042832000000000002 0.0020249999999999999 0.00050799999999999999 0.0028170000000000001 0.010279999999999999 0.020702000000000002 0.021503999999999999 0 0.028277 0.00081499999999999997 0.0025989999999999997 0.00060599999999999998 0.0025360000000000001 0.023927999999999994 0.013284000000000002 0 0 3
43 uniform 4 0 0.394538 1.1010686065429534 1 37 0.33488099999999998 0.0084729999999999996 0.036624000000000004 0.0019219999999999999 0.00047599999999999997 0.0026549999999999998 0.010758999999999999 0.184061 0.021694000000000001 0 0.03024 0.00073899999999999997 0.0021429999999999999 0.0011019999999999999 0.0029480000000000001 0.019523000000000002 0.011472999999999999 0 0 0
43 uniform 4 7 0.22953299999999999 1.0995729503872829 1 37 0.16450600000000001 0.0083890000000000006 0.042289 0.0019299999999999999 0.00049599999999999991 0.0024390000000000002 0.010038 0.021389999999999999 0.021049999999999999 0 0.027144999999999999 0.00081499999999999997 0.0021250000000000002 0.0010660000000000001 0.0029309999999999996 0.025354000000000005 0.011347000000000003 0 0 1
43 uniform 4 15 0.225351 1.0978707927830806 1 37 0.16173000000000001 0.0083700000000000007 0.040121999999999991 0.002068 0.00049899999999999999 0.0025539999999999998 0.0099270000000000001 0.017648 0.020858000000000002 0 0.027269999999999999 0.00073499999999999998 0.0022060000000000001 0.001047 0.0030010000000000002 0.022787999999999996 0.011793000000000001 0 0 2
43 uniform 4 23 0.23019999999999999 1.0961747192612286 1 37 0.16544700000000001 0.0081869999999999998 0.042144999999999988 0.00191 0.00049600000000000002 0.0028509999999999998 0.0094439999999999993 0.021226999999999999 0.020931999999999999 0 0.027459999999999998 0.00082799999999999996 0.0021939999999999998 0.001062 0.0029030000000000002 0.025602999999999997 0.011002 0 0 3
44 linear 0 0 0.52430500000000002 10.022444215542942 1 102 0.27394299999999999 0.010172 0.21068599999999998 0.0053380000000000007 0.001629 0.0030720000000000001 0.011356 0.116551 0.022738999999999999 0 0.028091999999999999 0.00084400000000000002 0.00066799999999999997 0.001284 0.0036750000000000003 0.10608500000000004 0.031877999999999976 0.015376999999999997 0 0
44 linear 0 7 0.415099 9.8550607070762535 1 87 0.1857 0.011166000000000001 0.190271 0.004823 0.0011610000000000001 0.0029450000000000001 0.011025 0.023602999999999999 0.025107999999999998 0 0.028223999999999999 0.00080599999999999997 0.00072400000000000003 0.0013190000000000001 0.0038399999999999997 0.097582999999999975 0.028496000000000011 0.013850000000000003 0 1
44 linear 0 15 0.40143200000000001 9.5217268699968383 1 87 0.18595200000000001 0.011013 0.17508399999999996 0.0048930000000000006 0.0011430000000000001 0.0031580000000000002 0.012409 0.025097999999999999 0.024736999999999999 0 0.027303000000000001 0.00079100000000000004 0.00066 0.001286 0.0036829999999999996 0.090985999999999997 0.026096000000000022 0.012960000000000001 0 2
44 linear 0 23 0.38838600000000001 9.0363943968378457 1 87 0.180477 0.010666999999999999 0.16820199999999996 0.0045799999999999999 0.00107 0.0030339999999999998 0.01251 0.023709000000000001 0.024634 0 0.027092999999999999 0.00072099999999999996 0.00060800000000000003 0.0011620000000000001 0.003586999999999999 0.086642999999999984 0.025785000000000009 0.012847000000000001 0 3
44 linear 1 0 0.47145999999999999 9.8062850787832758 1 87 0.25804100000000002 0.0095429999999999994 0.17678399999999994 0.0045009999999999998 0.001049 0.0029099999999999998 0.011905000000000001 0.101855 0.025183000000000001 0 0.027701 0.00077099999999999998 0.00066399999999999999 0.0012160000000000001 0.0035479999999999995 0.087531999999999999 0.027014999999999983 0.013353 0 0
44 linear 1 7 0.37595899999999999 9.3913583606737863 1 87 0.17238000000000001 0.009606 0.16538799999999995 0.0046290000000000003 0.0011850000000000001 0.0028600000000000001 0.011174999999999999 0.021447999999999998 0.021578 0 0.028410000000000001 0.00086799999999999996 0.00063999999999999994 0.0011559999999999999 0.0034709999999999997 0.088376999999999997 0.024663999999999991 0.012533999999999997 0 1
44 linear 1 15 0.42073500000000003 8.7740946236157082 1 110 0.162384 0.0095670000000000009 0.21357800000000005 0.0062740000000000001 0.0013959999999999999 0.0027529999999999998 0.011102000000000001 0.013129 0.021984 0 0.027833 0.000843 0.00060900000000000006 0.0011199999999999999 0.003356 0.11968799999999996 0.031407999999999964 0.015342999999999999 0 2
44 linear 1 23 0.40042100000000003 7.9895396534826935 1 95 0.163961 0.0094680000000000007 0.19563000000000005 0.005195 0.0011670000000000001 0.0028059999999999999 0.010939000000000001 0.007071 0.025007999999999999 0 0.028486000000000001 0.00081400000000000005 0.00059400000000000002 0.001212 0.0035169999999999997 0.11041300000000003 0.027519999999999989 0.013678999999999993 0 3
44 linear 2 0 0.42144199999999998 3.3893365211328788 1 59 0.31063600000000002 0.0091409999999999998 0.080366000000000035 0.003686 0.000852 0.0030070000000000001 0.011098999999999999 0.159445 0.022249000000000001 0 0.027841000000000001 0.000776 0.00059899999999999992 0.0012199999999999999 0.0033229999999999996 0.038957000000000006 0.017668999999999994 0.0088000000000000023 0 0
44 linear 2 7 0.30588500000000002 3.5185106877558474 1 59 0.196159 0.0090209999999999995 0.079548000000000008 0.0035310000000000003 0.00078300000000000006 0.0027439999999999999 0.01078 0.044160999999999999 0.021343999999999998 0 0.026984999999999999 0.00091799999999999998 0.00059500000000000004 0.0011900000000000001 0.0032589999999999997 0.038385000000000009 0.017583999999999999 0.0087810000000000006 0 1
44 linear 2 15 0.30175400000000002 3.7095282300442234 1 59 0.19092300000000001 0.008633 0.081447999999999993 0.0033139999999999997 0.00086899999999999998 0.002931 0.011213000000000001 0.043344000000000001 0.021680999999999999 0 0.026859999999999998 0.00080699999999999999 0.00061700000000000004 0.0010859999999999999 0.0031750000000000003 0.040637000000000013 0.017344000000000002 0.0087790000000000038 0 2
44 linear 2 23 0.316581 4.4232916674855538 1 73 0.18951299999999999 0.0090799999999999995 0.096694999999999975 0.0034760000000000004 0.0010189999999999999 0.0028370000000000001 0.010515 0.043774 0.021881000000000001 0 0.027309 0.00090399999999999996 0.00063200000000000007 0.001152 0.0030389999999999996 0.044431000000000012 0.022273999999999995 0.011235 0 3
44 linear 3 0 0.36121199999999998 1.2014201941080629 1 61 0.25107600000000002 0.0091559999999999992 0.075310000000000016 0.0042919999999999998 0.00099600000000000014 0.0030439999999999998 0.011634 0.094922000000000006 0.024160000000000001 0 0.026845999999999998 0.00085800000000000004 0.00060000000000000006 0.001261 0.0032889999999999998 0.036002999999999993 0.018620999999999999 0.0072430000000000003 0 0
44 linear 3 7 0.296794 1.2041144129246262 1 68 0.16239700000000001 0.0091050000000000002 0.099035999999999999 0.004522 0.0010020000000000001 0.002905 0.011087 0.0098029999999999992 0.023453999999999999 0 0.027491999999999999 0.00086700000000000004 0.00063699999999999998 0.001286 0.0032110000000000003 0.054733000000000018 0.021387999999999997 0.0080700000000000043 0 1
44 linear 3 15 0.29186600000000001 1.2057846998777033 1 68 0.15622800000000001 0.0084440000000000001 0.10223800000000004 0.0041190000000000003 0.00081800000000000004 0.0027950000000000002 0.010410000000000001 0.0072290000000000002 0.023414000000000001 0 0.027687 0.00085800000000000004 0.00059499999999999993 0.00099200000000000004 0.0031139999999999996 0.059076000000000004 0.020268999999999992 0.0080810000000000014 0 2
44 linear 3 23 0.286186 1.2059261777216455 1 68 0.15193599999999999 0.0087419999999999998 0.098119999999999971 0.0039760000000000004 0.00082200000000000003 0.0025089999999999999 0.010096000000000001 0.0067559999999999999 0.024 0 0.027295 0.00072000000000000005 0.00060999999999999997 0.0010579999999999999 0.0031570000000000005 0.053381000000000005 0.021676000000000008 0.0080770000000000026 0 3
44 linear 4 0 0.35660999999999998 1.1952582766319961 1 67 0.21969900000000001 0.0095239999999999995 0.10215899999999999 0.0039300000000000003 0.0010839999999999999 0.0027439999999999999 0.010795000000000001 0.069026000000000004 0.025124 0 0.027699999999999999 0.00080999999999999996 0.00057799999999999995 0.0011249999999999999 0.0032940000000000005 0.05240100000000001 0.023206999999999988 0.009760000000000003 0 0
44 linear 4 7 0.30692399999999997 1.187142587423355 1 67 0.151452 0.0088579999999999996 0.12181800000000001 0.0039299999999999995 0.0008479999999999999 0.002725 0.010239 0.0048890000000000001 0.024240999999999999 0 0.027925999999999999 0.000843 0.00059100000000000005 0.0010809999999999999 0.0031849999999999995 0.072908000000000001 0.02249799999999999 0.0097400000000000039 0 1
44 linear 4 15 0.29336099999999998 1.1787987257279051 1 67 0.14863000000000001 0.0093130000000000001 0.110877 0.0037390000000000001 0.00074299999999999995 0.0026120000000000002 0.010148000000000001 0.0047530000000000003 0.023817999999999999 0 0.027646 0.00071500000000000003 0.00060999999999999997 0.00097999999999999997 0.003107 0.061449999999999984 0.022987000000000011 0.0097400000000000004 0 2
44 linear 4 23 0.29577100000000001 1.171242295481191 1 67 0.15012 0.0090950000000000007 0.11172200000000004 0.0043249999999999999 0.00093400000000000004 0.0025630000000000002 0.010156999999999999 0.0047889999999999999 0.022532 0 0.029231 0.00075600000000000005 0.00058799999999999998 0.0010380000000000001 0.0030960000000000002 0.058290000000000008 0.025344000000000005 0.010572 0 3
44 uniform 0 0 0.46541100000000002 9.8803161835655722 1 102 0.27275300000000002 0.010134000000000001 0.15392100000000006 0.00462 0.0015069999999999999 0.0029160000000000002 0.011428000000000001 0.113511 0.022811000000000001 0 0.029089 0.00088400000000000002 0.00064500000000000007 0.001212 0.0035849999999999996 0.10549399999999998 0.032090999999999988 0 0 0
44 uniform 0 7 0.36344100000000001 9.7262721202518154 1 95 0.17666599999999999 0.012895999999999999 0.14588700000000002 0.004091 0.0012030000000000001 0.0027799999999999999 0.011023 0.022724999999999999 0.021842 0 0.027895 0.00086200000000000003 0.00065200000000000002 0.0011490000000000001 0.0036570000000000001 0.10130099999999997 0.029316999999999992 0 0 1
44 uniform 0 15 0.33963900000000002 9.4468962896351947 1 87 0.173484 0.0097000000000000003 0.12864100000000001 0.004274 0.0010380000000000001 0.0026779999999999998 0.010689000000000001 0.023791 0.021462999999999999 0 0.027025 0.00079000000000000001 0.00062 0.001173 0.0035190000000000004 0.089060999999999987 0.025726999999999993 0 0 2
44 uniform 0 23 0.33405099999999999 9.0530378979133577 1 87 0.17421700000000001 0.0094540000000000006 0.12310500000000001 0.0039119999999999997 0.0009859999999999999 0.0028370000000000001 0.011176 0.022532 0.021954000000000001 0 0.028211 0.00074700000000000005 0.00060099999999999997 0.001204 0.0034910000000000006 0.084176999999999974 0.025114999999999988 0 0 3
44 uniform 1 0 0.43246000000000001 9.6855498603709709 1 103 0.25337900000000002 0.0094649999999999995 0.13816699999999998 0.0053690000000000005 0.0011580000000000002 0.0027339999999999999 0.010782 0.10255400000000001 0.024125000000000001 0 0.026630999999999998 0.00089099999999999997 0.00060399999999999994 0.0011670000000000001 0.0034089999999999997 0.091377999999999932 0.030233999999999987 0 0 0
44 uniform 1 7 0.33354800000000001 9.3460705126545651 1 87 0.171519 0.0092530000000000008 0.12560600000000002 0.0037789999999999998 0.0010280000000000001 0.0026440000000000001 0.010699 0.020910000000000002 0.023612999999999999 0 0.027843 0.00090300000000000005 0.00062599999999999993 0.001132 0.0033480000000000007 0.087368999999999947 0.024458999999999974 0 0 1
44 uniform 1 15 0.37615300000000002 8.8451611522955886 1 110 0.16207099999999999 0.0095580000000000005 0.17069100000000006 0.0054800000000000005 0.0012569999999999999 0.002542 0.010617 0.013546000000000001 0.023266999999999999 0 0.026832999999999999 0.00078100000000000001 0.00064499999999999996 0.001178 0.0034610000000000001 0.11940199999999998 0.031369999999999981 0 0 2
44 uniform 1 23 0.351078 8.194325578489039 1 95 0.16170399999999999 0.009299 0.15099400000000002 0.0040820000000000006 0.0012019999999999999 0.0026949999999999999 0.010822999999999999 0.0070879999999999997 0.023615000000000001 0 0.028198999999999998 0.00083600000000000005 0.00060700000000000001 0.001248 0.0036489999999999995 0.10891100000000005 0.027007999999999994 0 0 3
44 uniform 2 0 0.40696300000000002 3.4117255921476644 1 59 0.31147399999999997 0.0090109999999999999 0.065591999999999998 0.0029829999999999995 0.00081499999999999997 0.0029719999999999998 0.011205 0.159576 0.024032999999999999 0 0.02733 0.00079799999999999999 0.00058600000000000004 0.0011950000000000001 0.0034869999999999996 0.038328000000000008 0.017655999999999991 0 0 0
44 uniform 2 7 0.29095599999999999 3.5449558275982103 1 59 0.19686500000000001 0.0086280000000000003 0.064965999999999996 0.0028760000000000001 0.00079500000000000003 0.0028089999999999999 0.010756999999999999 0.044146999999999999 0.023375 0 0.02664 0.00082700000000000004 0.00062999999999999992 0.001111 0.0031970000000000002 0.037971000000000005 0.017385000000000001 0 0 1
44 uniform 2 15 0.292238 3.745234926182968 1 59 0.19387399999999999 0.0088520000000000005 0.068670000000000009 0.003094 0.00077400000000000006 0.002604 0.010774000000000001 0.043152999999999997 0.023449000000000001 0 0.027028 0.00080999999999999996 0.00060700000000000001 0.0011490000000000001 0.0033099999999999996 0.041657999999999994 0.017452000000000002 0 0 2
44 uniform 2 23 0.30216799999999999 4.6188844341658681 1 73 0.19318099999999999 0.0089359999999999995 0.079350999999999991 0.0030800000000000003 0.00094799999999999995 0.0026099999999999999 0.010638 0.043950000000000003 0.023813999999999998 0 0.027081999999999998 0.00085300000000000003 0.00061800000000000006 0.00115 0.0031440000000000005 0.045043 0.022277999999999996 0 0 3
44 uniform 3 0 0.32710499999999998 1.202209743803057 1 45 0.25088500000000002 0.0090609999999999996 0.049180000000000001 0.002503 0.00072300000000000001 0.0029009999999999999 0.011372 0.094935000000000005 0.024820999999999999 0 0.026197999999999999 0.00083699999999999996 0.00060999999999999997 0.003751 0.0032250000000000004 0.029189 0.013172 0 0 0
44 uniform 3 7 0.25272 1.2050519234432131 1 52 0.15842600000000001 0.0089969999999999998 0.067418000000000006 0.0023990000000000001 0.00080099999999999995 0.0027039999999999998 0.010564 0.0098890000000000002 0.023987999999999999 0 0.026737 0.00081099999999999998 0.00061399999999999996 0.001077 0.0031349999999999998 0.043153000000000004 0.016490000000000001 0 0 1
44 uniform 3 15 0.25061600000000001 1.2068894187032706 1 52 0.15454000000000001 0.0087150000000000005 0.069444999999999993 0.0025649999999999996 0.000687 0.0025660000000000001 0.010168999999999999 0.0073470000000000002 0.023987000000000001 0 0.026762000000000001 0.00080900000000000004 0.00058599999999999993 0.0010870000000000001 0.0031329999999999995 0.045818999999999999 0.015872000000000001 0 0 2
44 uniform 3 23 0.245503 1.2071660655726415 1 52 0.15501999999999999 0.0086250000000000007 0.064187000000000022 0.00249 0.00063100000000000005 0.002673 0.010449999999999999 0.0070080000000000003 0.024368000000000001 0 0.027730000000000001 0.00080199999999999998 0.000629 0.00099299999999999996 0.003065 0.039729000000000007 0.016662 0 0 3
44 uniform 4 0 0.31960100000000002 1.1959954320665951 1 51 0.221776 0.0096360000000000005 0.069766000000000009 0.0025830000000000002 0.00073400000000000006 0.0027260000000000001 0.011013999999999999 0.069153000000000006 0.025260999999999999 0 0.029718999999999999 0.00080699999999999999 0.00060799999999999993 0.0011999999999999999 0.0032360000000000002 0.043073000000000007 0.018327999999999997 0 0 0
44 uniform 4 7 0.26092700000000002 1.1877622451138687 1 51 0.14905399999999999 0.0086479999999999994 0.085273000000000002 0.0024489999999999998 0.00068099999999999996 0.0025590000000000001 0.009835 0.0053940000000000004 0.021440000000000001 0 0.028065 0.00081700000000000002 0.00059899999999999992 0.0010059999999999999 0.003212 0.059200000000000003 0.017700000000000011 0 0 1
44 uniform 4 15 0.24454100000000001 1.1793168151436577 1 51 0.144898 0.0091610000000000007 0.072659000000000001 0.0023779999999999999 0.00059899999999999992 0.0024740000000000001 0.0096620000000000004 0.0049399999999999999 0.021080999999999999 0 0.027354 0.00076999999999999996 0.00058500000000000002 0.0010319999999999999 0.003091 0.046108000000000003 0.018169000000000012 0 0 2
44 uniform 4 23 0.25824200000000003 1.1716843924399116 1 59 0.14419699999999999 0.0091570000000000002 0.084422999999999956 0.0028399999999999996 0.00086300000000000005 0.002428 0.009469 0.0048719999999999996 0.020806000000000002 0 0.026749999999999999 0.00076199999999999998 0.00059400000000000002 0.00096699999999999998 0.0031740000000000006 0.051928999999999996 0.022609000000000011 0 0 3
45 linear 0 0 0.55634700000000004 79.287417653642748 1 74 0.39487899999999998 0.011641 0.12356400000000002 0.0046829999999999997 0.0011650000000000002 0.0029550000000000002 0.011002 0.19178799999999999 0.063737000000000002 0 0.027283999999999999 0.00086700000000000004 0.0047190000000000001 0.001163 0.0035550000000000004 0.053235999999999999 0.035661000000000005 0.0079850000000000008 0 0
45 linear 0 7 0.50370099999999995 81.853289128616794 1 74 0.25768400000000002 0.011225000000000001 0.20944100000000002 0.0041939999999999998 0.0010380000000000001 0.002892 0.010244 0.051520000000000003 0.073178000000000007 0 0.026526000000000001 0.000803 0.0044609999999999997 0.0011410000000000001 0.0033930000000000006 0.13757399999999997 0.037547000000000018 0.0079630000000000031 0 1
45 linear 0 15 0.456812 84.12888539109548 1 74 0.23385500000000001 0.010782999999999999 0.18771400000000002 0.0039750000000000002 0.00088000000000000014 0.002598 0.0093849999999999992 0.052914999999999997 0.051947 0 0.026186000000000001 0.00081800000000000004 0.004346 0.001186 0.0033960000000000001 0.11874100000000004 0.034646999999999997 0.0079520000000000025 0 2
45 linear 0 23 0.48829800000000001 85.643596273362633 1 74 0.25742300000000001 0.010803 0.19562300000000005 0.0037169999999999998 0.001003 0.002356 0.00911 0.049660999999999997 0.082933999999999994 0 0.025315000000000001 0.00076499999999999995 0.0042969999999999996 0.00094200000000000002 0.0032340000000000003 0.12782600000000002 0.033303000000000013 0.0079590000000000008 0 3
45 linear 1 0 0.71913800000000005 6353.9661409730688 1 66 0.44700899999999999 0.039599000000000002 0.21049699999999996 0.0038060000000000004 0.001062 0.0029190000000000002 0.010891 0.18997600000000001 0.022546 0 0.026341 0.00076300000000000001 0.109463 0.001328 0.003411 0.14854800000000004 0.018823999999999983 0.0065480000000000035 0 0
45 linear 1 7 0.56045199999999995 5698.2041741489593 1 66 0.311056 0.010004000000000001 0.21784400000000004 0.0033500000000000001 0.00094000000000000008 0.0029290000000000002 0.010699999999999999 0.051135 0.022145999999999999 0 0.026832999999999999 0.00086499999999999999 0.114727 0.001147 0.0032459999999999998 0.15615100000000001 0.018689000000000008 0.0066110000000000006 0 1
45 linear 1 15 0.65368199999999999 4812.4802219371459 1 66 0.39239400000000002 0.011287999999999999 0.22552 0.0032770000000000004 0.0010580000000000001 0.0026059999999999998 0.01129 0.052396999999999999 0.024760999999999998 0 0.026221000000000001 0.00083000000000000001 0.19426599999999999 0.001054 0.0033989999999999997 0.155555 0.02077600000000001 0.0074569999999999975 0 2
45 linear 1 23 0.63084899999999999 3752.1816022502608 1 59 0.39036999999999999 0.012052999999999999 0.2086390000000001 0.0028649999999999999 0.00092400000000000013 0.0024510000000000001 0.010263 0.052285999999999999 0.024191000000000001 0 0.025668 0.00077999999999999999 0.195997 0.001011 0.0034800000000000005 0.14346499999999995 0.019177000000000007 0.0057709999999999992 0 3
45 linear 2 0 0.68368300000000004 887.10227526376389 1 53 0.45127200000000001 0.0092359999999999994 0.20106900000000005 0.0039430000000000003 0.00076099999999999996 0.002542 0.011004 0.19126499999999999 0.021912999999999998 0 0.026145000000000002 0.00084900000000000004 0.107484 0.001186 0.0030140000000000002 0.10725199999999997 0.014780000000000003 0.0015479999999999999 0 0
45 linear 2 7 0.58990100000000001 890.96559576198251 1 46 0.39403899999999997 0.0077330000000000003 0.16827899999999993 0.003405 0.00064900000000000005 0.0025119999999999999 0.0098510000000000004 0.050879000000000001 0.031683999999999997 0 0.026054999999999998 0.00081499999999999997 0.19028400000000001 0.0010889999999999999 0.0029380000000000001 0.090091999999999978 0.013557 0.0015510000000000001 0 1
45 linear 2 15 0.63212699999999999 895.44733447229078 1 53 0.40115299999999998 0.0091909999999999995 0.20064900000000002 0.0033749999999999995 0.00069900000000000008 0.0023389999999999999 0.0091260000000000004 0.054112 0.031333 0 0.026387000000000001 0.00077499999999999997 0.19761699999999999 0.00107 0.0031470000000000001 0.107478 0.014454000000000002 0.0015460000000000001 0 2
45 linear 2 23 0.71366499999999999 1000.5983310869154 1 68 0.42614600000000002 0.012595 0.24841399999999994 0.0040660000000000002 0.00094900000000000008 0.0023080000000000002 0.0089969999999999998 0.050819999999999997 0.031940000000000003 0 0.026072000000000001 0.00087399999999999999 0.21829900000000002 0.0010020000000000001 0.0032900000000000004 0.14013399999999995 0.019354000000000003 0.0029819999999999998 0 3
45 linear 3 0 0.70299100000000003 49.907804235180862 1 83 0.51846999999999999 0.014298999999999999 0.13763400000000009 0.0050889999999999998 0.0014199999999999998 0.0028449999999999999 0.01081 0.179813 0.063703999999999997 0 0.025708000000000002 0.00086300000000000005 0.14090900000000001 0.00079600000000000005 0.0034350000000000006 0.057999999999999996 0.042085000000000004 0.0090870000000000048 0 0
45 linear 3 7 0.60475100000000004 51.537533731752561 1 83 0.26093100000000002 0.013769 0.29714700000000011 0.0052629999999999994 0.0010629999999999999 0.0026510000000000001 0.0099889999999999996 0.050134999999999999 0.075074000000000002 0 0.025985999999999999 0.000825 0.0052789999999999998 0.00064300000000000002 0.0034409999999999996 0.22014 0.039223000000000008 0.0090210000000000012 0 1
45 linear 3 15 0.58395699999999995 53.678270266551912 1 83 0.248667 0.013349 0.28949900000000006 0.0050619999999999997 0.00099899999999999989 0.002627 0.010238000000000001 0.050410999999999997 0.064276 0 0.025256000000000001 0.00081099999999999998 0.0053340000000000002 0.00074700000000000005 0.0033890000000000005 0.21291799999999997 0.039406000000000004 0.009021000000000003 0 2
45 linear 3 23 0.65289200000000003 56.221522067715192 1 99 0.25628899999999999 0.013252 0.34408500000000003 0.006398 0.0012019999999999999 0.0024870000000000001 0.0096069999999999992 0.051240000000000001 0.073852000000000001 0 0.025784999999999999 0.00073099999999999999 0.0052650000000000006 0.00068800000000000003 0.0034720000000000003 0.25287599999999999 0.048665999999999994 0.010914000000000004 0 3
45 linear 4 0 0.76082000000000005 2250.223942861795 1 46 0.58964000000000005 0.0069629999999999996 0.14540600000000004 0.0028910000000000003 0.00066399999999999999 0.0026129999999999999 0.010463999999999999 0.19347800000000001 0.065563999999999997 0 0.025562999999999999 0.00075900000000000002 0.210396 0.00093400000000000004 0.0024480000000000005 0.082249000000000017 0.015856000000000002 0.0029790000000000007 0 0
45 linear 4 7 0.62753499999999995 2278.8450940113889 1 46 0.44045299999999998 0.0072360000000000002 0.16000099999999998 0.0033340000000000002 0.00060400000000000004 0.0025609999999999999 0.010144 0.051116000000000002 0.063666 0 0.024951000000000001 0.000767 0.21016100000000001 0.00087699999999999996 0.0025119999999999999 0.098166000000000003 0.014917999999999996 0.0029779999999999997 0 1
45 linear 4 15 0.60485199999999995 2311.0543108616826 1 46 0.41712199999999999 0.0067089999999999997 0.16208800000000001 0.0029950000000000003 0.00059599999999999996 0.002568 0.010074 0.051070999999999998 0.064058000000000004 0 0.025092 0.00082299999999999995 0.18729999999999999 0.00093000000000000005 0.002418 0.099282999999999968 0.015140000000000001 0.0028570000000000006 0 2
45 linear 4 23 0.54835900000000004 2342.5533477450113 1 46 0.363923 0.0069670000000000001 0.15916000000000002 0.0027070000000000002 0.00053799999999999996 0.002415 0.0090840000000000001 0.055576 0.093647999999999995 0 0.024969000000000002 0.00068999999999999997 0.104797 0.00070399999999999998 0.0023160000000000004 0.097347999999999976 0.014551000000000001 0.002843 0 3
45 uniform 0 0 0.518451 76.515684583504012 1 66 0.38882299999999997 0.011838 0.094723000000000002 0.0036159999999999999 0.0009990000000000001 0.0027780000000000001 0.010355 0.19159100000000001 0.063499 0 0.026533000000000001 0.000754 0.004548 0.001091 0.0035430000000000006 0.051013999999999997 0.033719000000000006 0 0 0
45 uniform 0 7 0.45370100000000002 79.016430140386191 1 66 0.25499300000000003 0.011220000000000001 0.16504100000000002 0.0032390000000000001 0.00081700000000000002 0.00265 0.0097750000000000007 0.051480999999999999 0.073011999999999994 0 0.026372 0.00072900000000000005 0.004352 0.0011379999999999999 0.0033900000000000002 0.12595900000000002 0.02916100000000001 0 0 1
45 uniform 0 15 0.41366999999999998 81.400378225148089 1 66 0.23313400000000001 0.010963000000000001 0.14727300000000002 0.0033600000000000001 0.0007490000000000001 0.0025460000000000001 0.0092440000000000005 0.053053999999999997 0.052076999999999998 0 0.026009999999999998 0.00072999999999999996 0.00445 0.001088 0.0033080000000000002 0.10724000000000003 0.030197999999999996 0 0 2
45 uniform 0 23 0.47105799999999998 83.228270976291199 1 74 0.266235 0.010847000000000001 0.16974500000000006 0.0034410000000000005 0.00093800000000000003 0.0023259999999999999 0.0095180000000000004 0.049371999999999999 0.086068000000000006 0 0.026217000000000001 0.00078899999999999999 0.0045079999999999999 0.00097099999999999997 0.0033789999999999992 0.12522 0.03329200000000003 0 0 3
45 uniform 1 0 0.68639600000000001 6348.2473902667589 1 66 0.446959 0.038356000000000001 0.17993599999999996 0.0032730000000000003 0.00095500000000000001 0.0027629999999999998 0.010368 0.19000800000000001 0.022585999999999998 0 0.026304000000000001 0.00081400000000000005 0.10932700000000001 0.001157 0.0033729999999999993 0.15115700000000001 0.018770999999999989 0 0 0
45 uniform 1 7 0.52259500000000003 5818.6918523662862 1 66 0.30875999999999998 0.0099559999999999996 0.18339899999999998 0.0028780000000000003 0.00081099999999999987 0.0028930000000000002 0.010536 0.051174999999999998 0.021974 0 0.027269000000000002 0.000812 0.111678 0.0011770000000000001 0.0032630000000000003 0.15491399999999997 0.018528999999999993 0 0 1
45 uniform 1 15 0.59985900000000003 5065.9723296487773 1 66 0.38748199999999999 0.011193 0.18016600000000002 0.0028170000000000001 0.00089200000000000011 0.0026020000000000001 0.0095790000000000007 0.050962 0.021329000000000001 0 0.026145000000000002 0.00088599999999999996 0.19717599999999999 0.00097599999999999998 0.0033679999999999999 0.148477 0.020559999999999998 0 0 2
45 uniform 1 23 0.58755199999999996 4079.8424491545056 1 59 0.39076899999999998 0.012015 0.16543400000000005 0.00266 0.00085899999999999995 0.002434 0.010324 0.052392000000000001 0.024129999999999999 0 0.025819000000000002 0.00074100000000000001 0.19622400000000001 0.0009990000000000001 0.0033830000000000006 0.138377 0.017080000000000001 0 0 3
45 uniform 2 0 0.57087100000000002 887.1366064856677 1 37 0.45036399999999999 0.010415000000000001 0.09520500000000004 0.0019629999999999999 0.00064300000000000002 0.002532 0.010867999999999999 0.19367599999999999 0.025063999999999999 0 0.026204999999999999 0.00079299999999999998 0.10736899999999999 0.00117 0.0034040000000000003 0.078882000000000008 0.010543999999999998 0 0 0
45 uniform 2 7 0.48898599999999998 891.00076987908233 1 30 0.39597700000000002 0.0076649999999999999 0.073284999999999989 0.0015789999999999999 0.00054799999999999998 0.0024880000000000002 0.011049 0.052372000000000002 0.031696000000000002 0 0.026103000000000001 0.00077399999999999995 0.19015599999999999 0.0011919999999999999 0.0028910000000000003 0.059997000000000002 0.0087370000000000052 0 0 1
45 uniform 2 15 0.51658199999999999 895.48351229243337 1 37 0.39894200000000002 0.0089770000000000006 0.094730999999999996 0.0018699999999999999 0.00054500000000000002 0.0023509999999999998 0.0092160000000000002 0.053307 0.031210999999999999 0 0.026158000000000001 0.00080800000000000002 0.19697300000000001 0.0011329999999999999 0.00299 0.079219000000000026 0.0099350000000000046 0 0 2
45 uniform 2 23 0.59504500000000005 1040.7941157369817 1 52 0.42265000000000003 0.012482 0.14081600000000005 0.0025590000000000001 0.00076500000000000005 0.002323 0.0092440000000000005 0.050824000000000001 0.031758000000000002 0 0.026054000000000001 0.00091699999999999995 0.21477500000000002 0.00095100000000000002 0.0031510000000000002 0.11808100000000001 0.014867999999999999 0 0 3
45 uniform 3 0 0.65118500000000001 50.083016468915957 1 67 0.51959 0.014282 0.091774000000000022 0.00347 0.001098 0.0029290000000000002 0.010692999999999999 0.18054100000000001 0.063730999999999996 0 0.025815999999999999 0.000812 0.14125699999999999 0.00067699999999999998 0.0035369999999999993 0.049861000000000003 0.031854 0 0 0
45 uniform 3 7 0.51656800000000003 51.748942031962038 1 67 0.26099899999999998 0.016785999999999999 0.21247799999999997 0.0035700000000000003 0.00092500000000000004 0.0026280000000000001 0.010214000000000001 0.050361000000000003 0.073109999999999994 0 0.025926000000000001 0.00081899999999999996 0.0054520000000000002 0.00071199999999999996 0.0036489999999999999 0.17119800000000002 0.030960999999999995 0 0 1
45 uniform 3 15 0.48342000000000002 53.947130326797165 1 67 0.24574399999999999 0.013422999999999999 0.19873399999999994 0.0033740000000000003 0.00080999999999999996 0.002552 0.0092180000000000005 0.050398999999999999 0.063632999999999995 0 0.024781999999999998 0.00085300000000000003 0.0054409999999999997 0.00071900000000000002 0.003473 0.15744099999999994 0.030967999999999999 0 0 2
45 uniform 3 23 0.50514199999999998 56.576680300094296 1 67 0.25759599999999999 0.013237000000000001 0.20900000000000002 0.0035240000000000002 0.00076399999999999992 0.0023479999999999998 0.0091739999999999999 0.051149 0.073265999999999998 0 0.025350999999999999 0.00074799999999999997 0.0053480000000000003 0.00066600000000000003 0.0034079999999999996 0.16650100000000001 0.032449000000000013 0 0 3
45 uniform 4 0 0.66881900000000005 2257.2473452289396 1 30 0.58544799999999997 0.0071000000000000004 0.063774999999999998 0.0017639999999999999 0.00058100000000000003 0.0027309999999999999 0.010335 0.189831 0.065951999999999997 0 0.025325 0.00078399999999999997 0.21030799999999999 0.00094200000000000002 0.0024719999999999998 0.047792999999999995 0.011426000000000004 0 0 0
45 uniform 4 7 0.54111500000000001 2286.1338258696769 1 30 0.44084200000000001 0.0071089999999999999 0.080615999999999993 0.0018080000000000001 0.00050299999999999997 0.0026940000000000002 0.0098930000000000008 0.056369000000000002 0.063896999999999995 0 0.024847999999999999 0.000812 0.20779600000000001 0.00092500000000000004 0.0024559999999999998 0.065768999999999994 0.010323000000000002 0 0 1
45 uniform 4 15 0.52089099999999999 2318.6310303406312 1 30 0.41814499999999999 0.0067089999999999997 0.083912 0.0016819999999999999 0.00048300000000000003 0.0024780000000000002 0.0098670000000000008 0.051234000000000002 0.065837000000000007 0 0.025798999999999999 0.00089700000000000001 0.18714699999999998 0.00089400000000000005 0.0023939999999999999 0.068676000000000015 0.010720999999999998 0 0 2
45 uniform 4 23 0.45819799999999999 2350.396226379326 1 30 0.36180400000000001 0.0069030000000000003 0.07745500000000001 0.0017460000000000002 0.00048800000000000004 0.002336 0.0092200000000000008 0.050812999999999997 0.095587000000000005 0 0.02504 0.00076999999999999996 0.10486100000000001 0.00073499999999999998 0.0023289999999999995 0.062944 0.0099699999999999997 0 0 3
46 linear 0 0 0.48281800000000002 109.33478169852152 1 67 0.33449600000000002 0.013082999999999999 0.11119799999999998 0.0042840000000000005 0.0011780000000000002 0.002967 0.010240000000000001 0.17249100000000001 0.033793999999999998 0 0.025735999999999998 0.00084199999999999998 0.00082700000000000004 0.0012539999999999999 0.003588 0.068296000000000009 0.019316999999999994 0.0080010000000000029 0 0
46 linear 0 7 0.43748100000000001 104.32941928171003 1 67 0.21113799999999999 0.012664 0.18991899999999995 0.0038590000000000005 0.00115 0.0026090000000000002 0.0099419999999999994 0.052269999999999997 0.033718999999999999 0 0.025696 0.00082299999999999995 0.00079899999999999991 0.0011249999999999999 0.0033649999999999999 0.14743600000000007 0.018934999999999994 0.0079649999999999999 0 1
46 linear 0 15 0.430085 98.345420425954174 1 67 0.199097 0.012456999999999999 0.19530599999999998 0.0038089999999999999 0.0010429999999999999 0.0025760000000000002 0.0094789999999999996 0.045697000000000002 0.031317999999999999 0 0.025652999999999999 0.00076099999999999996 0.00078299999999999995 0.0010629999999999999 0.0032580000000000005 0.15213799999999997 0.019743999999999984 0.0079690000000000056 0 2
46 linear 0 23 0.42543799999999998 92.119152076984022 1 67 0.207069 0.012447 0.18267999999999998 0.0037259999999999997 0.00098200000000000002 0.0023749999999999999 0.0092329999999999999 0.051840999999999998 0.030837 0 0.028686 0.00075000000000000002 0.00079300000000000009 0.00097999999999999997 0.0032860000000000003 0.14018000000000003 0.019189999999999995 0.0079460000000000051 0 3
46 linear 1 0 0.375969 52.941287535723397 1 66 0.26206400000000002 0.0092510000000000005 0.082997999999999988 0.0035980000000000001 0.000977 0.0027759999999999998 0.010893999999999999 0.112038 0.022322999999999999 0 0.026950000000000002 0.00092599999999999996 0.00063599999999999996 0.0012769999999999999 0.0033000000000000004 0.041071000000000003 0.019439999999999999 0.0078560000000000036 0 0
46 linear 1 7 0.45040599999999997 46.806400976589025 1 66 0.18313399999999999 0.0087340000000000004 0.23707799999999998 0.0035969999999999995 0.00080499999999999994 0.0026819999999999999 0.010330000000000001 0.037940000000000002 0.021406999999999999 0 0.026681 0.00085899999999999995 0.00063900000000000003 0.0012049999999999999 0.0032059999999999996 0.19551200000000002 0.019147999999999998 0.0078519999999999996 0 1
46 linear 1 15 0.50933799999999996 37.564775430388437 1 82 0.182088 0.011377 0.28551599999999994 0.0055330000000000006 0.001003 0.0024239999999999999 0.0096570000000000007 0.034208000000000002 0.021937999999999999 0 0.026440000000000002 0.00077999999999999999 0.00081300000000000003 0.00098999999999999999 0.0033530000000000001 0.22707199999999994 0.026812999999999997 0.0095160000000000019 0 2
46 linear 1 23 0.46875800000000001 28.51205331575553 1 82 0.17521700000000001 0.010983 0.252332 0.0053990000000000002 0.001039 0.0023930000000000002 0.0095960000000000004 0.031364000000000003 0.021245 0 0.025968999999999999 0.00075799999999999999 0.00080099999999999995 0.0010300000000000001 0.0032799999999999999 0.19532900000000003 0.028920999999999985 0.0097320000000000063 0 3
46 linear 2 0 0.45985900000000002 3.4333113782472817 1 75 0.321876 0.012800000000000001 0.097922000000000009 0.0048540000000000007 0.001256 0.0027499999999999998 0.011216 0.165214 0.022016999999999998 0 0.027323 0.00079299999999999998 0.00080299999999999989 0.001121 0.003493 0.047575000000000006 0.025168000000000006 0.0089000000000000034 0 0
46 linear 2 7 0.53395700000000001 2.9037560716201263 1 75 0.203151 0.012323000000000001 0.29186300000000004 0.0041260000000000003 0.001297 0.0027409999999999999 0.010989000000000001 0.052034999999999998 0.021596000000000001 0 0.027653 0.00092400000000000002 0.00079899999999999991 0.0010300000000000001 0.0033600000000000001 0.2411100000000001 0.025495000000000014 0.0088929999999999999 0 1
46 linear 2 15 0.57987599999999995 2.3220315160581131 1 91 0.198656 0.012127000000000001 0.33552999999999994 0.0055040000000000002 0.0013470000000000001 0.0024750000000000002 0.010227 0.051332000000000003 0.020915 0 0.027002000000000002 0.00077800000000000005 0.00080000000000000004 0.001039 0.0032370000000000003 0.2727099999999999 0.031372999999999998 0.010922000000000001 0 2
46 linear 2 23 0.56928900000000004 1.7912329999152734 1 83 0.200623 0.012347 0.324714 0.0050540000000000003 0.001364 0.0024199999999999998 0.0097929999999999996 0.049914 0.023577000000000001 0 0.027699999999999999 0.00081300000000000003 0.00077600000000000011 0.00086200000000000003 0.0035089999999999995 0.26441599999999998 0.031098000000000008 0.010150999999999995 0 3
46 linear 3 0 0.50905100000000003 7.178829657878433 1 98 0.32550299999999999 0.015348000000000001 0.13139000000000001 0.0060000000000000001 0.0015389999999999998 0.0025119999999999999 0.010599000000000001 0.16304299999999999 0.023449999999999999 0 0.029739999999999999 0.00081899999999999996 0.0010380000000000001 0.00073899999999999997 0.0038990000000000001 0.060167000000000019 0.037066999999999989 0.011842999999999998 0 0
46 linear 3 7 0.62336800000000003 7.3518236303298368 1 98 0.200986 0.014401000000000001 0.37156099999999981 0.0058599999999999998 0.0013050000000000002 0.0023999999999999998 0.0098340000000000007 0.046737000000000001 0.020573000000000001 0 0.026075999999999998 0.00078100000000000001 0.00097499999999999996 0.000638 0.003529 0.30316599999999999 0.034895999999999996 0.011646999999999998 0 1
46 linear 3 15 0.63735900000000001 7.575944296192449 1 98 0.20227800000000001 0.01435 0.38452399999999992 0.0057210000000000013 0.001248 0.0024750000000000002 0.0098189999999999996 0.048299000000000002 0.020577999999999999 0 0.026015 0.00081400000000000005 0.00098999999999999999 0.00065600000000000001 0.0037100000000000002 0.31477700000000003 0.036341999999999985 0.011616999999999999 0 2
46 linear 3 23 0.64901600000000004 7.8369682511818759 1 106 0.19953199999999999 0.014374 0.39718900000000007 0.0059280000000000001 0.0013140000000000001 0.0024429999999999999 0.0094260000000000004 0.049574 0.020619999999999999 0 0.025113 0.00076900000000000004 0.0010169999999999999 0.00060400000000000004 0.0034780000000000002 0.32247899999999996 0.038636999999999977 0.012564000000000002 0 3
46 linear 4 0 0.4103 4.8733207591867274 1 61 0.29622500000000002 0.0085699999999999995 0.080905999999999992 0.0038399999999999997 0.0009990000000000001 0.002728 0.010699 0.146455 0.025593999999999999 0 0.027157000000000001 0.00083100000000000003 0.00058699999999999996 0.0011950000000000001 0.0030440000000000003 0.039487000000000015 0.020962999999999996 0.0072110000000000021 0 0
46 linear 4 7 0.435251 4.7135465970757808 1 61 0.18542700000000001 0.0082970000000000006 0.2170420000000001 0.0037029999999999997 0.00081099999999999998 0.0027160000000000001 0.010009000000000001 0.043869999999999999 0.021208999999999999 0 0.026582999999999999 0.00081300000000000003 0.00060700000000000001 0.0010989999999999999 0.0030389999999999996 0.17560399999999995 0.020675000000000006 0.0072400000000000016 0 1
46 linear 4 15 0.43413000000000002 4.5522626495779948 1 61 0.182614 0.0080510000000000009 0.219467 0.0036610000000000002 0.00075599999999999994 0.002591 0.0095700000000000004 0.043345000000000002 0.02103 0 0.02605 0.00072599999999999997 0.00058900000000000001 0.00106 0.0030469999999999998 0.17393900000000001 0.021486000000000005 0.010518999999999994 0 2
46 linear 4 23 0.444106 4.4094204495919547 1 61 0.1792 0.0080700000000000008 0.23283300000000007 0.003496 0.00072599999999999997 0.0023869999999999998 0.0096050000000000007 0.040929 0.022223 0 0.025575000000000001 0.00073200000000000001 0.00061499999999999999 0.001 0.0029919999999999999 0.19143599999999994 0.020951000000000001 0.0072390000000000032 0 3
46 uniform 0 0 0.47292699999999999 108.69626678775676 1 67 0.33662399999999998 0.013013 0.099972999999999965 0.0035590000000000001 0.0010640000000000001 0.0028760000000000001 0.010781000000000001 0.171179 0.034001999999999998 0 0.025727 0.00082899999999999998 0.00080400000000000003 0.0011429999999999999 0.0034709999999999997 0.068025000000000002 0.021817999999999987 0 0 0
46 uniform 0 7 0.42589199999999999 104.41400625613328 1 67 0.21452199999999999 0.012370000000000001 0.17602899999999996 0.0032669999999999999 0.00097199999999999999 0.002859 0.011216 0.052780000000000001 0.033910999999999997 0 0.026193000000000001 0.00080900000000000004 0.00081399999999999994 0.001008 0.0033990000000000001 0.14705500000000005 0.018930000000000002 0 0 1
46 uniform 0 15 0.41819400000000001 99.267887447028144 1 67 0.20257700000000001 0.012207000000000001 0.1809099999999999 0.0028809999999999999 0.00094200000000000002 0.0027169999999999998 0.0099860000000000001 0.045848 0.034084999999999997 0 0.025909999999999999 0.00072300000000000001 0.0007980000000000001 0.00092199999999999997 0.0033479999999999998 0.151033 0.019838000000000001 0 0 2
46 uniform 0 23 0.41272399999999998 93.865017616964664 1 67 0.209512 0.012285000000000001 0.16888200000000003 0.0030259999999999996 0.00089999999999999998 0.002428 0.0091339999999999998 0.055711999999999998 0.033596000000000001 0 0.025731 0.00076300000000000001 0.00079299999999999998 0.00085700000000000001 0.0033199999999999996 0.13961899999999999 0.019219000000000003 0 0 3
46 uniform 1 0 0.35937000000000002 53.598710675537745 1 66 0.25976700000000003 0.0090889999999999999 0.069917999999999994 0.0030720000000000001 0.0009140000000000001 0.0027599999999999999 0.010664 0.112136 0.023734000000000002 0 0.026641000000000001 0.00086399999999999997 0.000696 0.0010989999999999999 0.0031850000000000003 0.040468999999999963 0.019549000000000004 0 0 0
46 uniform 1 7 0.44063600000000003 48.561855887865057 1 66 0.187392 0.0089289999999999994 0.22334999999999999 0.0030209999999999994 0.00084800000000000001 0.0025100000000000001 0.010465 0.038143000000000003 0.023515999999999999 0 0.027081999999999998 0.00089800000000000004 0.00068199999999999999 0.0011900000000000001 0.003287 0.19424800000000003 0.019195999999999991 0 0 1
46 uniform 1 15 0.49234600000000001 39.9158263548007 1 82 0.18468899999999999 0.011370999999999999 0.26643099999999992 0.0050299999999999997 0.00097599999999999987 0.0025820000000000001 0.009887 0.034451000000000002 0.02358 0 0.026190000000000001 0.00084999999999999995 0.00077899999999999996 0.001003 0.003392 0.226852 0.026868 0 0 2
46 uniform 1 23 0.45329999999999998 30.596292460071602 1 82 0.17722099999999999 0.011091999999999999 0.23577999999999999 0.0047969999999999992 0.0010920000000000001 0.0024099999999999998 0.0095259999999999997 0.031192000000000001 0.022834 0 0.026357999999999999 0.00078200000000000003 0.00087200000000000005 0.00098200000000000002 0.003251 0.19776599999999997 0.025422999999999994 0 0 3
46 uniform 2 0 0.44281100000000001 3.7187161441735914 1 75 0.32083499999999998 0.012706 0.083479000000000025 0.0036900000000000001 0.0011900000000000001 0.0027520000000000001 0.011257 0.16506399999999999 0.022072999999999999 0 0.027296000000000001 0.00075000000000000002 0.00078199999999999993 0.001145 0.0033570000000000002 0.047126000000000008 0.025133000000000016 0 0 0
46 uniform 2 7 0.48347099999999998 3.1652570855397006 1 67 0.20394200000000001 0.012179000000000001 0.24293099999999998 0.0036319999999999998 0.00099600000000000014 0.0026380000000000002 0.010385999999999999 0.052060000000000002 0.021211000000000001 0 0.027319 0.000843 0.00082600000000000002 0.001049 0.0033360000000000009 0.20957300000000004 0.023268 0 0 1
46 uniform 2 15 0.45555099999999998 2.5139971297615822 1 67 0.19819300000000001 0.012175 0.22140899999999997 0.0032800000000000004 0.0010040000000000001 0.0027339999999999999 0.0098490000000000001 0.051443999999999997 0.020757999999999999 0 0.026675999999999998 0.00068900000000000005 0.00079399999999999989 0.00095399999999999999 0.00331 0.18881299999999995 0.022557999999999991 0 0 2
46 uniform 2 23 0.46063900000000002 1.8432894003169378 1 67 0.19095400000000001 0.011771 0.23447800000000002 0.0031269999999999996 0.0010300000000000001 0.0023739999999999998 0.0091579999999999995 0.048652000000000001 0.020431999999999999 0 0.026214000000000001 0.00079900000000000001 0.00075899999999999991 0.00089300000000000002 0.0032169999999999998 0.19960499999999995 0.024833999999999985 0 0 3
46 uniform 3 0 0.45413199999999998 7.2007570051938634 1 82 0.31489299999999998 0.014999 0.094956000000000013 0.003993 0.001183 0.0024710000000000001 0.010299000000000001 0.161167 0.021302999999999999 0 0.026689999999999998 0.00076800000000000002 0.0010169999999999999 0.00064899999999999995 0.0034789999999999999 0.053749999999999985 0.028895999999999981 0 0 0
46 uniform 3 7 0.53602000000000005 7.3777719706519838 1 82 0.19669600000000001 0.014409999999999999 0.29586499999999999 0.0038899999999999994 0.001103 0.002506 0.0092639999999999997 0.046552000000000003 0.020612999999999999 0 0.025999999999999999 0.000812 0.00097899999999999984 0.00061700000000000004 0.0034740000000000001 0.25466100000000003 0.02887799999999999 0 0 1
46 uniform 3 15 0.54051800000000005 7.6080523894168612 1 82 0.197463 0.014174000000000001 0.30044100000000001 0.0037419999999999997 0.0010059999999999999 0.002297 0.0092499999999999995 0.048291000000000001 0.020416 0 0.025628000000000001 0.00083900000000000001 0.00096400000000000001 0.00062799999999999998 0.0034610000000000001 0.25813199999999992 0.029888999999999975 0 0 2
46 uniform 3 23 0.60927699999999996 7.8778756608867795 1 90 0.19878399999999999 0.0146 0.36268099999999992 0.0050679999999999996 0.0013990000000000001 0.0022880000000000001 0.0090550000000000005 0.049626999999999998 0.020597000000000001 0 0.025534999999999999 0.00075299999999999998 0.0010330000000000001 0.00062299999999999996 0.0034319999999999997 0.29717899999999992 0.040892999999999999 0 0 3
46 uniform 4 0 0.38263599999999998 4.8900727399224797 1 45 0.29964299999999999 0.0098949999999999993 0.054648999999999982 0.0024750000000000002 0.00076899999999999994 0.002944 0.011863 0.147424 0.025090999999999999 0 0.027460999999999999 0.00081899999999999996 0.00062500000000000012 0.001232 0.0033779999999999991 0.032021999999999995 0.015696999999999999 0 0 0
46 uniform 4 7 0.37553799999999998 4.7274705948325968 1 45 0.191888 0.008633 0.15567299999999995 0.0023880000000000004 0.00071599999999999984 0.0027430000000000002 0.01098 0.045118999999999999 0.024618999999999999 0 0.026244 0.00078299999999999995 0.000602 0.0010989999999999999 0.0033409999999999994 0.13346199999999997 0.015132000000000005 0 0 1
46 uniform 4 15 0.380859 4.5637262681529478 1 45 0.19321099999999999 0.0084430000000000009 0.161162 0.002313 0.000629 0.0065449999999999996 0.010402 0.044788000000000001 0.024237000000000002 0 0.026151000000000001 0.00076400000000000003 0.00060800000000000003 0.001073 0.0033600000000000001 0.13806800000000002 0.016060000000000001 0 0 2
46 uniform 4 23 0.37146899999999999 4.4190006539813949 1 45 0.177341 0.0081320000000000003 0.16866900000000001 0.002271 0.00062600000000000004 0.002431 0.0093390000000000001 0.040945000000000002 0.020691000000000001 0 0.025495 0.00081300000000000003 0.0006150000000000001 0.0010529999999999999 0.0030210000000000002 0.14687700000000001 0.015055000000000002 0 0 3
47 linear 0 0 0.66840299999999997 4.7261100049086737 1 116 0.30900100000000003 0.01076 0.31250500000000009 0.0061279999999999998 0.0016900000000000001 0.0029399999999999999 0.011167 0.15969 0.011856 0 0.027092999999999999 0.00087000000000000001 0.0022539999999999999 0.0012570000000000001 0.0038409999999999994 0.085793000000000008 0.035577000000000004 0.015543999999999997 0 0
47 linear 0 7 0.52085999999999999 4.5431944481347974 1 115 0.15036099999999999 0.010817 0.32494799999999996 0.0056910000000000007 0.001374 0.0031410000000000001 0.011849999999999999 0.0060080000000000003 0.011849 0 0.026682000000000001 0.00075100000000000004 0.0020799999999999998 0.001258 0.0038670000000000002 0.098235000000000003 0.036998999999999976 0.015617000000000001 0 1
47 linear 0 15 0.65769599999999995 4.2626361818763971 1 123 0.26470199999999999 0.010655 0.34502499999999986 0.0061599999999999997 0.0017910000000000003 0.0030070000000000001 0.011302 0.0087639999999999992 0.022682999999999998 0 0.026893 0.00081099999999999998 0.10422700000000001 0.001258 0.0036240000000000001 0.10439299999999999 0.039620999999999996 0.017642999999999999 0 2
47 linear 0 23 0.59382999999999997 3.8942526396841046 1 108 0.260015 0.0091260000000000004 0.29291600000000007 0.0052760000000000003 0.0013089999999999998 0.0030270000000000002 0.011103 0.0067390000000000002 0.022522 0 0.027113999999999999 0.00078200000000000003 0.10034499999999999 0.0012290000000000001 0.0037260000000000001 0.085641999999999996 0.038794999999999989 0.016447999999999997 0 3
47 linear 1 0 0.63457200000000002 4.3189808431061136 1 94 0.29316900000000001 0.0075900000000000004 0.30610899999999985 0.0044320000000000002 0.0011529999999999999 0.003006 0.011669000000000001 0.144928 0.023413 0 0.027875 0.00084500000000000005 0.0013250000000000002 0.0017240000000000001 0.0031640000000000001 0.096330999999999986 0.035296000000000029 0.018822999999999999 0 0
47 linear 1 7 0.48065099999999999 4.3306462569355819 1 94 0.156803 0.0073130000000000001 0.28949599999999992 0.0041010000000000005 0.0010859999999999999 0.0030539999999999999 0.011317000000000001 0.0072139999999999999 0.022971999999999999 0 0.027917999999999998 0.00092699999999999998 0.0011920000000000001 0.0013290000000000001 0.0030140000000000002 0.08671199999999997 0.033366999999999966 0.014633999999999993 0 1
47 linear 1 15 0.497562 4.2786307388351323 1 101 0.15417 0.0077210000000000004 0.30839099999999986 0.0045829999999999994 0.0011150000000000001 0.003019 0.011316 0.0071459999999999996 0.023327000000000001 0 0.027126000000000001 0.00089899999999999995 0.0013090000000000001 0.0014430000000000001 0.0032119999999999996 0.095082999999999987 0.037389000000000006 0.014938999999999999 0 2
47 linear 1 23 0.52445600000000003 4.1556970979193597 1 109 0.168846 0.01136 0.31141799999999997 0.005254 0.0012770000000000001 0.0030460000000000001 0.011468000000000001 0.0068729999999999998 0.023768000000000001 0 0.027890000000000002 0.00093400000000000004 0.0019909999999999997 0.00088900000000000003 0.0036309999999999997 0.086899999999999991 0.032092999999999983 0.014479999999999996 0 3
47 linear 2 0 0.39682699999999999 2.368559937637194 1 66 0.28142099999999998 0.0092829999999999996 0.085252999999999954 0.0037450000000000001 0.0008789999999999999 0.0028869999999999998 0.011779 0.12504000000000001 0.023865999999999998 0 0.026964999999999999 0.00083799999999999999 0.0018760000000000001 0.001194 0.0034090000000000001 0.038619000000000014 0.018864000000000009 0.010453 0 0
47 linear 2 7 0.30670799999999998 2.3514418649691984 1 74 0.171845 0.0092239999999999996 0.10094099999999999 0.0045149999999999999 0.001145 0.0029199999999999999 0.011457999999999999 0.015980999999999999 0.023178000000000001 0 0.027688000000000001 0.00087100000000000003 0.001902 0.0011410000000000001 0.003176 0.04784999999999999 0.022615999999999997 0.011394000000000003 0 1
47 linear 2 15 0.28408899999999998 2.300320095699075 1 74 0.158666 0.0090109999999999999 0.092862000000000028 0.0039399999999999999 0.0011379999999999999 0.002954 0.011349 0.0071700000000000002 0.023123000000000001 0 0.027938999999999999 0.00089899999999999995 0.001838 0.00097000000000000005 0.0030049999999999994 0.042603000000000002 0.019348999999999995 0.010744999999999998 0 2
47 linear 2 23 0.30643500000000001 2.2237686339611078 1 81 0.15834599999999999 0.0089829999999999997 0.11475900000000006 0.00413 0.001289 0.0028 0.011108 0.0063860000000000002 0.024008000000000002 0 0.028378 0.00082299999999999995 0.0018119999999999998 0.00092500000000000004 0.0030980000000000001 0.056401999999999994 0.022594 0.011705 0 3
47 linear 3 0 0.47837400000000002 1.4969372330715898 1 89 0.305205 0.0093449999999999991 0.137763 0.0051159999999999999 0.0012360000000000001 0.003006 0.011200999999999999 0.14538000000000001 0.024337000000000001 0 0.027016999999999999 0.00091799999999999998 0.0022409999999999999 0.001078 0.0035329999999999992 0.072446999999999942 0.025297999999999991 0.010932999999999997 0 0
47 linear 3 7 0.33060600000000001 1.4415091922314101 1 89 0.16877600000000001 0.0089840000000000007 0.12742400000000001 0.0048279999999999998 0.0011540000000000001 0.0028159999999999999 0.010822999999999999 0.018173000000000002 0.022731999999999999 0 0.026946999999999999 0.00094300000000000004 0.00183 0.0010740000000000001 0.0033189999999999999 0.070439999999999961 0.023500999999999987 0.010773 0 1
47 linear 3 15 0.32697500000000002 1.3873586346249507 1 81 0.171045 0.0091059999999999995 0.12406999999999997 0.0041859999999999996 0.00091799999999999998 0.0027499999999999998 0.011209999999999999 0.018105 0.021309999999999999 0 0.027226 0.00092199999999999997 0.0019790000000000003 0.00107 0.0035049999999999999 0.07250700000000003 0.023033999999999995 0.0097880000000000033 0 2
47 linear 3 23 0.32048700000000002 1.3411056950503375 1 81 0.17078499999999999 0.0086320000000000008 0.11892799999999999 0.0038740000000000003 0.00088699999999999998 0.0028440000000000002 0.010683 0.018189 0.023678999999999999 0 0.027175000000000001 0.000803 0.0019300000000000001 0.0010300000000000001 0.0033669999999999998 0.068718999999999961 0.021610999999999995 0.0099190000000000007 0 3
47 linear 4 0 0.37273400000000001 1.3205270767075927 1 44 0.29441600000000001 0.0087790000000000003 0.052790000000000011 0.0025660000000000001 0.00069099999999999999 0.0026970000000000002 0.010675 0.143315 0.021892999999999999 0 0.027753 0.00082899999999999998 0.0020010000000000002 0.00099500000000000001 0.0030690000000000001 0.025905999999999998 0.011311000000000002 0.0055120000000000013 0 0
47 linear 4 7 0.23797399999999999 1.2930705381066716 1 44 0.159413 0.0085079999999999999 0.054549000000000007 0.0024499999999999999 0.00059200000000000008 0.0027109999999999999 0.010272 0.013056 0.021075 0 0.026515 0.00087399999999999999 0.001848 0.0010870000000000001 0.002957 0.027402999999999993 0.011623 0.0054919999999999995 0 1
47 linear 4 15 0.23710100000000001 1.2645890065419778 1 44 0.15399499999999999 0.0083000000000000001 0.059841999999999985 0.0023600000000000001 0.00053800000000000007 0.0026069999999999999 0.010428 0.0074310000000000001 0.020936 0 0.026872 0.00085300000000000003 0.0017979999999999999 0.000861 0.0028400000000000001 0.033761000000000006 0.010660000000000005 0.0054890000000000026 0 2
47 linear 4 23 0.24116399999999999 1.2389719115577928 1 44 0.15464600000000001 0.0087299999999999999 0.061778999999999994 0.0027169999999999998 0.00067200000000000007 0.002578 0.010470999999999999 0.0067099999999999998 0.021523 0 0.026231999999999998 0.00090300000000000005 0.0018759999999999998 0.00099200000000000004 0.0029780000000000002 0.035201999999999997 0.011014000000000005 0.0055000000000000005 0 3
47 uniform 0 0 0.48996699999999999 4.4988354596469415 1 116 0.30538500000000002 0.010676 0.13928999999999997 0.0052230000000000002 0.0014659999999999999 0.0030179999999999998 0.011266 0.15948399999999999 0.011825 0 0.027740999999999998 0.00085999999999999998 0.0019610000000000001 0.0011540000000000001 0.0038429999999999996 0.085461999999999982 0.03581699999999996 0 0 0
47 uniform 0 7 0.35000199999999998 4.3759804708376659 1 115 0.15266399999999999 0.010843 0.15252600000000002 0.0048529999999999997 0.0013919999999999998 0.0028999999999999998 0.011173000000000001 0.0059649999999999998 0.011296 0 0.026912999999999999 0.00086300000000000005 0.0018779999999999999 0.0013079999999999999 0.0037580000000000001 0.097188999999999928 0.037137999999999956 0 0 1
47 uniform 0 15 0.471221 4.1797713610940779 1 123 0.260104 0.010782 0.16394699999999987 0.0055259999999999997 0.0015119999999999999 0.0027980000000000001 0.010678 0.00596 0.021985000000000001 0 0.026773999999999999 0.00080099999999999995 0.10391399999999999 0.0011839999999999999 0.0037210000000000003 0.10446300000000004 0.03961499999999997 0 0 2
47 uniform 0 23 0.44446099999999999 3.9050340011465479 1 108 0.26430999999999999 0.0089700000000000005 0.14159300000000002 0.0040739999999999995 0.001196 0.0029260000000000002 0.011054 0.0068659999999999997 0.023174 0 0.027719000000000001 0.00078299999999999995 0.100009 0.001165 0.0036440000000000001 0.085335999999999981 0.038692999999999977 0 0 3
47 uniform 1 0 0.49242000000000002 4.2196150012230556 1 94 0.29091699999999998 0.0074339999999999996 0.16605400000000003 0.0037180000000000004 0.0011169999999999999 0.0030500000000000002 0.011329000000000001 0.14432900000000001 0.022012 0 0.027688999999999998 0.00091699999999999995 0.001292 0.001688 0.0031229999999999999 0.10532099999999993 0.041138999999999995 0 0 0
47 uniform 1 7 0.36704900000000001 4.2274506062012414 1 94 0.15701999999999999 0.0083580000000000008 0.17323799999999998 0.0036710000000000002 0.0011360000000000001 0.0041159999999999999 0.011053 0.0081370000000000001 0.024400999999999999 0 0.027186999999999999 0.00096900000000000003 0.0011429999999999999 0.0011670000000000001 0.0032299999999999998 0.10252799999999995 0.04722299999999998 0 0 1
47 uniform 1 15 0.379112 4.1906675622932372 1 101 0.15812699999999999 0.0084829999999999992 0.18469000000000008 0.003908 0.0011410000000000001 0.0040480000000000004 0.010949 0.0083210000000000003 0.024187 0 0.026780999999999999 0.00085700000000000001 0.0011559999999999999 0.0013470000000000001 0.0035479999999999999 0.11152299999999997 0.050430999999999941 0 0 2
47 uniform 1 23 0.34153699999999998 4.1023348683045215 1 101 0.167014 0.011417999999999999 0.13214399999999996 0.0041219999999999998 0.0011529999999999999 0.0029489999999999998 0.012239999999999999 0.0081989999999999997 0.024941000000000001 0 0.027975 0.000968 0.001915 0.000727 0.0033419999999999995 0.084899000000000002 0.030908999999999982 0 0 3
47 uniform 2 0 0.39148100000000002 2.39600671897569 1 74 0.28453499999999998 0.0090729999999999995 0.074481000000000006 0.0039529999999999999 0.001005 0.0029290000000000002 0.012815 0.125419 0.026381000000000002 0 0.027015999999999998 0.00091100000000000003 0.001879 0.001181 0.0033609999999999998 0.041214999999999995 0.021079999999999991 0 0 0
47 uniform 2 7 0.278055 2.3782498445039346 1 74 0.164435 0.0090650000000000001 0.081267999999999993 0.0036440000000000001 0.0010600000000000002 0.002797 0.011067 0.015866000000000002 0.020948999999999999 0 0.027525000000000001 0.00084599999999999996 0.0018259999999999999 0.0010859999999999999 0.0029989999999999999 0.046608999999999998 0.022510999999999982 0 0 1
47 uniform 2 15 0.25258199999999997 2.3250731997462646 1 66 0.15434100000000001 0.0090259999999999993 0.068322000000000022 0.003251 0.00081000000000000006 0.0027409999999999999 0.010644000000000001 0.0069109999999999996 0.020924999999999999 0 0.027786000000000002 0.00084699999999999999 0.0019009999999999999 0.001018 0.0030220000000000004 0.040300000000000009 0.017432000000000017 0 0 2
47 uniform 2 23 0.28467900000000002 2.245716368745311 1 81 0.15714700000000001 0.0089879999999999995 0.094780000000000059 0.0035920000000000001 0.001083 0.0028739999999999998 0.011195999999999999 0.0063639999999999999 0.021825000000000001 0 0.028705000000000001 0.00087900000000000001 0.001841 0.00096599999999999995 0.002993 0.059278999999999984 0.022674 0 0 3
47 uniform 3 0 0.44325999999999999 1.5004133861186519 1 89 0.29869499999999999 0.0093259999999999992 0.11078700000000001 0.0041749999999999999 0.0010690000000000001 0.0030249999999999999 0.011332999999999999 0.14479800000000001 0.021689 0 0.027507 0.00086799999999999996 0.0021050000000000001 0.001011 0.003458000000000001 0.072259000000000004 0.025244999999999993 0 0 0
47 uniform 3 7 0.30734699999999998 1.4444464920586542 1 89 0.16734299999999999 0.0091500000000000001 0.106443 0.003833 0.0010119999999999999 0.0028389999999999999 0.01086 0.018058999999999999 0.021212000000000002 0 0.026556 0.00088099999999999995 0.0018649999999999999 0.00099799999999999997 0.0033520000000000004 0.069744999999999988 0.023417999999999998 0 0 1
47 uniform 3 15 0.31699899999999998 1.3897452164564186 1 89 0.169847 0.0088629999999999994 0.11433900000000001 0.003656 0.00096400000000000001 0.0026319999999999998 0.010937000000000001 0.018002000000000001 0.021035999999999999 0 0.027056 0.00083500000000000002 0.0018180000000000002 0.00091 0.0033419999999999999 0.076174000000000033 0.024867999999999991 0 0 2
47 uniform 3 23 0.31566300000000003 1.3431237863746062 1 89 0.17002900000000001 0.0088800000000000007 0.11285400000000002 0.0038070000000000001 0.00096299999999999999 0.0026250000000000002 0.010770999999999999 0.018131999999999999 0.021281000000000001 0 0.027484000000000001 0.00082100000000000001 0.0019620000000000002 0.0011050000000000001 0.0032659999999999998 0.075869999999999965 0.023702999999999964 0 0 3
47 uniform 4 0 0.36304700000000001 1.3225471328631366 1 44 0.29489700000000002 0.008848 0.043143000000000008 0.0022680000000000001 0.00069499999999999998 0.0027529999999999998 0.010996000000000001 0.14338799999999999 0.022051000000000001 0 0.027352000000000001 0.00088400000000000002 0.001874 0.001047 0.0035729999999999994 0.025310999999999997 0.011189999999999999 0 0 0
47 uniform 4 7 0.23447100000000001 1.2948407710372483 1 44 0.165768 0.0084349999999999998 0.04521 0.0020439999999999998 0.00062999999999999992 0.0027000000000000001 0.010262 0.013082999999999999 0.023217000000000002 0 0.026554000000000001 0.00091500000000000001 0.0018900000000000002 0.0010250000000000001 0.0029019999999999996 0.02707300000000001 0.011534999999999997 0 0 1
47 uniform 4 15 0.22747800000000001 1.2661166210082833 1 44 0.15353800000000001 0.0082830000000000004 0.050733999999999987 0.0020109999999999998 0.00056400000000000005 0.0025639999999999999 0.010382000000000001 0.0074960000000000001 0.022786000000000001 0 0.027335000000000002 0.00081999999999999998 0.0018060000000000003 0.00095500000000000001 0.0029099999999999994 0.033494000000000003 0.010652 0 0 2
47 uniform 4 23 0.251608 1.2402867146728267 1 60 0.15550700000000001 0.0085109999999999995 0.066922999999999983 0.0039240000000000004 0.00074300000000000006 0.0025339999999999998 0.010148000000000001 0.0065789999999999998 0.023185000000000001 0 0.026282 0.000852 0.001951 0.001085 0.003006 0.042746999999999993 0.015201999999999992 0 0 3
48 linear 0 0 0.866892 1975.3411663478596 1 127 0.52579799999999999 0.0076930000000000002 0.2943360000000001 0.0072890000000000003 0.0017179999999999999 0.0030569999999999998 0.011167 0.17655699999999999 0.025881999999999999 0 0.027822 0.00085899999999999995 0.19275899999999999 0.001498 0.0036819999999999995 0.141789 0.064604000000000023 0.025246999999999999 0 0
48 linear 0 7 0.83592699999999998 2039.2435774275175 1 112 0.37203700000000001 0.0069909999999999998 0.42228700000000008 0.0060680000000000013 0.0013190000000000001 0.0027560000000000002 0.010838 0.029680000000000002 0.025094000000000002 0 0.027052 0.00084900000000000004 0.19056800000000002 0.0013320000000000001 0.0033440000000000002 0.29176000000000013 0.054698000000000011 0.021696999999999998 0 1
48 linear 0 15 0.86476900000000001 2079.1799992507654 1 112 0.37360700000000002 0.006698 0.44927700000000009 0.0060210000000000003 0.0013260000000000001 0.0026580000000000002 0.010439 0.030291999999999999 0.024478 0 0.026661000000000001 0.00080900000000000004 0.195803 0.00124 0.0032150000000000004 0.31790600000000019 0.054995999999999982 0.021623999999999987 0 2
48 linear 0 23 0.789663 2084.9933450086637 1 112 0.30352499999999999 0.0067530000000000003 0.44512199999999991 0.0057419999999999997 0.0012049999999999999 0.0027060000000000001 0.010552000000000001 0.030256999999999999 0.024136000000000001 0 0.026904999999999998 0.00082200000000000003 0.12419599999999999 0.0011590000000000001 0.0032080000000000003 0.31020399999999998 0.055713999999999986 0.021600000000000001 0 3
48 linear 1 0 0.72821199999999997 21.258356413685316 1 81 0.50605599999999995 0.011958999999999999 0.18096199999999996 0.0050260000000000001 0.001124 0.0030209999999999998 0.011516 0.18426799999999999 0.053203 0 0.027043000000000001 0.00084599999999999996 0.13552900000000001 0.001157 0.0035849999999999996 0.066155999999999993 0.046950999999999993 0.013275000000000012 0 0
48 linear 1 7 0.56303099999999995 22.533102607648939 1 81 0.33205699999999999 0.011452 0.19048799999999994 0.0051619999999999999 0.00096599999999999995 0.0028440000000000002 0.010640999999999999 0.058763000000000003 0.041647000000000003 0 0.026266999999999999 0.00076599999999999997 0.10410800000000001 0.001122 0.0034939999999999997 0.072834999999999983 0.046244999999999967 0.013321000000000008 0 1
48 linear 1 15 0.51455399999999996 23.347421461976158 1 89 0.235151 0.011254999999999999 0.23631199999999991 0.0054100000000000007 0.00092199999999999997 0.0028530000000000001 0.010534 0.058679000000000002 0.042622 0 0.027463000000000001 0.00085800000000000004 0.0046169999999999996 0.001034 0.0033319999999999999 0.087585000000000038 0.05782899999999995 0.016892999999999991 0 2
48 linear 1 23 0.56900600000000001 23.565496670008933 1 89 0.27541500000000002 0.011037999999999999 0.25088299999999997 0.0052759999999999994 0.0010059999999999999 0.002627 0.0097769999999999992 0.058577999999999998 0.087656999999999999 0 0.026757 0.00073499999999999998 0.0046480000000000002 0.0010480000000000001 0.0033240000000000001 0.098860000000000003 0.058929999999999975 0.01691899999999999 0 3
48 linear 2 0 0.64683100000000004 18.480837996683643 1 121 0.37839800000000001 0.011194000000000001 0.214563 0.0079400000000000009 0.001578 0.0026029999999999998 0.010147 0.18499099999999999 0.06225 0 0.027229 0.00072599999999999997 0.0045009999999999998 0.0011670000000000001 0.0032800000000000004 0.090906999999999974 0.069203999999999988 0.017714999999999998 0 0
48 linear 2 7 0.80838200000000004 17.872818218302687 1 96 0.52556899999999995 0.017066999999999999 0.22776700000000005 0.0065260000000000006 0.00125 0.0024060000000000002 0.0096600000000000002 0.059019000000000002 0.103646 0 0.025666999999999999 0.00070200000000000004 0.22859200000000002 0.00062699999999999995 0.0037549999999999992 0.10515400000000001 0.065648000000000012 0.016302000000000004 0 1
48 linear 2 15 0.546713 18.342931993678928 1 113 0.27012599999999998 0.012657 0.22347400000000006 0.0075840000000000005 0.0014649999999999999 0.002575 0.010092 0.055073999999999998 0.083321999999999993 0 0.026894000000000001 0.00083600000000000005 0.0043749999999999995 0.0011360000000000001 0.0036329999999999991 0.10380800000000001 0.066875000000000032 0.01711600000000001 0 2
48 linear 2 23 0.47086 18.610410557138284 1 105 0.244783 0.011514999999999999 0.178429 0.0063270000000000002 0.0013849999999999999 0.0025790000000000001 0.010774000000000001 0.058375000000000003 0.055572000000000003 0 0.026679999999999999 0.00074100000000000001 0.0045389999999999996 0.00095 0.0036280000000000006 0.076621999999999968 0.055989999999999998 0.014136000000000001 0 3
48 linear 3 0 0.60433099999999995 559.56032465175065 1 44 0.50257600000000002 0.0078480000000000008 0.079261999999999985 0.002333 0.000678 0.0030699999999999998 0.011235 0.18390000000000001 0.025374000000000001 0 0.029093000000000001 0.00090799999999999995 0.159105 0.0012899999999999999 0.0034659999999999999 0.051338999999999996 0.012030999999999995 0.005215 0 0
48 linear 3 7 0.56352800000000003 585.25709597728746 1 44 0.381027 0.0090670000000000004 0.15834599999999996 0.0025800000000000003 0.000687 0.0027039999999999998 0.010342 0.036227000000000002 0.021617000000000001 0 0.026662000000000002 0.00085300000000000003 0.19780599999999998 0.0011999999999999999 0.0033739999999999998 0.130825 0.011925 0.0052240000000000003 0 1
48 linear 3 15 0.63246199999999997 617.86768371015046 1 59 0.36810700000000002 0.0090150000000000004 0.23447199999999999 0.0034590000000000003 0.00095099999999999991 0.0028800000000000002 0.010754 0.036451999999999998 0.021897 0 0.027011 0.00088599999999999996 0.18472 0.001059 0.0032609999999999996 0.18989700000000001 0.020153000000000011 0.0087850000000000029 0 2
48 linear 3 23 0.65156999999999998 654.70698216303185 1 59 0.38536300000000001 0.0077489999999999998 0.23775900000000003 0.0033089999999999999 0.00097799999999999992 0.0025959999999999998 0.010322 0.036056999999999999 0.021406000000000001 0 0.026846999999999999 0.000767 0.20533799999999999 0.0011789999999999999 0.003173 0.18791400000000003 0.022044000000000005 0.0094880000000000034 0 3
48 linear 4 0 0.64818900000000002 4.3252371336650839 1 53 0.51058000000000003 0.0088520000000000005 0.10643400000000003 0.0040540000000000003 0.00083500000000000002 0.0028900000000000002 0.010949 0.193384 0.032355000000000002 0 0.026558999999999999 0.000901 0.16100700000000001 0.00125 0.0030750000000000005 0.058941999999999981 0.021992999999999995 0.0058280000000000033 0 0
48 linear 4 7 0.44983200000000001 4.3525198955807616 1 53 0.30824099999999999 0.0083759999999999998 0.11097899999999999 0.0039010000000000008 0.00073200000000000001 0.002928 0.010753 0.055141000000000003 0.031814000000000002 0 0.025718999999999999 0.00076400000000000003 0.103001 0.0010759999999999999 0.0030960000000000002 0.062778000000000014 0.023109000000000001 0.005816 0 1
48 linear 4 15 0.46409499999999998 4.3843267035521567 1 53 0.31198300000000001 0.0083389999999999992 0.121341 0.0041510000000000002 0.00061399999999999996 0.0026150000000000001 0.010271000000000001 0.055527 0.033454999999999999 0 0.025930999999999999 0.00073499999999999998 0.104463 0.0011119999999999999 0.0031079999999999997 0.074069999999999983 0.022093000000000005 0.0058189999999999995 0 2
48 linear 4 23 0.56445199999999995 4.4167291748406834 1 53 0.407526 0.010519000000000001 0.12432299999999998 0.0034590000000000003 0.00061000000000000008 0.0027079999999999999 0.010149999999999999 0.053938 0.032301000000000003 0 0.026041000000000002 0.00068099999999999996 0.20349600000000001 0.0011000000000000001 0.0038759999999999997 0.07482999999999998 0.022969000000000007 0.0060800000000000003 0 3
48 uniform 0 0 0.80165699999999995 1923.117750910015 1 127 0.52436899999999997 0.0074960000000000001 0.23094799999999982 0.0067500000000000008 0.0018250000000000002 0.0029229999999999998 0.010586 0.176542 0.024924999999999999 0 0.027549000000000001 0.00085899999999999995 0.19350000000000001 0.0012260000000000001 0.0035750000000000001 0.14297299999999993 0.064720999999999945 0 0 0
48 uniform 0 7 0.77802899999999997 1968.8018406486954 1 112 0.36990000000000001 0.0070609999999999996 0.3675199999999999 0.0052700000000000004 0.0013209999999999999 0.0027659999999999998 0.010407 0.029544000000000001 0.024552999999999998 0 0.026974999999999999 0.00084800000000000001 0.19006400000000001 0.001152 0.0032739999999999996 0.292269 0.05498100000000003 0 0 1
48 uniform 0 15 0.81514900000000001 1996.3710899063735 1 112 0.38216099999999997 0.0084759999999999992 0.39087100000000002 0.0052610000000000001 0.001248 0.0026589999999999999 0.010123 0.030032 0.025152000000000001 0 0.027156 0.00079500000000000003 0.20078099999999999 0.001279 0.0038300000000000001 0.31538200000000005 0.055107999999999956 0 0 2
48 uniform 0 23 0.72577499999999995 1999.6233996861138 1 112 0.30341200000000002 0.0066239999999999997 0.38254599999999983 0.0048869999999999999 0.0012540000000000001 0.002725 0.010614999999999999 0.030180999999999999 0.024409 0 0.027040000000000002 0.00085899999999999995 0.124139 0.0010169999999999999 0.0033300000000000005 0.30646999999999996 0.055705999999999888 0 0 3
48 uniform 1 0 0.674875 21.078604524297763 1 81 0.50903900000000002 0.011906 0.12534000000000001 0.0043800000000000002 0.001139 0.003114 0.010900999999999999 0.187947 0.053142000000000002 0 0.027264 0.00079600000000000005 0.135551 0.001116 0.0036940000000000002 0.065637000000000029 0.046747999999999991 0 0 0
48 uniform 1 7 0.49705899999999997 22.180152607905903 1 81 0.32618399999999997 0.011639999999999999 0.13154099999999996 0.0039440000000000005 0.00095299999999999996 0.0027850000000000001 0.010240000000000001 0.058878 0.041995999999999999 0 0.026058999999999999 0.00080000000000000004 0.099797999999999998 0.001109 0.0034089999999999997 0.07236999999999999 0.046278999999999994 0 0 1
48 uniform 1 15 0.41454000000000002 22.84198747020147 1 81 0.23799400000000001 0.011495999999999999 0.13647999999999999 0.0043180000000000007 0.00097800000000000014 0.0087600000000000004 0.0098969999999999995 0.058713000000000001 0.042117000000000002 0 0.026838000000000001 0.00081700000000000002 0.0044380000000000001 0.001073 0.003568 0.076449999999999962 0.046907999999999977 0 0 2
48 uniform 1 23 0.44471500000000003 23.016982732854736 1 73 0.27144299999999999 0.011261999999999999 0.13724200000000003 0.0033220000000000003 0.00082799999999999996 0.0027829999999999999 0.0093530000000000002 0.058681999999999998 0.084587999999999997 0 0.026868 0.00068800000000000003 0.0044060000000000002 0.0011050000000000001 0.0034380000000000001 0.082178000000000001 0.043023999999999986 0 0 3
48 uniform 2 0 0.57391700000000001 18.808432538848447 1 105 0.37920599999999999 0.011294999999999999 0.14765299999999992 0.0060930000000000003 0.0013909999999999999 0.0024550000000000002 0.0098209999999999999 0.187222 0.062512999999999999 0 0.026714999999999999 0.000785 0.0043249999999999999 0.0009810000000000001 0.0034480000000000001 0.074749000000000093 0.05636300000000001 0 0 0
48 uniform 2 7 0.72802900000000004 18.138772272619018 1 80 0.52429800000000004 0.019668000000000001 0.15420300000000009 0.004115999999999999 0.00092000000000000003 0.002421 0.0092219999999999993 0.058722000000000003 0.103807 0 0.025191999999999999 0.00074299999999999995 0.22876700000000003 0.00059199999999999997 0.003774 0.090727000000000016 0.050399000000000013 0 0 1
48 uniform 2 15 0.46828799999999998 18.68885296092618 1 105 0.26470399999999999 0.011315 0.15628399999999998 0.0060189999999999992 0.0014350000000000001 0.0023999999999999998 0.0091039999999999992 0.051954 0.083279000000000006 0 0.026446000000000001 0.00072599999999999997 0.0043 0.001155 0.0033880000000000004 0.083398999999999987 0.056444000000000043 0 0 2
48 uniform 2 23 0.44225799999999998 18.77565325744343 1 105 0.241032 0.012666 0.15284399999999998 0.0058819999999999992 0.0012939999999999998 0.0024329999999999998 0.0090819999999999998 0.057160999999999997 0.055689000000000002 0 0.026123 0.00075699999999999997 0.0043779999999999999 0.001054 0.0037149999999999996 0.076711000000000043 0.059154000000000026 0 0 3
48 uniform 3 0 0.62069700000000005 562.36160192750253 1 60 0.50103799999999998 0.0078100000000000001 0.089599999999999985 0.003797 0.00087100000000000003 0.0029750000000000002 0.011953999999999999 0.181287 0.025468999999999999 0 0.028757999999999999 0.00092000000000000003 0.15906700000000001 0.001343 0.0036289999999999998 0.063013000000000013 0.017350999999999995 0 0 0
48 uniform 3 7 0.61894400000000005 588.4442307096067 1 60 0.39347399999999999 0.0089650000000000007 0.19561800000000004 0.003264 0.00072499999999999995 0.0027829999999999999 0.010873000000000001 0.038032000000000003 0.024989999999999998 0 0.028528000000000001 0.00090700000000000004 0.20077400000000001 0.0011479999999999999 0.0035319999999999995 0.17012400000000003 0.016413000000000007 0 0 1
48 uniform 3 15 0.67286900000000005 621.64675363859578 1 75 0.365008 0.0090930000000000004 0.27206300000000005 0.0040130000000000001 0.001023 0.0025179999999999998 0.0099749999999999995 0.036257999999999999 0.021499000000000001 0 0.027536999999999999 0.00088800000000000001 0.18487700000000001 0.00099599999999999992 0.0032109999999999999 0.23498000000000002 0.025068999999999984 0 0 2
48 uniform 3 23 0.62753999999999999 659.33286961467343 1 59 0.378909 0.0078390000000000005 0.22044299999999994 0.0031800000000000001 0.00085299999999999992 0.0024060000000000002 0.0099000000000000008 0.036288000000000001 0.021172 0 0.026592000000000001 0.00081800000000000004 0.20074799999999998 0.001062 0.0031199999999999995 0.18835199999999996 0.022023999999999995 0 0 3
48 uniform 4 0 0.60955099999999995 4.3323983006348925 1 37 0.516934 0.0087150000000000005 0.068797000000000011 0.0023319999999999999 0.00067099999999999994 0.0028549999999999999 0.010966 0.194385 0.031994000000000002 0 0.026748999999999998 0.00091200000000000005 0.16081699999999999 0.0012110000000000001 0.0030670000000000003 0.049037999999999991 0.014161000000000002 0 0 0
48 uniform 4 7 0.40506799999999998 4.3600145142102313 1 37 0.30763800000000002 0.0083990000000000002 0.074358000000000007 0.0019499999999999999 0.00057199999999999992 0.0028960000000000001 0.010255999999999999 0.055231000000000002 0.031212 0 0.025958999999999999 0.00074600000000000003 0.102798 0.00108 0.0030609999999999995 0.053860000000000012 0.014952999999999996 0 0 1
48 uniform 4 15 0.40797899999999998 4.3922144788449593 1 37 0.30925399999999997 0.0083070000000000001 0.076028999999999999 0.0018809999999999999 0.00047899999999999999 0.0023960000000000001 0.0098420000000000001 0.055527 0.031078000000000001 0 0.025531999999999999 0.00069999999999999999 0.10693800000000001 0.001026 0.0030040000000000006 0.055915999999999993 0.014511000000000003 0 0 2
48 uniform 4 23 0.49924499999999999 4.425021670272824 1 37 0.40377999999999997 0.0081550000000000008 0.073263999999999996 0.001792 0.00046900000000000002 0.0024030000000000002 0.0094730000000000005 0.054264 0.032249 0 0.025833999999999999 0.000718 0.20352399999999998 0.00096599999999999995 0.0029480000000000005 0.053141000000000001 0.014531000000000006 0 0 3
49 linear 0 0 3.3986019999999999 1.2122345220975781 1 109 2.9901420000000001 0.014239999999999999 0.3473639999999999 0.0086059999999999991 0.0013339999999999999 0.002941 0.010392999999999999 0.20023199999999999 0.26354100000000003 2.2799589999999998 0.054627999999999996 0.00093499999999999996 0.099744999999999986 0.0014289999999999999 0.0051100000000000008 0.096531999999999993 0.044947999999999953 0.01288700000000001 0 0
49 linear 0 7 0.72414699999999999 1.1831860450971357 1 109 0.39285799999999998 0.012697999999999999 0.28163600000000005 0.0064659999999999995 0.001052 0.0046430000000000004 0.012392 0.024378 0.025061 0 0.026120999999999998 0.00082899999999999998 0.202261 0.0011800000000000001 0.0043030000000000004 0.094750999999999946 0.032295999999999971 0.010736999999999998 0 1
49 linear 0 15 0.71883600000000003 1.1557183259375716 1 109 0.39566800000000002 0.012465 0.27436999999999989 0.0059350000000000002 0.0014480000000000001 0.0030140000000000002 0.011363 0.023937 0.024434999999999998 0 0.026460999999999998 0.000883 0.21405100000000002 0.001005 0.0037559999999999998 0.090083999999999997 0.032858999999999972 0.010655000000000001 0 2
49 linear 0 23 0.60964300000000005 1.1331040605012555 1 109 0.285663 0.012272 0.27568599999999999 0.0058469999999999998 0.0011329999999999999 0.003006 0.010959999999999999 0.023073 0.024478 0 0.026369 0.000883 0.106465 0.0010009999999999999 0.0038380000000000003 0.088888999999999996 0.032354999999999988 0.010672000000000004 0 3
49 linear 1 0 12.754898000000001 3.2441953507256511 1 80 12.393715 0.010940999999999999 0.31588700000000003 0.0056509999999999998 0.0018540000000000002 0.003058 0.011377 0.20005700000000001 0.26443899999999998 11.755970999999999 0.087348999999999996 3.3000000000000003e-05 0.002166 0.001408 0.0041800000000000006 0.093752999999999975 0.036861000000000019 0.018773999999999996 0 0
49 linear 1 7 0.53105800000000003 3.2327552814554874 1 80 0.16423399999999999 0.010701 0.318106 0.0063200000000000001 0.0010040000000000001 0.0044140000000000004 0.012406 0.0074269999999999996 0.013860000000000001 0 0.030370999999999999 0.00092800000000000001 0.0019890000000000003 0.00089700000000000001 0.0035380000000000003 0.10233799999999998 0.033516999999999991 0.018662000000000005 0 1
49 linear 1 15 0.47811100000000001 3.1778403480506805 1 88 0.16855999999999999 0.010319 0.27314800000000017 0.0043730000000000002 0.0010790000000000001 0.0043559999999999996 0.011526 0.0073020000000000003 0.025433999999999998 0 0.028480999999999999 0.00099799999999999997 0.001838 0.00078700000000000005 0.0033030000000000004 0.096120000000000025 0.028122999999999981 0.015394999999999997 0 2
49 linear 1 23 0.451602 3.0766829248888157 1 88 0.15377199999999999 0.0093489999999999997 0.26284399999999997 0.0047299999999999998 0.00087700000000000007 0.0031830000000000001 0.016421000000000002 0.0060879999999999997 0.012913000000000001 0 0.02836 0.00086399999999999997 0.0018469999999999999 0.00067500000000000004 0.0031449999999999998 0.090417999999999998 0.032403999999999974 0.017486999999999992 0 3
49 linear 2 0 0.74152099999999999 1.1204919580225077 1 88 0.50873800000000002 0.0095960000000000004 0.19359600000000002 0.0056489999999999995 0.001078 0.0030929999999999998 0.01158 0.19835800000000001 0.17741399999999999 0 0.027278 0.00096699999999999998 0.0024149999999999996 0.00083299999999999997 0.0037000000000000002 0.062650000000000011 0.024232000000000007 0.007649000000000003 0 0
49 linear 2 7 0.379274 1.1065472455512608 1 81 0.17741899999999999 0.0091149999999999998 0.165743 0.0047550000000000005 0.00097199999999999988 0.0030969999999999999 0.011672999999999999 0.021649000000000002 0.024122000000000001 0 0.027994999999999999 0.00083699999999999996 0.0023010000000000001 0.00062299999999999996 0.00315 0.05696200000000002 0.019507999999999994 0.006969000000000003 0 1
49 linear 2 15 0.37320199999999998 1.0928496771500433 1 81 0.177255 0.0087609999999999997 0.16044200000000008 0.0044539999999999996 0.00085099999999999998 0.0030569999999999998 0.011098 0.022997 0.024494999999999999 0 0.028882999999999999 0.00086300000000000005 0.002333 0.00054799999999999998 0.0030109999999999998 0.054103000000000019 0.017768000000000009 0.0068200000000000023 0 2
49 linear 2 23 0.37148900000000001 1.0811620929113552 1 81 0.17963100000000001 0.0086709999999999999 0.15697899999999998 0.0043 0.00087900000000000001 0.0029780000000000002 0.010746 0.027074999999999998 0.024242 0 0.028731 0.00085400000000000005 0.0023839999999999998 0.00061399999999999996 0.0029989999999999999 0.048799000000000009 0.019667 0.0068730000000000015 0 3
49 linear 3 0 13.094537000000001 1.3913348077287002 1 65 12.799848000000001 0.011220000000000001 0.25809799999999988 0.0039940000000000002 0.0017340000000000001 0.003091 0.011339999999999999 0.20200199999999999 0.25901200000000002 12.166323 0.088994000000000004 3.4e-05 0.0021530000000000004 0.001472 0.0043600000000000002 0.18111399999999994 0.029368000000000005 0.015664000000000004 0 0
49 linear 3 7 0.383521 1.4539540546197161 1 65 0.19459499999999999 0.0095460000000000007 0.15873800000000002 0.0031770000000000001 0.00087800000000000009 0.0044770000000000001 0.011745 0.028575 0.025909999999999999 0 0.027784 0.00081800000000000004 0.0018929999999999999 0.001274 0.0045310000000000003 0.104074 0.022263999999999982 0.011824000000000001 0 1
49 linear 3 15 0.34511999999999998 1.5396283696027824 1 65 0.17904700000000001 0.0090830000000000008 0.13657900000000003 0.0031049999999999997 0.000825 0.0030119999999999999 0.011269 0.024528000000000001 0.022268 0 0.027057000000000001 0.00083900000000000001 0.0018319999999999999 0.00116 0.0036050000000000006 0.08111800000000001 0.022048000000000002 0.013125999999999999 0 2
49 linear 3 23 0.35648400000000002 1.6436129227945167 1 72 0.17111100000000001 0.0092700000000000005 0.153865 0.0032399999999999998 0.00085699999999999991 0.0029229999999999998 0.010725999999999999 0.021846999999999998 0.021832000000000001 0 0.026953999999999999 0.000745 0.0018140000000000001 0.0011559999999999999 0.0036380000000000002 0.093072999999999975 0.024374000000000003 0.014192999999999999 0 3
49 linear 4 0 3.0461499999999999 1.0278325090361078 1 74 2.8621400000000001 0.010774000000000001 0.14411300000000005 0.0066470000000000001 0.0010139999999999999 0.003117 0.011162999999999999 0.19983500000000001 0.26225900000000002 2.2562120000000001 0.056609 0.00093899999999999995 0.0021069999999999999 0.0012930000000000001 0.0040239999999999998 0.082546999999999995 0.027365 0.0097720000000000029 0 0
49 linear 4 7 0.36845800000000001 1.0252809674546086 1 67 0.186556 0.010055 0.14284000000000002 0.0059369999999999996 0.00090700000000000004 0.0045399999999999998 0.012330000000000001 0.022724000000000001 0.025389999999999999 0 0.027876000000000001 0.00082299999999999995 0.0021970000000000002 0.001041 0.0037380000000000004 0.083260000000000001 0.023861999999999998 0.010661000000000004 0 1
49 linear 4 15 0.31776199999999999 1.0227022058122393 1 67 0.17721300000000001 0.0099740000000000002 0.104932 0.0043200000000000001 0.00080599999999999997 0.0041920000000000004 0.011356 0.021021000000000001 0.024603 0 0.027518999999999998 0.00076999999999999996 0.002065 0.001011 0.0033830000000000002 0.060438000000000006 0.019688999999999988 0.0083590000000000018 0 2
49 linear 4 23 0.32376199999999999 1.020434748260066 1 67 0.17397799999999999 0.010118 0.114926 0.003875 0.00074400000000000009 0.0029359999999999998 0.012096000000000001 0.019296000000000001 0.024801 0 0.027375 0.00075500000000000003 0.0022829999999999999 0.000718 0.0030590000000000001 0.070971000000000006 0.019610999999999996 0.0082520000000000041 0 3
49 uniform 0 0 3.1539950000000001 1.2146052083391203 1 93 2.987771 0.013466000000000001 0.12217199999999998 0.0048069999999999996 0.001147 0.0032070000000000002 0.011154000000000001 0.199543 0.26088800000000001 2.281987 0.055160000000000001 0.00097599999999999998 0.10025199999999999 0.001294 0.0045560000000000002 0.080134000000000011 0.028632999999999978 0 0 0
49 uniform 0 7 0.55466199999999999 1.1851193329041154 1 93 0.387264 0.012652 0.12598199999999998 0.0042009999999999999 0.00087500000000000013 0.0034129999999999998 0.012466 0.022887999999999999 0.023481999999999999 0 0.026349999999999998 0.00096900000000000003 0.20231399999999999 0.001111 0.0042810000000000001 0.08495999999999998 0.027902999999999976 0 0 1
49 uniform 0 15 0.55859999999999999 1.1572665006883001 1 93 0.39493600000000001 0.012432 0.12280499999999994 0.0038479999999999999 0.001005 0.0029290000000000002 0.011273999999999999 0.024081999999999999 0.024787 0 0.026848 0.00093499999999999996 0.21108399999999997 0.0010809999999999999 0.0041250000000000002 0.081332000000000029 0.028310000000000002 0 0 2
49 uniform 0 23 0.44681799999999999 1.1343558560636953 1 93 0.28548699999999999 0.012246 0.12126899999999999 0.0038649999999999999 0.00083500000000000002 0.002875 0.010795000000000001 0.023022000000000001 0.024063000000000001 0 0.026366000000000001 0.00085899999999999995 0.10618 0.00093800000000000003 0.0038660000000000005 0.079992999999999981 0.028168999999999989 0 0 3
49 uniform 1 0 12.607195000000001 3.1190266457067861 1 96 12.394525 0.010952 0.17080300000000015 0.005672 0.0013290000000000001 0.0028700000000000002 0.011044999999999999 0.20013300000000001 0.26407700000000001 11.758315 0.087142999999999998 3.4e-05 0.0021749999999999999 0.001402 0.0040969999999999999 0.10436500000000003 0.044128000000000007 0 0 0
49 uniform 1 7 0.36061599999999999 3.1114528460110025 1 80 0.163355 0.010664999999999999 0.15976299999999999 0.0036770000000000001 0.00094799999999999995 0.0046220000000000002 0.012784 0.0074460000000000004 0.014200000000000001 0 0.028375999999999998 0.00097900000000000005 0.0019030000000000002 0.00086200000000000003 0.0037570000000000004 0.10649700000000002 0.033706999999999994 0 0 1
49 uniform 1 15 0.34334500000000001 3.0747056485999105 1 88 0.16627900000000001 0.0090989999999999994 0.14313600000000001 0.0040790000000000002 0.00082900000000000009 0.0042649999999999997 0.011254 0.0074830000000000001 0.025375999999999999 0 0.028645 0.00095799999999999998 0.0018270000000000001 0.00076400000000000003 0.003179 0.096507000000000009 0.031437999999999994 0 0 2
49 uniform 1 23 0.320355 3.0053795689965979 1 88 0.14632700000000001 0.0092700000000000005 0.14032200000000003 0.003859 0.00079599999999999994 0.002892 0.011211 0.0060610000000000004 0.011539000000000001 0 0.028544 0.00085999999999999998 0.0018000000000000002 0.00076199999999999998 0.0031559999999999995 0.093105000000000007 0.032167999999999967 0 0 3
49 uniform 2 0 0.62346400000000002 1.1215711649847893 1 72 0.51007499999999995 0.009502 0.082101000000000007 0.003473 0.00081000000000000006 0.0030109999999999998 0.011572000000000001 0.19821900000000001 0.1754 0 0.027446000000000002 0.00094200000000000002 0.0024650000000000002 0.00080500000000000005 0.0037600000000000003 0.055453000000000002 0.016621999999999994 0 0 0
49 uniform 2 7 0.27203300000000002 1.1074612025661716 1 65 0.173711 0.0090369999999999999 0.067981 0.002885 0.00072599999999999997 0.00296 0.011083000000000001 0.021565999999999998 0.021468000000000001 0 0.027385 0.00084400000000000002 0.0022729999999999998 0.00062100000000000002 0.0030480000000000004 0.043535999999999991 0.015403000000000003 0 0 1
49 uniform 2 15 0.26660200000000001 1.0936087923543045 1 65 0.171843 0.0088299999999999993 0.06663899999999999 0.0027010000000000003 0.00069699999999999992 0.0028189999999999999 0.010515999999999999 0.022915999999999999 0.021691999999999999 0 0.028441999999999999 0.00087299999999999997 0.002248 0.00053899999999999998 0.0028590000000000004 0.04405499999999999 0.013583999999999995 0 0 2
49 uniform 2 23 0.26130399999999998 1.0817952466028087 1 65 0.16981299999999999 0.0086429999999999996 0.063637000000000013 0.00264 0.00073499999999999998 0.0026440000000000001 0.010370000000000001 0.021426000000000001 0.021297 0 0.028306999999999999 0.00081499999999999997 0.0022569999999999999 0.00051900000000000004 0.0029329999999999998 0.038614000000000002 0.015987999999999999 0 0 3
49 uniform 3 0 13.012324 1.3971435242382215 1 65 12.743081 0.011361 0.23154700000000011 0.0042129999999999997 0.00094300000000000004 0.0028 0.011217 0.20109299999999999 0.26077099999999998 12.100875 0.090963000000000002 3.6999999999999998e-05 0.0022949999999999997 0.0015479999999999999 0.0045199999999999997 0.18426900000000007 0.029561000000000007 0 0 0
49 uniform 3 7 0.38583299999999998 1.4613129948190313 1 65 0.20411199999999999 0.010971 0.14954700000000004 0.0030869999999999999 0.00082700000000000004 0.0045989999999999998 0.012593 0.029843000000000001 0.027297999999999999 0 0.02964 0.00085099999999999998 0.0019780000000000002 0.001356 0.0043139999999999993 0.114619 0.02304599999999999 0 0 1
49 uniform 3 15 0.32044400000000001 1.5494680002492267 1 65 0.17780899999999999 0.009129 0.11336600000000001 0.0028939999999999999 0.00062899999999999989 0.0029859999999999999 0.011294 0.024390999999999999 0.022342000000000001 0 0.026998999999999999 0.00081300000000000003 0.0018189999999999999 0.0011820000000000001 0.0036000000000000003 0.080060000000000006 0.022105999999999976 0 0 2
49 uniform 3 23 0.34919800000000001 1.6571208157498072 1 80 0.172406 0.0093740000000000004 0.14313700000000004 0.0033730000000000001 0.001018 0.0028159999999999999 0.010629 0.022039 0.021994 0 0.026859999999999998 0.00079100000000000004 0.0017959999999999999 0.001127 0.0035179999999999999 0.10383099999999998 0.025813999999999997 0 0 3
49 uniform 4 0 2.9874040000000002 1.0279874097056043 1 58 2.8518119999999998 0.010501 0.10441100000000005 0.0034390000000000002 0.00079600000000000005 0.0029819999999999998 0.011089999999999999 0.19939599999999999 0.26456400000000002 2.2472569999999998 0.056126999999999996 0.00088999999999999995 0.0023280000000000002 0.0011900000000000001 0.003934 0.070900000000000005 0.021158 0 0 0
49 uniform 4 7 0.30276599999999998 1.025416831204234 1 51 0.18706 0.010305 0.083241000000000009 0.0029650000000000002 0.00070800000000000008 0.0044089999999999997 0.012057999999999999 0.022896 0.025041999999999998 0 0.027983000000000001 0.00086300000000000005 0.0021870000000000001 0.001152 0.0034420000000000006 0.057623000000000014 0.016916 0 0 1
49 uniform 4 15 0.27932200000000001 1.0228194993891249 1 51 0.17624300000000001 0.0099389999999999999 0.074663999999999994 0.0024740000000000001 0.00057799999999999995 0.0030690000000000001 0.012567 0.020875000000000001 0.024594000000000001 0 0.027553000000000001 0.000825 0.0020179999999999998 0.00093899999999999995 0.0032669999999999999 0.048931000000000002 0.016942999999999996 0 0 2
49 uniform 4 23 0.27649899999999999 1.0205362853471689 1 51 0.171348 0.0088229999999999992 0.079040000000000013 0.0023799999999999997 0.00054499999999999991 0.0027239999999999999 0.011842 0.019368 0.024324999999999999 0 0.027363999999999999 0.00083299999999999997 0.0023339999999999997 0.00075000000000000002 0.0028800000000000002 0.056606000000000031 0.014803999999999999 0 0 3
50 linear 0 0 0.65432800000000002 1.8751557521152946 1 90 0.41584900000000002 0.0099570000000000006 0.19636200000000001 0.0061149999999999998 0.00133 0.0031470000000000001 0.011322 0.172205 0.115124 0 0.02664 0.000861 0.00062299999999999996 0.0012869999999999999 0.0033470000000000001 0.11023699999999995 0.03955899999999999 0.011953999999999999 0 0
50 linear 0 7 0.62900599999999995 1.9420960620425962 1 90 0.27581899999999998 0.0098110000000000003 0.31133400000000006 0.0057700000000000008 0.001175 0.00282 0.010232 0.051665000000000003 0.1048 0 0.025305999999999999 0.00077399999999999995 0.00061300000000000005 0.0011410000000000001 0.0032239999999999999 0.217253 0.039755999999999986 0.012213999999999999 0 1
50 linear 0 15 0.89254699999999998 2.0122425508530397 1 105 0.47883199999999998 0.013187000000000001 0.36031900000000006 0.0077920000000000003 0.0017020000000000002 0.0025600000000000002 0.0098379999999999995 0.04879 0.048445000000000002 0 0.025981000000000001 0.00075199999999999996 0.25218999999999997 0.001073 0.0035359999999999996 0.23522099999999996 0.053065999999999974 0.015545 0 2
50 linear 0 23 0.88723200000000002 2.0770817551983765 1 105 0.45901399999999998 0.012662 0.37729600000000002 0.0067129999999999993 0.0013669999999999999 0.002735 0.0099319999999999999 0.048332 0.034151000000000001 0 0.025649000000000002 0.00075699999999999997 0.24702100000000002 0.0010839999999999999 0.0034459999999999998 0.25203200000000003 0.051214999999999997 0.015712000000000004 0 3
50 linear 1 0 0.55769899999999994 95.739613232656083 1 89 0.35545500000000002 0.01286 0.15974000000000002 0.0050259999999999992 0.0013680000000000001 0.0032339999999999999 0.01162 0.18035499999999999 0.034377999999999999 0 0.030037999999999999 0.00087399999999999999 0.00081499999999999997 0.001186 0.0036699999999999997 0.089506000000000002 0.035405000000000013 0.012399999999999996 0 0
50 linear 1 7 0.45499299999999998 88.453575644280619 1 89 0.21448800000000001 0.012652999999999999 0.19867199999999999 0.0051199999999999996 0.0011180000000000001 0.0028609999999999998 0.010907 0.051038 0.033245999999999998 0 0.025676000000000001 0.000883 0.00083200000000000006 0.0010280000000000001 0.003588 0.12823799999999996 0.035895999999999983 0.012340000000000002 0 1
50 linear 1 15 0.44683 79.983171766622746 1 89 0.216111 0.015923 0.1858759999999999 0.0047909999999999993 0.0011529999999999999 0.002777 0.010576 0.051188999999999998 0.032263 0 0.026516999999999999 0.00080900000000000004 0.000812 0.001119 0.0035790000000000006 0.11828100000000003 0.033334999999999983 0.012342000000000002 0 2
50 linear 1 23 0.45248300000000002 71.499349791572087 1 89 0.21096000000000001 0.011816 0.20104900000000003 0.0045630000000000002 0.001243 0.002934 0.010363000000000001 0.051187000000000003 0.031629999999999998 0 0.026662999999999999 0.00078799999999999996 0.00088400000000000002 0.00095200000000000005 0.0033509999999999998 0.133521 0.033376999999999969 0.012368999999999996 0 3
50 linear 2 0 0.91692600000000002 63.102765374064347 1 128 0.55283700000000002 0.012911000000000001 0.30891100000000021 0.0082059999999999998 0.0016959999999999996 0.0027720000000000002 0.010241 0.179454 0.032571999999999997 0 0.026577 0.00084800000000000001 0.20421899999999998 0.0010219999999999999 0.0037410000000000004 0.14293199999999989 0.07150999999999999 0.019811999999999996 0 0
50 linear 2 7 0.701936 64.927682675850818 1 144 0.24399199999999999 0.012736000000000001 0.39829700000000001 0.011004 0.001689 0.0025720000000000001 0.01004 0.051076999999999997 0.042576999999999997 0 0.026047000000000001 0.00080000000000000004 0.018878999999999996 0.0010660000000000001 0.0038890000000000005 0.1907830000000002 0.094056000000000112 0.025605000000000017 0 1
50 linear 2 15 0.89044000000000001 67.138330146495704 1 144 0.43520199999999998 0.012354 0.39747400000000011 0.0099000000000000025 0.0015079999999999998 0.0025079999999999998 0.0095379999999999996 0.051318999999999997 0.031743 0 0.025583999999999999 0.00080500000000000005 0.22378300000000001 0.00098900000000000008 0.0038480000000000003 0.19431500000000007 0.08847900000000003 0.025743999999999996 0 2
50 linear 2 23 0.90093900000000005 69.45607443904872 1 144 0.41193200000000002 0.012300999999999999 0.42986599999999997 0.010139 0.001572 0.002313 0.0095709999999999996 0.051089000000000002 0.042028999999999997 0 0.025798999999999999 0.00075000000000000002 0.19253699999999999 0.00093599999999999998 0.0037770000000000004 0.20055999999999996 0.093063000000000173 0.026850000000000034 0 3
50 linear 3 0 0.48726000000000003 1.2907968939190955 1 61 0.35025600000000001 0.010793000000000001 0.10026499999999998 0.0043680000000000004 0.00095799999999999987 0.0031150000000000001 0.012744 0.183277 0.036361999999999998 0 0.027147000000000001 0.00077800000000000005 0.00199 0.0013359999999999999 0.0037289999999999992 0.052906000000000022 0.025975999999999996 0.0074839999999999985 0 0
50 linear 3 7 0.58444300000000005 1.2826517810434093 1 61 0.32904800000000001 0.014003 0.21652000000000005 0.0039380000000000005 0.00091299999999999997 0.0027309999999999999 0.011585 0.049063000000000002 0.035444999999999997 0 0.026304000000000001 0.00077999999999999999 0.12144200000000001 0.0011659999999999999 0.0033999999999999998 0.17035499999999995 0.024972999999999988 0.007366000000000001 0 1
50 linear 3 15 0.42714099999999999 1.275607372697303 1 61 0.198407 0.0090650000000000001 0.19503500000000004 0.0037990000000000003 0.00083299999999999997 0.0027039999999999998 0.0094450000000000003 0.048549000000000002 0.031758000000000002 0 0.026037999999999999 0.000727 0.0017390000000000001 0.001155 0.0029520000000000002 0.15020699999999995 0.024148000000000003 0.007243000000000002 0 2
50 linear 3 23 0.43363800000000002 1.2702892262798255 1 61 0.19933500000000001 0.0089219999999999994 0.20077999999999996 0.0038070000000000005 0.00078200000000000003 0.0024199999999999998 0.0091079999999999998 0.051230999999999999 0.031295999999999997 0 0.025728999999999998 0.00069399999999999996 0.0016310000000000001 0.0010330000000000001 0.0029579999999999993 0.15452399999999994 0.025612999999999997 0.0072600000000000026 0 3
50 linear 4 0 0.46154499999999998 1.2086894279275324 1 61 0.33058500000000002 0.0093699999999999999 0.097254999999999994 0.0038049999999999998 0.00081699999999999991 0.0023540000000000002 0.0089870000000000002 0.18113599999999999 0.032328999999999997 0 0.025758 0.000776 0.00059599999999999996 0.001178 0.0030350000000000004 0.053201999999999999 0.023321999999999992 0.0072470000000000043 0 0
50 linear 4 7 0.44089400000000001 1.2165224857482475 1 61 0.199993 0.0093159999999999996 0.207014 0.0037159999999999997 0.00076800000000000002 0.0024229999999999998 0.0093650000000000001 0.051437999999999998 0.031666 0 0.025690999999999999 0.00076099999999999996 0.00059399999999999991 0.0010189999999999999 0.0031259999999999994 0.16233600000000001 0.023887999999999986 0.0072470000000000043 0 1
50 linear 4 15 0.42479600000000001 1.2263402927570672 1 61 0.19270799999999999 0.0092149999999999992 0.19880100000000009 0.0036490000000000003 0.00076300000000000001 0.0022469999999999999 0.0086969999999999999 0.046864000000000003 0.031053999999999998 0 0.025451000000000001 0.00073800000000000005 0.00057899999999999998 0.001073 0.0030479999999999991 0.15347400000000003 0.024332999999999987 0.0072509999999999996 0 2
50 linear 4 23 0.425952 1.237246480245235 1 61 0.19339600000000001 0.0092800000000000001 0.19963500000000003 0.0034869999999999996 0.00083900000000000001 0.0022950000000000002 0.0085120000000000005 0.049052999999999999 0.031172999999999999 0 0.025028000000000002 0.00076499999999999995 0.00059900000000000003 0.00096100000000000005 0.0030149999999999995 0.15552899999999997 0.023077999999999994 0.0072390000000000024 0 3
50 uniform 0 0 0.62591600000000003 1.8596117750251764 1 90 0.40481400000000001 0.0099139999999999992 0.18190499999999993 0.0050429999999999997 0.0014490000000000002 0.0022980000000000001 0.0086660000000000001 0.176146 0.11450100000000001 0 0.024656000000000001 0.00071000000000000002 0.00058700000000000007 0.0011540000000000001 0.0031659999999999995 0.125804 0.042569000000000003 0 0 0
50 uniform 0 7 0.56636600000000004 1.9187054807627892 1 90 0.26794000000000001 0.0097400000000000004 0.25984799999999997 0.0046210000000000001 0.0011079999999999998 0.0022699999999999999 0.0085649999999999997 0.051534999999999997 0.103882 0 0.024542999999999999 0.00072800000000000002 0.00058399999999999999 0.001044 0.0031779999999999994 0.20284399999999997 0.043501000000000012 0 0 1
50 uniform 0 15 0.744591 1.9826280878818008 1 81 0.467136 0.013161000000000001 0.23628999999999997 0.003967 0.001242 0.002117 0.0084119999999999993 0.048547 0.044657000000000002 0 0.025152999999999998 0.00074399999999999998 0.25183899999999998 0.00101 0.0033300000000000001 0.18087899999999998 0.042882999999999984 0 0 2
50 uniform 0 23 0.76652399999999998 2.0457075975227679 1 89 0.45204699999999998 0.012506 0.27160400000000001 0.0044550000000000006 0.001286 0.0022339999999999999 0.0084150000000000006 0.048203999999999997 0.034244999999999998 0 0.027834000000000001 0.00073999999999999999 0.24675599999999998 0.0010120000000000001 0.0033189999999999999 0.21134700000000006 0.046568999999999992 0 0 3
50 uniform 1 0 0.51735399999999998 98.117984349694737 1 89 0.35440899999999997 0.012789 0.12041399999999999 0.0050139999999999994 0.0014189999999999999 0.0029480000000000001 0.011157 0.179872 0.034057999999999998 0 0.026907 0.00088599999999999996 0.00087799999999999998 0.001194 0.0037609999999999992 0.073358999999999994 0.032932999999999955 0 0 0
50 uniform 1 7 0.41334900000000002 91.63048111437908 1 89 0.21307100000000001 0.012253999999999999 0.15928600000000007 0.0044149999999999997 0.0011409999999999999 0.0026930000000000001 0.010357999999999999 0.051091999999999999 0.033465000000000002 0 0.025489999999999999 0.00084800000000000001 0.00081300000000000003 0.0010430000000000001 0.0036260000000000008 0.11185099999999995 0.033210999999999984 0 0 1
50 uniform 1 15 0.41964499999999999 83.845920780631957 1 89 0.20941599999999999 0.011775000000000001 0.17040200000000005 0.0041770000000000002 0.0011119999999999999 0.002532 0.0098670000000000008 0.050977000000000001 0.032905999999999998 0 0.025933000000000001 0.00076199999999999998 0.00080600000000000008 0.00094399999999999996 0.0034500000000000004 0.12181399999999999 0.034381999999999968 0 0 2
50 uniform 1 23 0.426006 75.677088285095024 1 89 0.20558299999999999 0.011646999999999999 0.18071199999999987 0.0038939999999999999 0.0012790000000000002 0.0023219999999999998 0.0093279999999999995 0.051167999999999998 0.031486 0 0.026127999999999998 0.00075699999999999997 0.00085499999999999997 0.00092299999999999999 0.0033170000000000001 0.13347699999999998 0.033203999999999984 0 0 3
50 uniform 2 0 0.85139900000000002 65.275000930819019 1 120 0.54944800000000005 0.012751 0.25239899999999998 0.0066700000000000006 0.0014269999999999999 0.0024989999999999999 0.0098580000000000004 0.17882600000000001 0.032629999999999999 0 0.026749999999999999 0.00081800000000000004 0.20632300000000001 0.0010989999999999999 0.0036899999999999997 0.16290299999999999 0.06954899999999993 0 0 0
50 uniform 2 7 0.63393299999999997 67.43183537567873 1 152 0.24657899999999999 0.012581 0.32821599999999995 0.0092519999999999998 0.0015469999999999998 0.0026819999999999999 0.010093 0.051202999999999999 0.042700000000000002 0 0.026485000000000002 0.00076000000000000004 0.018870999999999999 0.0010920000000000001 0.0038750000000000004 0.2092160000000001 0.092634000000000091 0 0 1
50 uniform 2 15 0.83411299999999999 70.028351672293127 1 152 0.43610300000000002 0.012125 0.34053000000000011 0.0084710000000000011 0.0014089999999999999 0.0024689999999999998 0.010007 0.051230999999999999 0.031661000000000002 0 0.025857000000000002 0.00087299999999999997 0.22375700000000001 0.0011230000000000001 0.0038699999999999997 0.21962600000000007 0.093630999999999992 0 0 2
50 uniform 2 23 0.80337499999999995 72.72319142918353 1 152 0.41388999999999998 0.011887 0.33287800000000017 0.0082229999999999994 0.0013609999999999998 0.0023700000000000001 0.0095589999999999998 0.051015999999999999 0.041752999999999998 0 0.025838 0.00079199999999999995 0.19264200000000001 0.001005 0.0037170000000000007 0.21669200000000002 0.089829999999999993 0 0 3
50 uniform 3 0 0.44202399999999997 1.2927607191088464 1 45 0.34276400000000001 0.0093480000000000004 0.071489999999999984 0.0026410000000000001 0.00072900000000000005 0.0029580000000000001 0.011414000000000001 0.18115700000000001 0.032862000000000002 0 0.027001000000000001 0.00076900000000000004 0.0035839999999999999 0.001356 0.003359 0.044400999999999975 0.020310000000000002 0 0 0
50 uniform 3 7 0.50375099999999995 1.2843427944901287 1 45 0.32356099999999999 0.010655 0.15134500000000001 0.0024420000000000002 0.00073900000000000007 0.0027899999999999999 0.010583 0.047782999999999999 0.032483999999999999 0 0.026844 0.00080199999999999998 0.12164999999999999 0.0011850000000000001 0.0033939999999999994 0.12393100000000003 0.020395999999999997 0 0 1
50 uniform 3 15 0.38367299999999999 1.277113835417591 1 45 0.20614399999999999 0.010446 0.14897200000000005 0.0023909999999999999 0.00068399999999999993 0.0027209999999999999 0.010815 0.04965 0.035229999999999997 0 0.026308000000000002 0.00070299999999999996 0.0017290000000000001 0.001088 0.0033060000000000008 0.12238100000000005 0.019563999999999995 0 0 2
50 uniform 3 23 0.36929000000000001 1.2716902412118747 1 45 0.20572599999999999 0.009306 0.13517899999999999 0.0023610000000000003 0.00065200000000000002 0.002545 0.010204 0.052725000000000001 0.034568000000000002 0 0.025430999999999999 0.00076400000000000003 0.001634 0.001029 0.0032540000000000004 0.10696200000000002 0.021198999999999992 0 0 3
50 uniform 4 0 0.43911699999999998 1.209283441789553 1 45 0.33808899999999997 0.0096609999999999994 0.073534999999999989 0.002307 0.00062600000000000004 0.002447 0.0093539999999999995 0.18292700000000001 0.035543999999999999 0 0.026925999999999999 0.00078299999999999995 0.00059499999999999993 0.0012019999999999999 0.0033909999999999995 0.04789100000000001 0.018498000000000007 0 0 0
50 uniform 4 7 0.36227799999999999 1.2172091732890757 1 45 0.20197499999999999 0.0092919999999999999 0.133799 0.0022199999999999998 0.00058299999999999997 0.0023180000000000002 0.0089770000000000006 0.051373000000000002 0.031386999999999998 0 0.024930000000000001 0.00074200000000000004 0.00058299999999999997 0.0010349999999999999 0.0030590000000000001 0.10842199999999999 0.018577999999999997 0 0 1
50 uniform 4 15 0.34958299999999998 1.2271585134942777 1 45 0.19144700000000001 0.0091500000000000001 0.13186800000000001 0.0021559999999999999 0.00058200000000000005 0.0022799999999999999 0.0086090000000000003 0.046890000000000001 0.031203000000000002 0 0.024798000000000001 0.000727 0.00059900000000000003 0.001 0.0029169999999999999 0.10618799999999999 0.018881999999999999 0 0 2
50 uniform 4 23 0.34951500000000002 1.2382329951865154 1 45 0.191993 0.0091959999999999993 0.13118699999999997 0.0021870000000000001 0.00056899999999999995 0.0023 0.0083840000000000008 0.048904000000000003 0.031012999999999999 0 0.024702999999999999 0.00071900000000000002 0.00059699999999999987 0.001042 0.0029429999999999994 0.10677800000000001 0.017604999999999992 0 0 3
51 linear 0 0 0.50726000000000004 4.3570621604378994 1 90 0.29929 0.012324999999999999 0.16055199999999994 0.00645 0.0015410000000000001 0.0030330000000000001 0.011449000000000001 0.14333599999999999 0.022447000000000002 0 0.026474000000000001 0.00086600000000000002 0.00077200000000000001 0.0011310000000000001 0.0034900000000000005 0.066678000000000015 0.033603000000000001 0.013252000000000005 0 0
51 linear 0 7 0.489875 4.477814700175081 1 105 0.190415 0.012522999999999999 0.24807000000000001 0.0067030000000000006 0.001537 0.003176 0.011490999999999999 0.034907000000000001 0.022232999999999999 0 0.027602000000000002 0.00089800000000000004 0.0007980000000000001 0.0010629999999999999 0.0035699999999999994 0.13110899999999995 0.042897999999999957 0.016556999999999988 0 1
51 linear 0 15 0.44418000000000002 4.5679583706486069 1 89 0.19508200000000001 0.011979999999999999 0.20556500000000005 0.0049379999999999997 0.0013059999999999999 0.0028769999999999998 0.010729000000000001 0.045623999999999998 0.021607000000000001 0 0.026356999999999998 0.00085899999999999995 0.00077900000000000007 0.00097099999999999997 0.0033700000000000006 0.10223199999999998 0.038766999999999982 0.014517999999999998 0 2
51 linear 0 23 0.459428 4.6046262551819739 1 97 0.187892 0.011686999999999999 0.22527000000000003 0.0055139999999999998 0.001209 0.0026340000000000001 0.0099839999999999998 0.042448 0.021026 0 0.026387000000000001 0.00083299999999999997 0.00080900000000000004 0.00094600000000000001 0.0033160000000000004 0.11792499999999997 0.040354999999999981 0.015318000000000003 0 3
51 linear 1 0 0.46406799999999998 5.843672304726665 1 104 0.30137700000000001 0.011847999999999999 0.11836200000000004 0.0054359999999999999 0.0016460000000000001 0.0030079999999999998 0.011114000000000001 0.14468700000000001 0.023463999999999999 0 0.027463000000000001 0.00076400000000000003 0.00085599999999999999 0.0010499999999999999 0.0034169999999999999 0.056406999999999999 0.026672999999999995 0.012330000000000004 0 0
51 linear 1 7 0.37841399999999997 5.9278522224949759 1 104 0.192053 0.011579000000000001 0.14199499999999995 0.0056220000000000003 0.0015010000000000002 0.0028660000000000001 0.010819 0.038045000000000002 0.022499000000000002 0 0.027012999999999999 0.00076199999999999998 0.00082699999999999983 0.00096299999999999999 0.0034890000000000003 0.080323999999999979 0.026258999999999987 0.012388999999999996 0 1
51 linear 1 15 0.37303799999999998 5.9802592033704958 1 104 0.191334 0.0112 0.13818700000000003 0.0053460000000000001 0.0013709999999999998 0.0029510000000000001 0.010810999999999999 0.037977999999999998 0.022668000000000001 0 0.027503 0.00078799999999999996 0.000883 0.0009810000000000001 0.0033059999999999999 0.076888999999999971 0.026207999999999995 0.012332999999999997 0 2
51 linear 1 23 0.382019 5.981030187663908 1 104 0.18975700000000001 0.011121000000000001 0.14975800000000011 0.004816 0.001441 0.0027230000000000002 0.010134000000000001 0.039927999999999998 0.022032 0 0.027023999999999999 0.00087500000000000002 0.00082400000000000008 0.00092100000000000005 0.0032040000000000003 0.087681999999999954 0.027115999999999994 0.012347000000000004 0 3
51 linear 2 0 0.45979300000000001 13.396637696185763 1 82 0.27623999999999999 0.013091999999999999 0.135986 0.0049270000000000008 0.0014480000000000001 0.002921 0.010987 0.119758 0.023907000000000001 0 0.026904999999999998 0.00083600000000000005 0.00079299999999999998 0.001091 0.0034919999999999999 0.074272000000000019 0.028014999999999974 0.012353000000000001 0 0
51 linear 2 7 0.39682200000000001 11.026836614164834 1 82 0.17636499999999999 0.012895999999999999 0.17752399999999999 0.0050029999999999996 0.001384 0.0027920000000000002 0.010529 0.02537 0.023179000000000002 0 0.026811999999999999 0.00076999999999999996 0.000767 0.0010939999999999999 0.0035479999999999999 0.11943699999999997 0.026367999999999992 0.011526 0 1
51 linear 2 15 0.32022499999999998 11.099044097374959 1 60 0.17400199999999999 0.0094520000000000003 0.115997 0.0034679999999999997 0.00089799999999999993 0.002751 0.010319 0.025568 0.023151000000000001 0 0.026643 0.00081400000000000005 0.00059299999999999999 0.001245 0.0032370000000000003 0.078987999999999989 0.016188000000000008 0.0071580000000000038 0 2
51 linear 2 23 0.30716900000000003 11.363360973229447 1 60 0.16322800000000001 0.009221 0.11419000000000003 0.003189 0.0009279999999999999 0.0026519999999999998 0.010439 0.017639999999999999 0.023365 0 0.026752000000000001 0.00079500000000000003 0.00057600000000000001 0.0011850000000000001 0.0031039999999999996 0.073816999999999994 0.016237000000000001 0.0071389999999999995 0 3
51 linear 3 0 0.47434999999999999 6.0022369121879304 1 122 0.25864700000000002 0.014932000000000001 0.15164399999999995 0.0087249999999999984 0.0017490000000000003 0.0028180000000000002 0.010711999999999999 0.098214999999999997 0.022828999999999999 0 0.026141000000000001 0.00085099999999999998 0.0009549999999999999 0.00079000000000000001 0.0036819999999999995 0.069877000000000009 0.037188999999999993 0.016300000000000002 0 0
51 linear 3 7 0.42377100000000001 6.0535125082029158 1 106 0.17194400000000001 0.014197 0.19623300000000005 0.0065420000000000001 0.0014220000000000001 0.0027160000000000001 0.010513 0.015245 0.022803 0 0.02622 0.00084999999999999995 0.00098200000000000002 0.00066 0.0034839999999999997 0.12380299999999997 0.033377000000000018 0.014343000000000002 0 1
51 linear 3 15 0.424516 6.1132025709428701 1 106 0.17427599999999999 0.014274 0.19339799999999999 0.007064 0.0014570000000000002 0.0025460000000000001 0.0099659999999999992 0.019046 0.020766 0 0.025545000000000002 0.00086499999999999999 0.001024 0.00070100000000000002 0.0035740000000000004 0.11994399999999997 0.034252000000000039 0.014396999999999997 0 2
51 linear 3 23 0.38141399999999998 6.1740983851897706 1 90 0.17256199999999999 0.014421 0.15986500000000006 0.0055509999999999995 0.0011949999999999999 0.0027569999999999999 0.010428 0.019512000000000002 0.020511000000000001 0 0.025909000000000001 0.00080800000000000002 0.00096900000000000003 0.00072099999999999996 0.0035479999999999999 0.098103999999999969 0.027947999999999997 0.012446000000000002 0 3
51 linear 4 0 0.45845200000000003 4.4324688129112646 1 98 0.28638200000000003 0.013851 0.121894 0.0058900000000000003 0.0016259999999999998 0.0029129999999999998 0.011044999999999999 0.12425700000000001 0.023774 0 0.027782000000000001 0.00079000000000000001 0.00099600000000000014 0.00069800000000000005 0.003493 0.058621999999999987 0.029939999999999991 0.011635999999999999 0 0
51 linear 4 7 0.412767 4.4565480478569413 1 98 0.18863099999999999 0.013585 0.17419399999999993 0.0057689999999999998 0.001444 0.002807 0.010465 0.033598999999999997 0.020944000000000001 0 0.026747 0.00076599999999999997 0.00099599999999999992 0.00065300000000000004 0.0034789999999999999 0.109695 0.031254000000000011 0.011643999999999998 0 1
51 linear 4 15 0.410748 4.4855261108195101 1 98 0.19011500000000001 0.013728000000000001 0.16996100000000003 0.0062750000000000002 0.001382 0.0027529999999999998 0.010460000000000001 0.032788999999999999 0.021134 0 0.026193999999999999 0.00087000000000000001 0.0010089999999999999 0.00064099999999999997 0.0035950000000000005 0.10731100000000002 0.029347999999999985 0.011663999999999996 0 2
51 linear 4 23 0.39744200000000002 4.5160920490220402 1 98 0.170905 0.013401 0.17740599999999998 0.0055560000000000002 0.001537 0.002715 0.0099380000000000007 0.017526 0.0207 0 0.026294999999999999 0.00075799999999999999 0.0010039999999999999 0.000687 0.0035130000000000005 0.11402499999999995 0.030193999999999981 0.011638000000000003 0 3
51 uniform 0 0 0.429728 4.2834003255671211 1 74 0.291767 0.012120000000000001 0.099187000000000025 0.0041489999999999999 0.001227 0.002777 0.0109 0.14025399999999999 0.022148999999999999 0 0.026655999999999999 0.00085300000000000003 0.000767 0.0011249999999999999 0.0034459999999999998 0.05863800000000001 0.029045999999999992 0 0 0
51 uniform 0 7 0.39358100000000001 4.3830917159497647 1 89 0.187362 0.012448000000000001 0.16235300000000003 0.0045469999999999998 0.001274 0.0026099999999999999 0.010094000000000001 0.034886 0.02146 0 0.026922999999999999 0.00091699999999999995 0.00079499999999999992 0.0009990000000000001 0.0036089999999999998 0.109614 0.038517999999999976 0 0 1
51 uniform 0 15 0.38946599999999998 4.4611058944732394 1 89 0.191105 0.012208 0.15539099999999997 0.0043109999999999997 0.0012769999999999999 0.0024260000000000002 0.0099760000000000005 0.042469 0.021638999999999999 0 0.026602000000000001 0.00089499999999999996 0.00080000000000000004 0.00095299999999999996 0.0034039999999999999 0.10260599999999999 0.038772999999999974 0 0 2
51 uniform 0 23 0.39269500000000002 4.5001542921766831 1 81 0.19283700000000001 0.018270000000000002 0.15329300000000001 0.0039069999999999999 0.0010090000000000001 0.0024940000000000001 0.0093329999999999993 0.042376999999999998 0.024534 0 0.026578000000000001 0.00076999999999999996 0.00080299999999999989 0.00096599999999999995 0.0036250000000000002 0.10346799999999999 0.036532999999999989 0 0 3
51 uniform 1 0 0.44075900000000001 5.7191399487488477 1 96 0.30177199999999998 0.013183 0.095823000000000019 0.0043749999999999995 0.0014939999999999999 0.0028779999999999999 0.01189 0.14133200000000001 0.024825 0 0.027289000000000001 0.00076900000000000004 0.00084899999999999993 0.001 0.0037020000000000004 0.055329000000000017 0.025699999999999987 0 0 0
51 uniform 1 7 0.36116399999999999 5.8142780629092581 1 96 0.198903 0.011903 0.11934600000000002 0.0046990000000000001 0.001224 0.0027659999999999998 0.010348 0.039763 0.024205000000000001 0 0.028894 0.000794 0.0008160000000000001 0.001103 0.0036809999999999998 0.07631300000000002 0.028338999999999993 0 0 1
51 uniform 1 15 0.34695300000000001 5.890368875237125 1 96 0.19700599999999999 0.011486 0.10878499999999997 0.0041189999999999994 0.0012899999999999999 0.0028609999999999998 0.010416999999999999 0.039240999999999998 0.024053999999999999 0 0.028454 0.00078700000000000005 0.00083200000000000006 0.0010330000000000001 0.0037109999999999999 0.069382999999999972 0.02468900000000001 0 0 2
51 uniform 1 23 0.34429900000000002 5.9262719800330705 1 96 0.18676400000000001 0.010971 0.11766899999999998 0.0039780000000000006 0.0011349999999999999 0.0025720000000000001 0.0097339999999999996 0.039628999999999998 0.020567999999999999 0 0.026546 0.00080800000000000002 0.00082299999999999995 0.00087500000000000002 0.0032469999999999999 0.078200000000000006 0.025163999999999999 0 0 3
51 uniform 2 0 0.43482999999999999 14.338628764689597 1 82 0.27661200000000002 0.012997999999999999 0.11544599999999999 0.0044409999999999996 0.0012770000000000001 0.0028140000000000001 0.010442999999999999 0.119687 0.021999999999999999 0 0.026842999999999999 0.00087100000000000003 0.00079300000000000009 0.001108 0.0036189999999999998 0.073935000000000015 0.028107999999999991 0 0 0
51 uniform 2 7 0.37893700000000002 11.292441133311319 1 82 0.17721999999999999 0.012925000000000001 0.15894299999999997 0.0046529999999999992 0.0011610000000000001 0.0027139999999999998 0.010312 0.025291999999999999 0.021326000000000001 0 0.026922000000000001 0.000767 0.00082100000000000001 0.0010759999999999999 0.0035150000000000003 0.11952400000000002 0.026438999999999976 0 0 1
51 uniform 2 15 0.30311900000000003 11.218054495350579 1 60 0.16975299999999999 0.0094450000000000003 0.10342800000000001 0.002934 0.000977 0.0026180000000000001 0.010192 0.025453 0.021596000000000001 0 0.02666 0.00078399999999999997 0.00058099999999999992 0.0012700000000000001 0.0033020000000000002 0.078325999999999979 0.016158000000000002 0 0 2
51 uniform 2 23 0.27691700000000002 11.477554057648744 1 52 0.16402700000000001 0.0091470000000000006 0.085734000000000005 0.0024810000000000001 0.00078899999999999999 0.0025100000000000001 0.00992 0.017512 0.021655000000000001 0 0.026547000000000001 0.00076999999999999996 0.00058399999999999999 0.0011280000000000001 0.0030480000000000004 0.064171000000000006 0.013775000000000001 0 0 3
51 uniform 3 0 0.40228399999999997 6.0091380022056411 1 90 0.25611299999999998 0.01508 0.096687999999999955 0.0047430000000000007 0.0013370000000000001 0.00282 0.010598 0.098082000000000003 0.021538999999999999 0 0.026422000000000001 0.00078600000000000002 0.00098600000000000011 0.00076099999999999996 0.0034929999999999996 0.053572000000000002 0.028945000000000009 0 0 0
51 uniform 3 7 0.37323099999999998 6.0607329765400353 1 90 0.16839000000000001 0.0143 0.15604599999999996 0.004764 0.001199 0.002565 0.010099 0.015500999999999999 0.020815 0 0.026315999999999999 0.000812 0.00097599999999999998 0.00070799999999999997 0.0034030000000000006 0.11301999999999997 0.028792000000000005 0 0 1
51 uniform 3 15 0.37750800000000001 6.1208042848744704 1 90 0.17721000000000001 0.014338999999999999 0.150954 0.0053750000000000004 0.0011489999999999998 0.002382 0.010038 0.022527999999999999 0.020936 0 0.025637 0.00080599999999999997 0.00099599999999999992 0.00068300000000000001 0.0035639999999999999 0.10678899999999998 0.029855999999999987 0 0 2
51 uniform 3 23 0.36191600000000002 6.1820987762631292 1 90 0.17318900000000001 0.014478 0.13988299999999995 0.0049069999999999999 0.001111 0.002529 0.010623 0.019417 0.022530000000000001 0 0.025697999999999999 0.000776 0.001005 0.00069300000000000004 0.0036059999999999998 0.097718999999999986 0.027952999999999999 0 0 3
51 uniform 4 0 0.42114299999999999 4.4352239375473586 1 82 0.288663 0.013960999999999999 0.089034999999999975 0.0041640000000000002 0.0013109999999999999 0.0029090000000000001 0.011032 0.124469 0.023585999999999999 0 0.027687 0.00077800000000000005 0.0010030000000000002 0.00066299999999999996 0.0035180000000000003 0.051735999999999997 0.025021000000000005 0 0 0
51 uniform 4 7 0.35607899999999998 4.4594860883849456 1 82 0.18851299999999999 0.013547 0.12557599999999999 0.0039199999999999999 0.0012320000000000002 0.002653 0.010172 0.032601999999999999 0.023462 0 0.02649 0.00072800000000000002 0.001 0.00062399999999999999 0.0034530000000000003 0.086775999999999978 0.026594999999999987 0 0 1
51 uniform 4 15 0.34434799999999999 4.4887011202334959 1 82 0.186501 0.013242 0.11624 0.0038480000000000003 0.001073 0.0027000000000000001 0.010255999999999999 0.032747999999999999 0.02317 0 0.025468999999999999 0.00081800000000000004 0.00095800000000000008 0.00059299999999999999 0.003434 0.07929799999999998 0.024630999999999986 0 0 2
51 uniform 4 23 0.35024 4.5195379688858743 1 82 0.17858099999999999 0.01354 0.128829 0.0040769999999999999 0.001258 0.0025089999999999999 0.0098709999999999996 0.017589 0.022317 0 0.028466000000000002 0.00079000000000000001 0.00094999999999999989 0.00062799999999999998 0.0034689999999999999 0.090755000000000002 0.02577999999999997 0 0 3
52 linear 0 0 0.64380899999999996 21.821129593274435 1 75 0.47964400000000001 0.011672999999999999 0.126 0.0042810000000000001 0.001428 0.0029729999999999999 0.011240999999999999 0.18146000000000001 0.023439999999999999 0 0.028611000000000001 0.00086700000000000004 0.14243999999999998 0.0010939999999999999 0.0033440000000000002 0.062480000000000001 0.034210999999999991 0.0086760000000000014 0 0
52 linear 0 7 0.496029 21.253604743544926 1 75 0.211315 0.011579000000000001 0.24705899999999995 0.0040219999999999995 0.0012669999999999999 0.0028310000000000002 0.010389000000000001 0.049633999999999998 0.023848999999999999 0 0.025714999999999998 0.00091399999999999999 0.013593999999999998 0.00101 0.0033130000000000004 0.18411900000000003 0.033922999999999995 0.0086890000000000023 0 1
52 linear 0 15 0.47235300000000002 20.438529012889795 1 75 0.198155 0.010781000000000001 0.23731000000000002 0.0040419999999999996 0.001186 0.0025709999999999999 0.0098309999999999995 0.043743999999999998 0.0212 0 0.025075 0.00085800000000000004 0.011973000000000001 0.00093999999999999997 0.003284 0.17511600000000002 0.033326999999999989 0.0087100000000000007 0 2
52 linear 0 23 0.62699800000000006 19.465927507345899 1 75 0.33511400000000002 0.011381 0.25494100000000003 0.0038439999999999998 0.0011469999999999998 0.0023349999999999998 0.0092630000000000004 0.049502999999999998 0.021503999999999999 0 0.027522000000000001 0.00082100000000000001 0.14251399999999997 0.00092900000000000003 0.0032949999999999993 0.19151599999999996 0.034634999999999992 0.0086580000000000008 0 3
52 linear 1 0 1.0442940000000001 21.854045310512504 1 98 0.70405099999999998 0.012033 0.29032400000000008 0.0071300000000000009 0.0013620000000000001 0.0026080000000000001 0.010441000000000001 0.186252 0.096456 0 0.025488 0.00076400000000000003 0.29383799999999999 0.001134 0.0034009999999999999 0.160445 0.060494999999999993 0.015205999999999999 0 0
52 linear 1 7 0.95286499999999996 24.907271588034934 1 75 0.62721000000000005 0.011681 0.28371799999999997 0.0051030000000000008 0.001103 0.0028310000000000002 0.0098890000000000002 0.051227000000000002 0.096823000000000006 0 0.025545999999999999 0.00076099999999999996 0.35502500000000003 0.0010660000000000001 0.0032830000000000003 0.18297600000000014 0.045792000000000013 0.012030000000000002 0 1
52 linear 1 15 1.0071920000000001 27.730656330782587 1 75 0.67609200000000003 0.010788000000000001 0.29098700000000005 0.004463 0.001031 0.0024459999999999998 0.0097129999999999994 0.051235999999999997 0.117218 0 0.025765 0.00089899999999999995 0.38379300000000005 0.0011119999999999999 0.0033209999999999993 0.189577 0.04639399999999997 0.011914999999999995 0 2
52 linear 1 23 0.603657 29.938040534012554 1 75 0.26216 0.010899000000000001 0.30167100000000002 0.0043379999999999998 0.0010920000000000001 0.0024060000000000002 0.0095329999999999998 0.051713000000000002 0.085888999999999993 0 0.025090999999999999 0.00077899999999999996 0.0048890000000000001 0.00099599999999999992 0.0031820000000000004 0.20150600000000002 0.045219999999999996 0.011925000000000003 0 3
52 linear 2 0 0.48862800000000001 6.8566262137652947 1 83 0.32337100000000002 0.011122999999999999 0.12264699999999999 0.0055120000000000004 0.0013370000000000003 0.002679 0.011098999999999999 0.157221 0.033557999999999998 0 0.026054999999999998 0.00091600000000000004 0.0030259999999999996 0.001054 0.0033629999999999992 0.052875999999999986 0.031755999999999979 0.0091630000000000045 0 0
52 linear 2 7 0.54018999999999995 7.6775735892846022 1 83 0.18449099999999999 0.011256 0.31304699999999991 0.0053179999999999998 0.0013129999999999999 0.0025639999999999999 0.010397999999999999 0.035712000000000001 0.020996999999999998 0 0.025455999999999999 0.00080500000000000005 0.0030319999999999995 0.0009810000000000001 0.0032599999999999999 0.23774500000000007 0.033035999999999989 0.0091399999999999988 0 1
52 linear 2 15 0.56257299999999999 8.6640904562763144 1 91 0.18481900000000001 0.011306999999999999 0.33246800000000004 0.0060549999999999996 0.0013270000000000001 0.002552 0.010055 0.035930999999999998 0.020865000000000002 0 0.025401 0.00076999999999999996 0.0030330000000000001 0.0010189999999999999 0.0033609999999999998 0.25605999999999995 0.035579999999999987 0.010102999999999999 0 2
52 linear 2 23 0.57069400000000003 9.6833032986396077 1 91 0.187915 0.010822999999999999 0.33881700000000009 0.0053959999999999998 0.0014319999999999999 0.002715 0.010515 0.036802000000000001 0.020691999999999999 0 0.025614999999999999 0.00083000000000000001 0.0029360000000000002 0.00097499999999999996 0.0032129999999999997 0.26288699999999998 0.035569999999999991 0.010105000000000003 0 3
52 linear 3 0 0.68463300000000005 918.22461157445332 1 45 0.55757900000000005 0.009698 0.098606999999999959 0.0029950000000000003 0.00060099999999999997 0.0029090000000000001 0.010694 0.177262 0.032318 0 0.025756999999999999 0.00086600000000000002 0.22511700000000001 0.001304 0.0032539999999999999 0.066391999999999993 0.013106000000000005 0.0050899999999999999 0 0
52 linear 3 7 0.61493799999999998 944.4857835311675 1 45 0.437892 0.0091760000000000001 0.14962599999999998 0.0026569999999999996 0.00055900000000000004 0.0030070000000000001 0.01017 0.036593000000000001 0.031427999999999998 0 0.025661 0.00084099999999999995 0.25131800000000004 0.0011509999999999999 0.0031439999999999997 0.11768400000000001 0.013209000000000002 0.005092000000000001 0 1
52 linear 3 15 0.55968499999999999 974.98545362179198 1 45 0.38163999999999998 0.0090310000000000008 0.151029 0.0026639999999999997 0.00047599999999999997 0.0024510000000000001 0.0099889999999999996 0.036395999999999998 0.031312 0 0.025571 0.00068800000000000003 0.19985499999999998 0.001191 0.0029049999999999996 0.11990100000000002 0.012517000000000007 0.0051109999999999992 0 2
52 linear 3 23 0.56727899999999998 1005.7753666321909 1 45 0.38212499999999999 0.0081049999999999994 0.15922100000000006 0.0026719999999999999 0.00048899999999999996 0.002477 0.0094230000000000008 0.035858000000000001 0.030911999999999999 0 0.024948999999999999 0.00080099999999999995 0.202707 0.00094700000000000003 0.0031749999999999999 0.12855299999999997 0.013018999999999999 0.0053330000000000001 0 3
52 linear 4 0 0.44222800000000001 5.5205677374882134 1 61 0.31112800000000002 0.0097619999999999998 0.096309000000000006 0.0037420000000000005 0.00093099999999999997 0.0028660000000000001 0.011802999999999999 0.159215 0.024761999999999999 0 0.026870999999999999 0.000767 0.0018860000000000001 0.0012049999999999999 0.0035420000000000004 0.042792000000000004 0.022126000000000007 0.0067189999999999949 0 0
52 linear 4 7 0.46221000000000001 5.5210175423725092 1 61 0.18957599999999999 0.0094529999999999996 0.23829399999999998 0.003437 0.00084099999999999995 0.0028389999999999999 0.011055000000000001 0.031329999999999997 0.034321999999999998 0 0.026082000000000001 0.00067500000000000004 0.0017669999999999999 0.001145 0.0035169999999999997 0.17590299999999998 0.027051000000000002 0.0069239999999999987 0 1
52 linear 4 15 0.41990699999999997 5.5215317152306973 1 61 0.18257799999999999 0.010129000000000001 0.19889599999999999 0.0040580000000000008 0.00085999999999999998 0.00263 0.010861000000000001 0.034118999999999997 0.024516 0 0.026275 0.00076199999999999998 0.0018440000000000002 0.001096 0.0035239999999999998 0.146151 0.020983999999999992 0.0075250000000000013 0 2
52 linear 4 23 0.42739300000000002 5.5220460056087699 1 61 0.18441299999999999 0.008097 0.21048899999999998 0.0035249999999999999 0.00080099999999999995 0.00264 0.010253 0.034096000000000001 0.031007 0 0.025794000000000001 0.00075500000000000003 0.002032 0.0010809999999999999 0.0030880000000000005 0.15942700000000007 0.020872999999999992 0.0065190000000000014 0 3
52 uniform 0 0 0.62739400000000001 21.374299515973274 1 75 0.47985899999999998 0.011571 0.10980000000000004 0.0039820000000000003 0.0013799999999999999 0.002833 0.011512 0.18077599999999999 0.021787000000000001 0 0.026401000000000001 0.00091100000000000003 0.147339 0.0011850000000000001 0.003326 0.064103999999999994 0.034379000000000007 0 0 0
52 uniform 0 7 0.47566199999999997 20.825817675840675 1 75 0.207866 0.011449000000000001 0.23024199999999997 0.003774 0.0011819999999999999 0.0027269999999999998 0.010560999999999999 0.049638000000000002 0.021217 0 0.025621000000000001 0.00086200000000000003 0.013323000000000002 0.001062 0.0033970000000000003 0.18496699999999996 0.034013999999999996 0 0 1
52 uniform 0 15 0.45811499999999999 20.07845293199729 1 75 0.201794 0.010902999999999999 0.21941800000000003 0.0037849999999999997 0.0011329999999999999 0.0024889999999999999 0.0099640000000000006 0.043705000000000001 0.021058 0 0.025336000000000001 0.00087500000000000002 0.011946999999999999 0.00090300000000000005 0.0062709999999999997 0.174794 0.033373 0 0 2
52 uniform 0 23 0.60894700000000002 19.213942071121384 1 75 0.33466400000000002 0.011344999999999999 0.23763200000000007 0.003607 0.0010579999999999999 0.0023040000000000001 0.0093710000000000009 0.049533000000000001 0.021485000000000001 0 0.025732999999999999 0.00077899999999999996 0.142789 0.00093999999999999997 0.0031699999999999996 0.19176299999999996 0.034641999999999999 0 0 3
52 uniform 1 0 0.946828 22.793927461242042 1 82 0.70162199999999997 0.011853000000000001 0.20306800000000005 0.0050010000000000002 0.001225 0.0025959999999999998 0.010315 0.18897700000000001 0.095992999999999995 0 0.025162 0.00080999999999999996 0.28998499999999999 0.0010809999999999999 0.0034799999999999996 0.13874700000000004 0.05115000000000005 0 0 0
52 uniform 1 7 0.91118399999999999 25.590661201971017 1 75 0.62987599999999999 0.011556 0.24057200000000001 0.0043220000000000003 0.0010059999999999999 0.0027859999999999998 0.010448000000000001 0.051577999999999999 0.101357 0 0.025423999999999999 0.00078399999999999997 0.35183500000000001 0.0010280000000000001 0.0032649999999999997 0.18217599999999989 0.045718000000000029 0 0 1
52 uniform 1 15 0.96184400000000003 27.95884284038247 1 75 0.67441499999999999 0.010833000000000001 0.24785100000000002 0.004118000000000001 0.0010150000000000001 0.00266 0.010295 0.051430999999999998 0.116786 0 0.024875000000000001 0.00084400000000000002 0.38056400000000001 0.0010610000000000001 0.0031949999999999999 0.18930799999999998 0.046253999999999976 0 0 2
52 uniform 1 23 0.56356899999999999 29.703046953095495 1 75 0.26922200000000002 0.011075 0.25459099999999996 0.0039700000000000004 0.0011580000000000002 0.0025409999999999999 0.010137999999999999 0.051966999999999999 0.085748000000000005 0 0.025238 0.00082700000000000004 0.0052159999999999993 0.0052199999999999998 0.0033270000000000001 0.197209 0.045306999999999958 0 0 3
52 uniform 2 0 0.44175700000000001 7.183953034248205 1 67 0.32488400000000001 0.011074000000000001 0.082393999999999953 0.0033049999999999998 0.001176 0.0027539999999999999 0.011188 0.15748799999999999 0.033992000000000001 0 0.026179000000000001 0.00087799999999999998 0.0030730000000000002 0.0010380000000000001 0.0034689999999999999 0.045322999999999988 0.027102999999999978 0 0 0
52 uniform 2 7 0.44631100000000001 8.1785919571366463 1 67 0.185668 0.010995 0.225938 0.0032570000000000003 0.0010499999999999999 0.0027529999999999998 0.010248999999999999 0.035539000000000001 0.022516999999999999 0 0.025586999999999999 0.00080099999999999995 0.0030660000000000001 0.001 0.0033609999999999998 0.18787200000000004 0.028050000000000002 0 0 1
52 uniform 2 15 0.44153599999999998 9.2939305523620916 1 67 0.18212600000000001 0.011042 0.225077 0.0030850000000000001 0.0010070000000000001 0.0025530000000000001 0.010043 0.036138999999999998 0.020660999999999999 0 0.025155 0.00071400000000000001 0.0029239999999999999 0.00092599999999999996 0.0032230000000000002 0.18867900000000001 0.02634499999999998 0 0 2
52 uniform 2 23 0.454594 10.386068312637899 1 67 0.18340000000000001 0.010843999999999999 0.23670300000000005 0.0035649999999999996 0.001026 0.0024120000000000001 0.0093299999999999998 0.036481 0.020746000000000001 0 0.025503999999999999 0.00085400000000000005 0.0029720000000000002 0.00095799999999999998 0.0033180000000000002 0.19964799999999996 0.02689299999999999 0 0 3
52 uniform 3 0 0.63538899999999998 922.41596922180076 1 29 0.55697099999999999 0.0096159999999999995 0.057127999999999991 0.00149 0.00048399999999999995 0.0029260000000000002 0.010711 0.17746999999999999 0.032571999999999997 0 0.025699 0.00081700000000000002 0.224881 0.001196 0.0032520000000000005 0.044545999999999995 0.0081660000000000031 0 0 0
52 uniform 3 7 0.54732800000000004 949.04621000999816 1 29 0.43792799999999998 0.0091350000000000008 0.088895999999999989 0.0014239999999999999 0.00040400000000000001 0.0025669999999999998 0.0096889999999999997 0.036638999999999998 0.031244999999999998 0 0.025448999999999999 0.00075100000000000004 0.25425300000000006 0.001217 0.0031379999999999997 0.076003000000000001 0.0083890000000000024 0 0 1
52 uniform 3 15 0.48694500000000002 979.98572376180221 1 29 0.38031700000000002 0.0089689999999999995 0.086367000000000013 0.0013900000000000002 0.00040200000000000001 0.0024020000000000001 0.0098840000000000004 0.036220000000000002 0.031290999999999999 0 0.025485000000000001 0.00073300000000000004 0.19803600000000002 0.0010690000000000001 0.0028469999999999997 0.074123999999999995 0.0077910000000000037 0 0 2
52 uniform 3 23 0.48759400000000003 1011.2255370606706 1 29 0.38495699999999999 0.0079839999999999998 0.084097000000000019 0.0012930000000000001 0.00036600000000000001 0.0023890000000000001 0.0095429999999999994 0.035753 0.031192000000000001 0 0.024771000000000001 0.000794 0.203351 0.00094899999999999997 0.0027719999999999997 0.071920999999999999 0.0077950000000000033 0 0 3
52 uniform 4 0 0.3821 5.5205676895419993 1 45 0.30048599999999998 0.0085210000000000008 0.055123000000000012 0.0024040000000000003 0.00070899999999999999 0.0026389999999999999 0.010521000000000001 0.15524299999999999 0.021942 0 0.026544999999999999 0.00077700000000000002 0.0019759999999999999 0.0012260000000000001 0.0032619999999999993 0.031637000000000005 0.016591999999999989 0 0 0
52 uniform 4 7 0.35435100000000003 5.5210174944025905 1 45 0.184285 0.0083320000000000009 0.14408599999999994 0.0022890000000000002 0.00065099999999999999 0.0027659999999999998 0.010381 0.030349999999999999 0.031372999999999998 0 0.027278 0.00085899999999999995 0.0018379999999999998 0.0012470000000000001 0.0030990000000000002 0.118483 0.016283999999999996 0 0 1
52 uniform 4 15 0.34396199999999999 5.5215316672353509 1 45 0.17194200000000001 0.0084399999999999996 0.14556300000000003 0.0022780000000000001 0.00066200000000000005 0.0023500000000000001 0.009391 0.033197999999999998 0.020773 0 0.026136 0.00071699999999999997 0.0017950000000000002 0.0010579999999999999 0.003052 0.11506300000000003 0.020544999999999997 0 0 2
52 uniform 4 23 0.36890699999999998 5.52204595758585 1 45 0.187945 0.0092720000000000007 0.15349399999999996 0.0022339999999999999 0.00061799999999999995 0.0024620000000000002 0.010369 0.035318000000000002 0.033382000000000002 0 0.025916000000000002 0.00070699999999999995 0.001846 0.0010349999999999999 0.0033080000000000002 0.12209999999999999 0.022138000000000008 0 0 3
53 linear 0 0 1.113121 2051.9822104342397 1 167 0.59782299999999999 0.015765999999999999 0.430261 0.014186000000000001 0.0020349999999999999 0.00297 0.01162 0.186804 0.025097000000000001 0 0.027456000000000001 0.00084099999999999995 0.23858400000000002 0.00080000000000000004 0.0045279999999999999 0.21706599999999976 0.085774000000000086 0.031641000000000016 0 0
53 linear 0 7 1.0686800000000001 2205.0646981350997 1 167 0.361151 0.013971000000000001 0.62853999999999954 0.011931000000000001 0.0016869999999999999 0.0028869999999999998 0.0109 0.037547999999999998 0.021687000000000001 0 0.027843 0.000803 0.15484499999999998 0.00066600000000000003 0.0045719999999999997 0.42527099999999968 0.080912000000000081 0.030044999999999978 0 1
53 linear 0 15 1.116212 2412.439005823604 1 167 0.41667399999999999 0.013571 0.62178799999999956 0.011394999999999999 0.00167 0.0027980000000000001 0.010794 0.034694999999999997 0.021812999999999999 0 0.026575000000000001 0.00085400000000000005 0.218468 0.00068300000000000001 0.0043680000000000004 0.41597500000000015 0.080387000000000083 0.029863999999999991 0 2
53 linear 0 23 1.128134 2674.2194801104442 1 166 0.44270900000000002 0.013651999999999999 0.6144740000000003 0.010695999999999999 0.0019420000000000001 0.0025630000000000002 0.010149 0.038481000000000001 0.021048000000000001 0 0.026924 0.00082200000000000003 0.24482499999999999 0.00064599999999999998 0.004104 0.41253000000000017 0.086941000000000185 0.031562999999999994 0 3
53 linear 1 0 0.95536399999999999 3699.2851729339341 1 158 0.53269100000000003 0.011148 0.35630200000000006 0.011049999999999997 0.0017150000000000002 0.0025639999999999999 0.010815 0.17840200000000001 0.024316999999999998 0 0.027293000000000001 0.00091200000000000005 0.19156099999999998 0.0011199999999999999 0.0036309999999999997 0.17254200000000011 0.078094000000000108 0.030423999999999993 0 0
53 linear 1 7 1.096525 3556.9337632488232 1 159 0.41287499999999999 0.010423999999999999 0.6179250000000005 0.010645999999999999 0.0018730000000000001 0.0029810000000000001 0.011358999999999999 0.033333000000000002 0.023406 0 0.027082999999999999 0.00086300000000000005 0.218636 0.0011230000000000001 0.0035100000000000001 0.42253499999999983 0.08179400000000013 0.030599999999999978 0 1
53 linear 1 15 1.0649299999999999 3343.7833619571088 1 159 0.38557799999999998 0.010239 0.61518699999999993 0.0099860000000000001 0.0016540000000000001 0.0026519999999999998 0.011273 0.026838999999999998 0.023786999999999999 0 0.027689999999999999 0.00085400000000000005 0.19853299999999999 0.00089099999999999997 0.003274 0.42243300000000006 0.08167100000000016 0.030697999999999982 0 2
53 linear 1 23 0.97736400000000001 3076.5787194147047 1 159 0.31655299999999997 0.010227 0.59726099999999971 0.0097169999999999982 0.0016659999999999999 0.0027330000000000002 0.010862999999999999 0.025534999999999999 0.023769999999999999 0 0.027823000000000001 0.00087900000000000001 0.13296299999999997 0.00083699999999999996 0.003277 0.40505300000000005 0.080703000000000122 0.030760000000000006 0 3
53 linear 2 0 0.90606500000000001 7.8856697919661123 1 90 0.67511699999999997 0.011679 0.18497100000000002 0.0061480000000000007 0.0012070000000000002 0.0030820000000000001 0.01154 0.18956899999999999 0.085369 0 0.026581 0.00089800000000000004 0.26542899999999997 0.0011529999999999999 0.0037669999999999999 0.068614999999999982 0.046549000000000014 0.012462000000000006 0 0
53 linear 2 7 0.53789200000000004 5.8075609412014577 1 61 0.37748199999999998 0.0085509999999999996 0.12703499999999995 0.0040370000000000007 0.000959 0.0031979999999999999 0.010872 0.047710000000000002 0.074263999999999997 0 0.026905999999999999 0.00093199999999999999 0.130937 0.0012979999999999999 0.0033239999999999997 0.069170000000000009 0.026444000000000002 0.0063040000000000023 0 1
53 linear 2 15 0.38611299999999998 5.1865962141494162 1 61 0.22770599999999999 0.0083330000000000001 0.12539900000000004 0.0040029999999999996 0.00082300000000000006 0.0030379999999999999 0.010456 0.049298000000000002 0.054948999999999998 0 0.026107999999999999 0.00088999999999999995 0.003392 0.0012329999999999999 0.0030920000000000006 0.068106000000000028 0.02583400000000001 0.0062830000000000004 0 2
53 linear 2 23 0.50189700000000004 4.7879118192092216 1 61 0.34171299999999999 0.008208 0.127746 0.0037999999999999996 0.00075500000000000003 0.0027599999999999999 0.0097020000000000006 0.049770000000000002 0.041477 0 0.026855 0.00079000000000000001 0.13206899999999999 0.0011150000000000001 0.003068 0.070438000000000014 0.025773999999999991 0.0063160000000000004 0 3
53 linear 3 0 0.48603499999999999 2.0463463003183309 1 61 0.35034500000000002 0.0082509999999999997 0.10308899999999999 0.0036470000000000001 0.00086200000000000014 0.0027230000000000002 0.010288 0.19613 0.032617 0 0.026266999999999999 0.00073999999999999999 0.0028939999999999999 0.0010889999999999999 0.0030349999999999995 0.044648999999999987 0.027020999999999993 0.0062849999999999998 0 0
53 linear 3 7 0.37072699999999997 2.0431987968168688 1 61 0.20893500000000001 0.0081740000000000007 0.129271 0.0035760000000000002 0.00085000000000000006 0.0025490000000000001 0.0098289999999999992 0.058784000000000003 0.032174000000000001 0 0.025259 0.00077399999999999995 0.0029380000000000001 0.00096699999999999998 0.0029820000000000003 0.072698999999999986 0.025048000000000015 0.0063209999999999994 0 1
53 linear 3 15 0.36947099999999999 2.0396656591863618 1 61 0.207457 0.008404 0.12832099999999999 0.003967 0.00084600000000000007 0.0026050000000000001 0.0095099999999999994 0.058853999999999997 0.031781999999999998 0 0.024868999999999999 0.00077800000000000005 0.0029429999999999999 0.001054 0.0030609999999999999 0.066418000000000005 0.025902999999999999 0.0063899999999999972 0 2
53 linear 3 23 0.365867 2.0361999048976411 1 61 0.214945 0.0084480000000000006 0.11753699999999999 0.003666 0.00093000000000000005 0.0026519999999999998 0.011294 0.060305999999999998 0.03381 0 0.025604999999999999 0.00069800000000000005 0.0029120000000000001 0.001024 0.0032630000000000003 0.061247999999999997 0.024001999999999996 0.0065329999999999971 0 3
53 linear 4 0 0.49471500000000002 3.3021592199836998 1 61 0.359848 0.0085220000000000001 0.10026300000000002 0.0037450000000000001 0.00095299999999999996 0.002836 0.011124 0.191051 0.045147 0 0.025656999999999999 0.000812 0.0030429999999999997 0.00115 0.0033349999999999999 0.042813000000000004 0.025083000000000001 0.0065209999999999956 0 0
53 linear 4 7 0.372726 3.2362431104886418 1 61 0.20912900000000001 0.0085100000000000002 0.13026699999999999 0.0035690000000000001 0.00087699999999999996 0.002542 0.01366 0.052634 0.034511 0 0.025298000000000001 0.00080900000000000004 0.0029570000000000004 0.00106 0.0033360000000000004 0.071938999999999989 0.026073000000000006 0.0065079999999999973 0 1
53 linear 4 15 0.35241299999999998 3.1670806722660245 1 61 0.20450099999999999 0.0080450000000000001 0.11611099999999999 0.0034200000000000003 0.00077699999999999991 0.002359 0.01038 0.053427000000000002 0.034946999999999999 0 0.025371999999999999 0.00076999999999999996 0.0030000000000000001 0.001026 0.0029389999999999998 0.060861000000000005 0.023981000000000002 0.0063150000000000012 0 2
53 linear 4 23 0.35480600000000001 3.1036179769368948 1 61 0.193411 0.0080280000000000004 0.12973100000000001 0.0035559999999999997 0.00069799999999999994 0.002209 0.0088579999999999996 0.048252000000000003 0.031215 0 0.025458000000000001 0.00071400000000000001 0.0029199999999999999 0.000919 0.0029729999999999999 0.069908000000000012 0.028582000000000017 0.0062980000000000024 0 3
53 uniform 0 0 0.99685699999999999 2022.1352186385609 1 167 0.58914599999999995 0.0144 0.32701999999999992 0.012576000000000002 0.0018660000000000003 0.0027759999999999998 0.010703000000000001 0.18153900000000001 0.022157 0 0.027466000000000001 0.000825 0.23866000000000001 0.00082600000000000002 0.0044729999999999995 0.21104200000000017 0.086260000000000295 0 0 0
53 uniform 0 7 0.96858 2174.5686815508329 1 167 0.35744599999999999 0.013736 0.5337120000000003 0.011089 0.0016669999999999999 0.0030119999999999999 0.011639999999999999 0.034271999999999997 0.021647 0 0.027866999999999999 0.00084199999999999998 0.155003 0.00066200000000000005 0.0044109999999999991 0.42291699999999999 0.08103400000000005 0 0 1
53 uniform 0 15 1.015781 2383.0140473719571 1 167 0.415298 0.013178 0.52475500000000019 0.010196999999999999 0.0016510000000000003 0.0026970000000000002 0.010904 0.034661999999999998 0.021444999999999999 0 0.026318999999999999 0.00086700000000000004 0.21856399999999998 0.00072800000000000002 0.0042570000000000004 0.41446799999999989 0.080425000000000038 0 0 2
53 uniform 0 23 1.071475 2650.4978447427511 1 174 0.44401000000000002 0.013721000000000001 0.55373299999999981 0.010674999999999999 0.0019729999999999999 0.0025760000000000002 0.0104 0.038546999999999998 0.02265 0 0.027174 0.00080199999999999998 0.244704 0.00064999999999999997 0.0041270000000000005 0.43539899999999998 0.086768000000000109 0 0 3
53 uniform 1 0 0.87527299999999997 3601.9567566400242 1 158 0.53125100000000003 0.010947 0.27855699999999978 0.0095590000000000015 0.001634 0.002715 0.011302 0.17871400000000001 0.024250000000000001 0 0.027775999999999999 0.00091100000000000003 0.19138399999999997 0.00115 0.0035449999999999995 0.17197100000000012 0.07786400000000003 0 0 0
53 uniform 1 7 0.98890100000000003 3484.8794084546903 1 151 0.41147099999999998 0.010344000000000001 0.51433099999999976 0.0089699999999999988 0.0014789999999999998 0.0026719999999999999 0.010961 0.033211999999999998 0.023805 0 0.027243 0.00083500000000000002 0.21906 0.001077 0.0034249999999999992 0.40906499999999968 0.077092000000000105 0 0 1
53 uniform 1 15 0.95596899999999996 3312.483366795062 1 151 0.38071500000000003 0.010069 0.51594100000000021 0.008489 0.0014089999999999999 0.0024229999999999998 0.010643 0.026773999999999999 0.022851 0 0.026780000000000002 0.00081499999999999997 0.198689 0.00089499999999999996 0.0031450000000000002 0.40809499999999993 0.080238000000000059 0 0 2
53 uniform 1 23 0.86809499999999995 3094.9764011480324 1 151 0.31187199999999998 0.010186000000000001 0.49681700000000006 0.0087730000000000013 0.0014750000000000002 0.002454 0.010656000000000001 0.025291999999999999 0.022261 0 0.027635 0.00087100000000000003 0.132766 0.00079900000000000001 0.0031669999999999997 0.39304100000000014 0.076140000000000013 0 0 3
53 uniform 2 0 0.824048 8.429659201994669 1 74 0.674373 0.011861999999999999 0.11104400000000002 0.0041640000000000002 0.0010679999999999999 0.0030769999999999999 0.011329000000000001 0.19227 0.085646 0 0.026835000000000001 0.000883 0.26335599999999998 0.00116 0.0036489999999999995 0.061145999999999992 0.038145999999999985 0 0 0
53 uniform 2 7 0.48119400000000001 5.9098289356511087 1 45 0.37861699999999998 0.0085909999999999997 0.076157000000000002 0.002526 0.00069800000000000005 0.0029729999999999999 0.010357999999999999 0.047969999999999999 0.073881000000000002 0 0.026727000000000001 0.00085999999999999998 0.13102 0.0013190000000000001 0.0032610000000000004 0.050942999999999995 0.018291999999999999 0 0 1
53 uniform 2 15 0.32468999999999998 5.2375894210953184 1 45 0.224407 0.0082299999999999995 0.074431999999999998 0.0023550000000000003 0.00063299999999999999 0.002856 0.0096760000000000006 0.049383000000000003 0.051970000000000002 0 0.026367000000000002 0.00077700000000000002 0.0034079999999999996 0.0011540000000000001 0.0030480000000000004 0.049893000000000007 0.017714000000000001 0 0 2
53 uniform 2 23 0.44729200000000002 4.8198788753407191 1 45 0.33976600000000001 0.0081010000000000006 0.078366000000000005 0.0023350000000000003 0.00058299999999999997 0.002513 0.00941 0.049693000000000001 0.041447999999999999 0 0.026696999999999999 0.00080599999999999997 0.13213800000000001 0.0011310000000000001 0.0030119999999999995 0.054133000000000014 0.017499000000000001 0 0 3
53 uniform 3 0 0.43254599999999999 2.0464069813479164 1 45 0.346943 0.0083429999999999997 0.059309000000000014 0.0025439999999999998 0.00070300000000000007 0.0027160000000000001 0.0099089999999999994 0.192577 0.032661999999999997 0 0.026605 0.00072800000000000002 0.0030499999999999998 0.0011440000000000001 0.0030990000000000002 0.035122000000000007 0.017405000000000007 0 0 0
53 uniform 3 7 0.32105800000000001 2.0432590679302871 1 45 0.20998 0.0084609999999999998 0.083355000000000012 0.0023259999999999999 0.00067599999999999995 0.002696 0.0099059999999999999 0.059299999999999999 0.032113999999999997 0 0.025357999999999999 0.00075199999999999996 0.0028980000000000004 0.001059 0.0033169999999999996 0.058890999999999999 0.017338999999999993 0 0 1
53 uniform 3 15 0.31920300000000001 2.0397254838435406 1 45 0.21782299999999999 0.0083090000000000004 0.075310999999999989 0.0022659999999999998 0.000602 0.0024499999999999999 0.010826000000000001 0.060314 0.035394000000000002 0 0.025245 0.00068999999999999997 0.0028840000000000003 0.0010709999999999999 0.0033570000000000002 0.050265999999999984 0.018016000000000001 0 0 2
53 uniform 3 23 0.31202299999999999 2.0362593059389194 1 45 0.213393 0.0082839999999999997 0.072480000000000003 0.0022789999999999998 0.00061300000000000005 0.002359 0.01021 0.060489000000000001 0.034370999999999999 0 0.025448999999999999 0.00076400000000000003 0.0029230000000000003 0.00096599999999999995 0.0033400000000000005 0.048674000000000002 0.016826999999999991 0 0 3
53 uniform 4 0 0.44323400000000002 3.3059007369408113 1 45 0.35975099999999999 0.0084060000000000003 0.057160000000000016 0.0023370000000000001 0.00071600000000000006 0.00263 0.010508999999999999 0.19097900000000001 0.045940000000000002 0 0.025642000000000002 0.00072099999999999996 0.0030820000000000001 0.0011820000000000001 0.0033649999999999995 0.032666000000000008 0.017509000000000004 0 0 0
53 uniform 4 7 0.30785499999999999 3.239517096534934 1 45 0.206956 0.0080960000000000008 0.075401999999999997 0.002287 0.00067699999999999998 0.0024750000000000002 0.0091730000000000006 0.055337999999999998 0.034856999999999999 0 0.025446 0.00070600000000000003 0.0030439999999999998 0.001186 0.0030340000000000002 0.050952999999999998 0.017753000000000012 0 0 1
53 uniform 4 15 0.29119600000000001 3.169915229557867 1 45 0.19955899999999999 0.0079950000000000004 0.066281000000000007 0.0023159999999999999 0.00058100000000000003 0.002333 0.0093749999999999997 0.051933 0.031191 0 0.026036 0.00075100000000000004 0.003006 0.001073 0.0029349999999999997 0.043063000000000011 0.01644 0 0 2
53 uniform 4 23 0.295736 3.1060917188628703 1 45 0.194521 0.0080700000000000008 0.076042999999999986 0.0022579999999999996 0.00053499999999999999 0.0022880000000000001 0.0087939999999999997 0.048145 0.031378000000000003 0 0.025999000000000001 0.00071000000000000002 0.002918 0.00088199999999999997 0.0029259999999999998 0.051839999999999983 0.017456000000000006 0 0 3
54 linear 0 0 0.56403199999999998 2.5368042829032356 1 101 0.26483200000000001 0.010182999999999999 0.25959799999999994 0.0052009999999999999 0.001134 0.0031099999999999999 0.011107000000000001 0.104821 0.026317 0 0.026473 0.00084099999999999995 0.00067200000000000007 0.001212 0.0039240000000000004 0.073200000000000029 0.027654999999999996 0.0084430000000000009 0 0
54 linear 0 7 0.49369499999999999 2.6045759023576536 1 101 0.167763 0.010031 0.28543700000000016 0.0048459999999999996 0.0010859999999999999 0.003192 0.011835999999999999 0.013609 0.022494 0 0.026647000000000001 0.00082899999999999998 0.00069500000000000009 0.0012949999999999999 0.0038499999999999993 0.090247999999999981 0.028653999999999989 0.0080729999999999986 0 1
54 linear 0 15 0.44914100000000001 2.6515818259317951 1 94 0.16414799999999999 0.0099880000000000004 0.24509199999999995 0.0047879999999999997 0.0014890000000000001 0.0030699999999999998 0.011774 0.0070800000000000004 0.022270000000000002 0 0.030766000000000002 0.00082799999999999996 0.00065800000000000006 0.001274 0.0036999999999999997 0.079748999999999945 0.02414299999999998 0.0080690000000000033 0 2
54 linear 0 23 0.49912400000000001 2.6674105429093911 1 109 0.163107 0.010507000000000001 0.29343000000000008 0.0048500000000000001 0.0013759999999999998 0.0030249999999999999 0.011672999999999999 0.0062430000000000003 0.022311000000000001 0 0.028473999999999999 0.00086200000000000003 0.00066700000000000006 0.001142 0.0036379999999999997 0.091797000000000004 0.027895999999999997 0.0097549999999999998 0 3
54 linear 1 0 0.36188500000000001 1.3047368948302327 1 86 0.22467200000000001 0.007097 0.10671600000000002 0.0034100000000000003 0.0010869999999999999 0.003094 0.011797 0.073483000000000007 0.024507999999999999 0 0.027438000000000001 0.00074100000000000001 0.00041300000000000006 0.0023670000000000002 0.003212 0.049050000000000024 0.022039999999999994 0.013424999999999996 0 0
54 linear 1 7 0.34079199999999998 1.3297785702941871 1 86 0.14860499999999999 0.006894 0.16174199999999997 0.0034900000000000005 0.0010249999999999999 0.0029810000000000001 0.0115 0.004999 0.024107 0 0.027793999999999999 0.00077099999999999998 0.000397 0.0017210000000000001 0.0030690000000000001 0.044463000000000003 0.021469000000000012 0.014678000000000004 0 1
54 linear 1 15 0.348916 1.3500946551739137 1 79 0.16192599999999999 0.0071339999999999997 0.15917599999999998 0.0029110000000000004 0.00096499999999999993 0.0031129999999999999 0.011554999999999999 0.014024 0.023675000000000002 0 0.027882000000000001 0.00081599999999999999 0.00039500000000000001 0.001877 0.0030309999999999998 0.042872000000000007 0.018182000000000007 0.013221999999999998 0 2
54 linear 1 23 0.34439599999999998 1.3607655109863797 1 79 0.15187400000000001 0.0066499999999999997 0.16544200000000001 0.0027890000000000002 0.00081399999999999994 0.002954 0.011256 0.0066899999999999998 0.023334000000000001 0 0.028235 0.00079100000000000004 0.00041900000000000005 0.0017880000000000001 0.0028630000000000001 0.043823999999999995 0.019164000000000011 0.013381000000000001 0 3
54 linear 2 0 0.30820199999999998 1.1478982758195972 1 52 0.219916 0.0091039999999999992 0.059645000000000004 0.0030990000000000002 0.000901 0.0030669999999999998 0.011435000000000001 0.066035999999999997 0.024348000000000002 0 0.027550999999999999 0.000812 0.00062199999999999994 0.0012539999999999999 0.0032889999999999998 0.028433999999999997 0.012558999999999996 0.006764 0 0
54 linear 2 7 0.25458900000000001 1.1707660446297632 1 59 0.15452099999999999 0.0088109999999999994 0.072519000000000028 0.002892 0.00097399999999999993 0.0031080000000000001 0.010744999999999999 0.0050000000000000001 0.023373999999999999 0 0.027980000000000001 0.00079600000000000005 0.00059999999999999995 0.001155 0.0031099999999999999 0.036226999999999981 0.015240000000000002 0.0077550000000000032 0 1
54 linear 2 15 0.294151 1.2077403981663257 1 79 0.15883 0.0095650000000000006 0.10336999999999999 0.0033790000000000005 0.0010559999999999999 0.0029290000000000002 0.010904 0.0067369999999999999 0.023583 0 0.031831999999999999 0.00080900000000000004 0.00059099999999999995 0.0010740000000000001 0.0031359999999999999 0.051508000000000005 0.022316000000000013 0.011015 0 2
54 linear 2 23 0.28917700000000002 1.2619306725808659 1 94 0.15204400000000001 0.0071029999999999999 0.10443999999999996 0.0037320000000000001 0.0011719999999999999 0.0029150000000000001 0.01098 0.007064 0.024104 0 0.027942999999999999 0.00074100000000000001 0.00041299999999999996 0.001766 0.0029349999999999997 0.04766399999999997 0.021710000000000011 0.013012999999999997 0 3
54 linear 3 0 0.36893500000000001 1.1426957017565738 1 67 0.220473 0.009443 0.11315400000000003 0.004653 0.00085099999999999998 0.002934 0.011029000000000001 0.066325999999999996 0.024687000000000001 0 0.028247999999999999 0.00087000000000000001 0.00059900000000000003 0.001157 0.0032430000000000002 0.063791 0.02093699999999998 0.010615999999999997 0 0
54 linear 3 7 0.32080900000000001 1.1677303786741517 1 75 0.16139500000000001 0.0088450000000000004 0.124029 0.0051320000000000003 0.001127 0.0027629999999999998 0.010604000000000001 0.0059449999999999998 0.024402 0 0.033461999999999999 0.00082299999999999995 0.00057700000000000004 0.00117 0.0032179999999999995 0.068231000000000014 0.021656999999999992 0.013434 0 1
54 linear 3 15 0.28894599999999998 1.2024136900023692 1 59 0.15278 0.0086300000000000005 0.106182 0.0035530000000000002 0.00098600000000000011 0.0028479999999999998 0.010614999999999999 0.004718 0.024697 0 0.027290999999999999 0.00071400000000000001 0.00063100000000000005 0.0011329999999999999 0.003166 0.061841999999999987 0.018066999999999993 0.0098980000000000005 0 2
54 linear 3 23 0.28401100000000001 1.2461483715118458 1 59 0.156115 0.0084440000000000001 0.098438999999999985 0.0033440000000000002 0.00071300000000000009 0.003009 0.010919999999999999 0.004627 0.024923000000000001 0 0.028479000000000001 0.00077099999999999998 0.00057899999999999998 0.0011130000000000001 0.0029160000000000002 0.053974999999999988 0.018366999999999998 0.009779000000000003 0 3
54 linear 4 0 0.37333499999999997 1.085329648605077 1 65 0.22716700000000001 0.0096229999999999996 0.118676 0.0028089999999999999 0.00083400000000000011 0.0029859999999999999 0.010995 0.067611000000000004 0.023793999999999999 0 0.029405000000000001 0.00075199999999999996 0.0006069999999999999 0.001031 0.0034490000000000007 0.079154999999999975 0.015586999999999993 0.0081580000000000038 0 0
54 linear 4 7 0.27946900000000002 1.1001501540979992 1 58 0.144481 0.0091850000000000005 0.10876600000000002 0.0026440000000000001 0.00073099999999999999 0.0027810000000000001 0.010877 0.0050179999999999999 0.010887000000000001 0 0.027954 0.00084400000000000002 0.00063400000000000001 0.00116 0.0033860000000000001 0.074115000000000028 0.013270000000000001 0.007337000000000005 0 1
54 linear 4 15 0.27096399999999998 1.120652354124001 1 58 0.15260199999999999 0.0091129999999999996 0.092532000000000003 0.0025989999999999997 0.00068800000000000003 0.002859 0.010248999999999999 0.0046109999999999996 0.021593000000000001 0 0.027890999999999999 0.00070799999999999997 0.00061099999999999989 0.00108 0.0035140000000000006 0.058334000000000004 0.012917 0.0074480000000000032 0 2
54 linear 4 23 0.32608100000000001 1.1458204740054785 1 73 0.151251 0.0088819999999999993 0.14348399999999997 0.003529 0.0010379999999999999 0.0027560000000000002 0.010512000000000001 0.0043509999999999998 0.021399999999999999 0 0.027491000000000002 0.00077999999999999999 0.00061200000000000002 0.001024 0.0033340000000000002 0.087429999999999952 0.024369000000000002 0.012145000000000003 0 3
54 uniform 0 0 0.41946600000000001 2.4363258122398901 1 101 0.26077899999999998 0.01009 0.11951499999999995 0.0046589999999999999 0.0011280000000000001 0.0029290000000000002 0.010871 0.104826 0.021916999999999999 0 0.026328000000000001 0.00075299999999999998 0.00064199999999999999 0.0012099999999999999 0.0039789999999999999 0.075037999999999994 0.030021999999999976 0 0 0
54 uniform 0 7 0.327096 2.4791369919594834 1 93 0.166492 0.0098150000000000008 0.12377799999999996 0.0040969999999999999 0.00085699999999999991 0.0030769999999999999 0.01078 0.013535 0.022304000000000001 0 0.026641000000000001 0.00083100000000000003 0.00065700000000000014 0.001209 0.003772999999999999 0.084186999999999998 0.026322999999999996 0 0 1
54 uniform 0 15 0.32033200000000001 2.5082131867422932 1 94 0.16342699999999999 0.010041 0.11933399999999998 0.0040160000000000005 0.0011429999999999999 0.0028189999999999999 0.010926 0.0064770000000000001 0.021963 0 0.027219 0.000861 0.00064100000000000008 0.0010690000000000001 0.003539 0.081927000000000014 0.023997000000000001 0 0 2
54 uniform 0 23 0.32205899999999998 2.5180470911258723 1 101 0.15598000000000001 0.010414 0.12763800000000003 0.0039179999999999996 0.0010039999999999999 0.0027810000000000001 0.010885000000000001 0.0056519999999999999 0.022360999999999999 0 0.027810999999999999 0.00088199999999999997 0.00064700000000000001 0.00092400000000000002 0.0033390000000000004 0.088059000000000026 0.025139000000000002 0 0 3
54 uniform 1 0 0.32719199999999998 1.3107517503467188 1 86 0.21237800000000001 0.0072459999999999998 0.084820000000000007 0.003186 0.00085700000000000001 0.002872 0.011207999999999999 0.067460999999999993 0.022589000000000001 0 0.026995000000000002 0.00070600000000000003 0.00039100000000000002 0.0018829999999999999 0.0030109999999999998 0.049555000000000009 0.021972999999999993 0 0 0
54 uniform 1 7 0.25940600000000003 1.3327852912954925 1 86 0.150508 0.0068799999999999998 0.079322000000000017 0.00299 0.00091699999999999995 0.0030539999999999999 0.011431 0.0051450000000000003 0.022526000000000001 0 0.028250999999999998 0.00075199999999999996 0.00039499999999999995 0.0016379999999999999 0.0029909999999999997 0.04456400000000002 0.021543999999999983 0 0 1
54 uniform 1 15 0.25678699999999999 1.3500983163548814 1 79 0.15384700000000001 0.0068849999999999996 0.07653699999999998 0.0024039999999999999 0.00081399999999999984 0.002882 0.010931 0.014173 0.021923000000000002 0 0.02811 0.00069899999999999997 0.00038699999999999997 0.0017440000000000001 0.0029249999999999996 0.046391000000000002 0.018301000000000001 0 0 2
54 uniform 1 23 0.24682299999999999 1.3585416307333293 1 79 0.14666399999999999 0.0063600000000000002 0.073905000000000012 0.0024990000000000004 0.0009630000000000001 0.0027169999999999998 0.010683 0.0065300000000000002 0.021644 0 0.027838000000000002 0.00080500000000000005 0.00041899999999999999 0.0016800000000000001 0.0028589999999999996 0.043111000000000003 0.018962 0 0 3
54 uniform 2 0 0.30831999999999998 1.1512711526810788 1 60 0.216474 0.00894 0.061947000000000009 0.003771 0.00086800000000000006 0.0029640000000000001 0.011168000000000001 0.065988000000000005 0.022380000000000001 0 0.028344000000000001 0.00089400000000000005 0.00062800000000000009 0.0012310000000000001 0.0031079999999999997 0.034862999999999984 0.014881999999999998 0 0 0
54 uniform 2 7 0.248638 1.1752484334326849 1 59 0.15626599999999999 0.010233000000000001 0.062377999999999996 0.0030370000000000006 0.00084100000000000006 0.0029719999999999998 0.010992 0.0049550000000000002 0.021999999999999999 0 0.028171999999999999 0.00075699999999999997 0.00064700000000000001 0.0012199999999999999 0.0034940000000000006 0.037623000000000011 0.015712000000000004 0 0 1
54 uniform 2 15 0.28266599999999997 1.215558405789892 1 79 0.161161 0.010803999999999999 0.088184000000000026 0.0029970000000000001 0.0009320000000000001 0.003045 0.012274999999999999 0.0068409999999999999 0.025353000000000001 0 0.028014000000000001 0.00080099999999999995 0.00063200000000000007 0.0012080000000000001 0.0034840000000000001 0.052753000000000008 0.022778000000000003 0 0 2
54 uniform 2 23 0.28112300000000001 1.2728242087005104 1 94 0.152034 0.0071700000000000002 0.095083000000000029 0.0037650000000000001 0.0011539999999999999 0.0029510000000000001 0.011936 0.0069930000000000001 0.025394 0 0.027487000000000001 0.00080800000000000002 0.000406 0.0017409999999999999 0.0031780000000000003 0.054769999999999992 0.025230000000000013 0 0 3
54 uniform 3 0 0.35148499999999999 1.1456198945499674 1 51 0.246085 0.0096830000000000006 0.076545000000000002 0.0027320000000000001 0.00071699999999999997 0.0028419999999999999 0.010936 0.068039000000000002 0.025609 0 0.050862999999999998 0.00075500000000000003 0.00060099999999999997 0.0011490000000000001 0.003689 0.05007699999999999 0.017891000000000001 0 0 0
54 uniform 3 7 0.29974699999999999 1.1714379715438747 1 75 0.15843699999999999 0.0091319999999999995 0.10561900000000005 0.0046950000000000004 0.0010049999999999998 0.0028760000000000001 0.010612 0.0059319999999999998 0.024767000000000001 0 0.028882999999999999 0.00075500000000000003 0.00059199999999999997 0.00114 0.0036110000000000001 0.069718999999999975 0.023272999999999988 0 0 1
54 uniform 3 15 0.27024100000000001 1.207399687696928 1 59 0.15201500000000001 0.0086130000000000009 0.088849999999999985 0.0030440000000000007 0.00085499999999999997 0.002983 0.010888 0.0048139999999999997 0.022252000000000001 0 0.028001999999999999 0.00077200000000000001 0.00060600000000000009 0.00096900000000000003 0.0031249999999999993 0.061249999999999992 0.018007000000000002 0 0 2
54 uniform 3 23 0.26359700000000003 1.2532464887205712 1 59 0.151225 0.0085550000000000001 0.081251999999999977 0.005561 0.00073700000000000002 0.0029580000000000001 0.01051 0.0048890000000000001 0.021821 0 0.028074000000000002 0.00075600000000000005 0.00061300000000000005 0.001021 0.0030699999999999998 0.053348000000000007 0.018375999999999993 0 0 3
54 uniform 4 0 0.33340799999999998 1.0867663795891014 1 57 0.21884100000000001 0.0095530000000000007 0.089936999999999989 0.0019719999999999998 0.00065099999999999999 0.003003 0.010723 0.067680000000000004 0.021901 0 0.028035999999999998 0.00082899999999999998 0.00062199999999999994 0.0011479999999999999 0.0034249999999999997 0.067697000000000021 0.013665000000000007 0 0 0
54 uniform 4 7 0.26595800000000003 1.1019332255323044 1 58 0.14364399999999999 0.0089800000000000001 0.09633300000000003 0.0025539999999999998 0.00073200000000000001 0.0027550000000000001 0.010828000000000001 0.0048770000000000003 0.011061 0 0.027952999999999999 0.000785 0.00060300000000000002 0.001173 0.0035370000000000002 0.074255000000000002 0.013323000000000003 0 0 1
54 uniform 4 15 0.26102599999999998 1.1229494413156349 1 58 0.15506700000000001 0.0090749999999999997 0.08019900000000002 0.0024099999999999998 0.00065499999999999998 0.002859 0.010701 0.004836 0.022121999999999999 0 0.027751999999999999 0.00077200000000000001 0.00059399999999999991 0.0013010000000000001 0.0035159999999999996 0.058540999999999996 0.012944999999999995 0 0 2
54 uniform 4 23 0.30763600000000002 1.1488114199825257 1 73 0.15584600000000001 0.0089529999999999992 0.11999099999999999 0.0034999999999999996 0.00099800000000000019 0.00579 0.010676 0.0048240000000000002 0.021425 0 0.027748999999999999 0.00082200000000000003 0.00062 0.001062 0.0035320000000000004 0.087511000000000005 0.020754999999999999 0 0 3
55 linear 0 0 0.91337000000000002 3216.2311169186414 1 137 0.45985700000000002 0.012553999999999999 0.38392599999999988 0.011135000000000001 0.0017360000000000001 0.003163 0.010956 0.18743699999999999 0.032613000000000003 0 0.026648000000000002 0.00080500000000000005 0.100804 0.00056300000000000002 0.0032800000000000004 0.18412199999999984 0.096437000000000175 0.027030999999999996 0 0
55 linear 0 7 1.079715 3073.6722869363566 1 137 0.47203499999999998 0.012736000000000001 0.54205799999999993 0.010699999999999999 0.0015019999999999999 0.002892 0.010852000000000001 0.051336 0.021742000000000001 0 0.026766000000000002 0.00084199999999999998 0.25937199999999999 0.000562 0.0032460000000000002 0.34543900000000005 0.093416000000000027 0.027123000000000015 0 1
55 linear 0 15 1.003871 2902.6915732450343 1 121 0.47285199999999999 0.014343 0.46779999999999999 0.0091170000000000001 0.001526 0.0028010000000000001 0.010895999999999999 0.051313999999999999 0.033440999999999999 0 0.026249999999999999 0.00082100000000000001 0.25273500000000004 0.00063400000000000001 0.0031879999999999999 0.28824100000000002 0.080224000000000031 0.023506999999999997 0 2
55 linear 0 23 1.1232930000000001 2726.7699119964054 1 145 0.51279399999999997 0.014115000000000001 0.54339199999999976 0.0098199999999999989 0.001681 0.0026940000000000002 0.010515999999999999 0.051313999999999999 0.033003999999999999 0 0.026671 0.00077499999999999997 0.29563099999999998 0.00060999999999999997 0.0030470000000000002 0.33503799999999995 0.09647900000000012 0.027989999999999984 0 3
55 linear 1 0 0.49403399999999997 1504.0444111383574 1 74 0.339893 0.010937000000000001 0.11788200000000003 0.004058 0.0011980000000000001 0.0027060000000000001 0.010533000000000001 0.187446 0.024538000000000001 0 0.027233 0.00086499999999999999 0.0019499999999999999 0.00142 0.0033519999999999995 0.059219000000000015 0.025526000000000014 0.010252999999999995 0 0
55 linear 1 7 0.55325500000000005 1331.0097077096634 1 74 0.20025399999999999 0.010514000000000001 0.3169499999999999 0.0040920000000000002 0.001029 0.0025360000000000001 0.010026999999999999 0.050201999999999997 0.023865999999999998 0 0.026893 0.00077399999999999995 0.0018989999999999999 0.001302 0.003271 0.25639900000000004 0.025459999999999993 0.010100000000000001 0 1
55 linear 1 15 0.46158900000000003 1112.1823211343283 1 59 0.191437 0.0099349999999999994 0.24067600000000003 0.0031800000000000001 0.00086199999999999992 0.0023349999999999998 0.0099609999999999994 0.048259999999999997 0.021857000000000001 0 0.026596999999999999 0.00074100000000000001 0.0019190000000000001 0.001054 0.0031700000000000001 0.19667900000000008 0.016829999999999998 0.0067010000000000021 0 2
55 linear 1 23 0.494336 869.0113944011606 1 67 0.19095000000000001 0.0098770000000000004 0.26971299999999998 0.0040330000000000001 0.00080199999999999998 0.0023500000000000001 0.0099399999999999992 0.044392000000000001 0.022027999999999999 0 0.026741999999999998 0.00088900000000000003 0.0019000000000000002 0.0011590000000000001 0.0032890000000000003 0.21853500000000001 0.020239999999999987 0.0073650000000000026 0 3
55 linear 2 0 0.603742 3.6628941814983658 1 60 0.46397300000000002 0.012204 0.106338 0.0035790000000000001 0.001122 0.0029610000000000001 0.011875999999999999 0.18392900000000001 0.022422000000000001 0 0.027508000000000001 0.00088500000000000004 0.131883 0.0012520000000000001 0.0031459999999999999 0.050659000000000003 0.029854999999999996 0.0066570000000000015 0 0
55 linear 2 7 0.73915699999999995 3.4586786692015732 1 60 0.463723 0.0087069999999999995 0.24556100000000003 0.0036820000000000004 0.00086000000000000009 0.0028140000000000001 0.010456999999999999 0.055925999999999997 0.021648000000000001 0 0.026492000000000002 0.00085800000000000004 0.268121 0.001307 0.0030830000000000002 0.18954000000000001 0.030354000000000003 0.0066550000000000029 0 1
55 linear 2 15 0.74995699999999998 3.2246085444768449 1 60 0.47534599999999999 0.0084069999999999995 0.24528399999999997 0.0034979999999999998 0.00091 0.0027160000000000001 0.010609 0.058679000000000002 0.021496000000000001 0 0.030061000000000001 0.00079000000000000001 0.273843 0.001067 0.0029779999999999997 0.18900599999999995 0.030294000000000001 0.0066680000000000012 0 2
55 linear 2 23 0.62514000000000003 2.9929228944050497 1 68 0.32121300000000003 0.0082480000000000001 0.27041000000000009 0.0044879999999999998 0.00085599999999999988 0.0025799999999999998 0.0095770000000000004 0.047220999999999999 0.021505 0 0.025926999999999999 0.000834 0.13694400000000001 0.00097599999999999998 0.0029899999999999996 0.20403500000000005 0.030363999999999999 0.0068800000000000024 0 3
55 linear 3 0 0.74990500000000004 1.748045853137361 1 61 0.59962099999999996 0.0096419999999999995 0.11498599999999999 0.0043410000000000002 0.00086400000000000008 0.0025639999999999999 0.0095930000000000008 0.19487499999999999 0.031933000000000003 0 0.025857999999999999 0.00085499999999999997 0.25751599999999997 0.0010269999999999999 0.00331 0.04970999999999999 0.027382000000000007 0.0095099999999999994 0 0
55 linear 3 7 0.62886900000000001 1.7543246681802578 1 61 0.309498 0.0095209999999999999 0.283752 0.003921 0.00082600000000000002 0.0025349999999999999 0.010351000000000001 0.054350999999999997 0.034168999999999998 0 0.025798999999999999 0.00084500000000000005 0.105028 0.0010300000000000001 0.0033169999999999996 0.21421299999999996 0.029564000000000003 0.0067600000000000021 0 1
55 linear 3 15 0.62721199999999999 1.7616374163589565 1 61 0.33695000000000003 0.0083020000000000004 0.25739600000000001 0.0036339999999999996 0.00077700000000000002 0.0023830000000000001 0.01001 0.048569000000000001 0.023362999999999998 0 0.025423999999999999 0.00074200000000000004 0.15146300000000001 0.00098200000000000002 0.0033029999999999995 0.19552899999999998 0.025955000000000009 0.0062779999999999963 0 2
55 linear 3 23 0.64202999999999999 1.7691008691568062 1 61 0.370143 0.0081899999999999994 0.23977299999999996 0.0037620000000000002 0.00070899999999999999 0.0022399999999999998 0.0085030000000000001 0.053008 0.030790999999999999 0 0.025009 0.00070500000000000001 0.17629900000000001 0.000959 0.0029380000000000001 0.17987700000000004 0.026141000000000001 0.0060890000000000007 0 3
55 linear 4 0 0.77023600000000003 1.7460485069392822 1 61 0.60597900000000005 0.0082140000000000008 0.13182499999999997 0.0034809999999999997 0.001008 0.0022820000000000002 0.0090810000000000005 0.18951899999999999 0.052877 0 0.025978000000000001 0.00080000000000000004 0.24856400000000001 0.0011620000000000001 0.0029939999999999997 0.070109000000000032 0.027149 0.0060710000000000017 0 0
55 linear 4 7 0.59140899999999996 1.7235852764870154 1 61 0.34007599999999999 0.0081139999999999997 0.21905699999999997 0.0034649999999999998 0.00078399999999999997 0.0022230000000000001 0.0089650000000000007 0.055298 0.040864999999999999 0 0.025561 0.00077800000000000005 0.13169500000000001 0.0011199999999999999 0.0031380000000000002 0.15816100000000002 0.026355999999999984 0.0060690000000000006 0 1
55 linear 4 15 0.61375199999999996 1.7007223976564396 1 61 0.34388400000000002 0.0081030000000000008 0.23774699999999993 0.0034029999999999998 0.00069600000000000011 0.0022590000000000002 0.0084320000000000003 0.052793 0.051451999999999998 0 0.025493999999999999 0.00078299999999999995 0.128858 0.0010640000000000001 0.0029550000000000006 0.176235 0.027211000000000006 0.0060770000000000025 0 2
55 linear 4 23 0.59643800000000002 1.6803296089875916 1 61 0.33193800000000001 0.008071 0.23255900000000002 0.003503 0.00076699999999999989 0.002199 0.011084 0.049376000000000003 0.041050999999999997 0 0.025412000000000001 0.00072000000000000005 0.12881699999999999 0.00097400000000000004 0.0030040000000000002 0.17198799999999997 0.025790999999999988 0.0060870000000000004 0 3
55 uniform 0 0 0.83118199999999998 3082.8921419002995 1 137 0.46237699999999998 0.012449 0.30418600000000012 0.010269000000000002 0.0015660000000000001 0.0028500000000000001 0.011217 0.18712799999999999 0.033758999999999997 0 0.026189 0.00083600000000000005 0.10301600000000001 0.00066299999999999996 0.0031639999999999997 0.18251900000000015 0.096294000000000129 0 0 0
55 uniform 0 7 0.99728499999999998 2953.5166494356881 1 137 0.46879999999999999 0.012496 0.46406900000000006 0.010005 0.001513 0.0027060000000000001 0.010319 0.051239 0.023087 0 0.026499999999999999 0.00079699999999999997 0.25947799999999999 0.00059900000000000003 0.0031479999999999998 0.34570400000000001 0.09296600000000016 0 0 1
55 uniform 0 15 0.94796400000000003 2798.8792657111426 1 129 0.47089999999999999 0.014370000000000001 0.41275000000000006 0.0085609999999999992 0.0015340000000000002 0.00264 0.01047 0.051305000000000003 0.033556999999999997 0 0.026030000000000001 0.00081599999999999999 0.25245099999999998 0.00057799999999999995 0.0032209999999999999 0.30441300000000016 0.083736000000000158 0 0 2
55 uniform 0 23 1.009152 2639.6974242180067 1 137 0.50937699999999997 0.013911 0.43619399999999992 0.0082019999999999992 0.0013849999999999999 0.0025579999999999999 0.010205000000000001 0.051096999999999997 0.033295999999999999 0 0.026263999999999999 0.000754 0.29571200000000003 0.00056800000000000004 0.0029490000000000002 0.31890999999999992 0.091535000000000075 0 0 3
55 uniform 1 0 0.46191300000000002 1526.0227923877615 1 66 0.33724700000000002 0.010871 0.090878 0.0033480000000000003 0.00094199999999999991 0.0026459999999999999 0.010144 0.187662 0.022901000000000001 0 0.027257 0.000794 0.0018809999999999999 0.0013359999999999999 0.003246999999999999 0.056857999999999985 0.02329899999999999 0 0 0
55 uniform 1 7 0.52942900000000004 1376.0964305779728 1 74 0.20056499999999999 0.01042 0.29325599999999996 0.0037960000000000003 0.0010760000000000001 0.002637 0.010544 0.050417999999999998 0.022366 0 0.029744 0.00080099999999999995 0.0019529999999999999 0.0011850000000000001 0.003307 0.25608600000000004 0.025285000000000005 0 0 1
55 uniform 1 15 0.44131300000000001 1173.9303111133315 1 59 0.19023899999999999 0.0098429999999999993 0.22190200000000007 0.0028769999999999998 0.00084199999999999998 0.0023700000000000001 0.010019999999999999 0.047893999999999999 0.021610999999999998 0 0.026957999999999999 0.00069499999999999998 0.001758 0.000977 0.0031709999999999993 0.19619299999999998 0.016729000000000001 0 0 2
55 uniform 1 23 0.40880699999999998 921.22867685273934 1 51 0.191886 0.0095119999999999996 0.19100200000000003 0.0022950000000000002 0.00067100000000000005 0.002287 0.0096609999999999994 0.044560000000000002 0.021614000000000001 0 0.032240999999999999 0.00079900000000000001 0.0019680000000000001 0.0010300000000000001 0.0030899999999999994 0.168181 0.014799999999999995 0 0 3
55 uniform 2 0 0.58033999999999997 3.783250454555307 1 60 0.46161200000000002 0.0088079999999999999 0.089471000000000009 0.003065 0.00098899999999999986 0.0029559999999999999 0.011394 0.18324399999999999 0.022204999999999999 0 0.027320000000000001 0.00086200000000000003 0.13162599999999999 0.0012359999999999999 0.0031750000000000003 0.050568000000000002 0.029849999999999981 0 0 0
55 uniform 2 7 0.72675999999999996 3.5870473372312963 1 60 0.468138 0.0088450000000000004 0.22879500000000003 0.003104 0.00097799999999999992 0.0026210000000000001 0.010548 0.055875000000000001 0.021735999999999998 0 0.029732999999999999 0.00083100000000000003 0.26717800000000003 0.001178 0.0031759999999999996 0.18915799999999997 0.030474999999999999 0 0 1
55 uniform 2 15 0.72949299999999995 3.3516785161236311 1 60 0.47269 0.0083960000000000007 0.22808299999999998 0.0027959999999999999 0.00097599999999999998 0.0027230000000000002 0.0097809999999999998 0.058689999999999999 0.021018999999999999 0 0.026596999999999999 0.00075500000000000003 0.27618900000000002 0.0011429999999999999 0.0030800000000000003 0.18842300000000001 0.030280999999999988 0 0 2
55 uniform 2 23 0.62927299999999997 3.1040072912512695 1 60 0.32272200000000001 0.0095600000000000008 0.27502499999999996 0.0028480000000000003 0.00085399999999999994 0.002317 0.0091680000000000008 0.047169000000000003 0.024323999999999998 0 0.025703 0.00074799999999999997 0.13694199999999998 0.0010150000000000001 0.0033099999999999996 0.22151500000000002 0.038641000000000009 0 0 3
55 uniform 3 0 0.69686000000000003 1.7491477074504109 1 45 0.60437099999999999 0.0086820000000000005 0.064290999999999987 0.0023350000000000003 0.00079000000000000001 0.0025579999999999999 0.010251 0.19614899999999999 0.033945999999999997 0 0.025982000000000002 0.00079299999999999998 0.257716 0.0011540000000000001 0.0032770000000000004 0.034769999999999988 0.022523999999999999 0 0 0
55 uniform 3 7 0.50447299999999995 1.7554748529576572 1 45 0.31161 0.0083149999999999995 0.16679300000000002 0.0023730000000000001 0.00072099999999999996 0.0025079999999999998 0.010344000000000001 0.054269999999999999 0.034651000000000001 0 0.025541999999999999 0.000754 0.10756 0.0010579999999999999 0.0029350000000000001 0.13890000000000002 0.02112399999999999 0 0 1
55 uniform 3 15 0.52387099999999998 1.762846062097883 1 45 0.32554 0.0081069999999999996 0.17272499999999999 0.002245 0.00064700000000000001 0.0022820000000000002 0.0086230000000000005 0.047534 0.020650000000000002 0 0.025566999999999999 0.00070299999999999996 0.14677000000000001 0.00095699999999999995 0.0028960000000000001 0.14500899999999997 0.020888000000000004 0 0 2
55 uniform 3 23 0.57112499999999999 1.7703716681915762 1 45 0.375137 0.0082480000000000001 0.17047200000000001 0.0022559999999999998 0.00062599999999999993 0.0021840000000000002 0.0084620000000000008 0.052853999999999998 0.030807000000000001 0 0.025270999999999998 0.00067500000000000004 0.178646 0.001137 0.00297 0.14253200000000002 0.021138999999999995 0 0 3
55 uniform 4 0 0.71729100000000001 1.7476884888953794 1 45 0.60166500000000001 0.0081429999999999992 0.089907000000000015 0.0023020000000000002 0.00081700000000000002 0.002313 0.0089359999999999995 0.18568200000000001 0.052608000000000002 0 0.025925 0.00086399999999999997 0.248503 0.001157 0.0029889999999999999 0.060833999999999999 0.022328999999999998 0 0 0
55 uniform 4 7 0.51132900000000003 1.7249619615788798 1 45 0.33709600000000001 0.0080560000000000007 0.14882399999999998 0.0022260000000000001 0.000696 0.002153 0.0088870000000000008 0.055308000000000003 0.040895000000000001 0 0.025568 0.00079500000000000003 0.129417 0.0010970000000000001 0.0029720000000000002 0.12068899999999998 0.021137 0 0 1
55 uniform 4 15 0.53015400000000001 1.7018667485302585 1 45 0.34380100000000002 0.0079670000000000001 0.16109300000000004 0.0022659999999999998 0.00060800000000000003 0.0021789999999999999 0.0085649999999999997 0.052668 0.051579 0 0.025333999999999999 0.00071699999999999997 0.12910099999999999 0.001016 0.003003 0.13238900000000001 0.021803999999999994 0 0 2
55 uniform 4 23 0.52061100000000005 1.6812939660339752 1 45 0.33084999999999998 0.0078980000000000005 0.16476799999999997 0.0021970000000000002 0.00057499999999999999 0.0021770000000000001 0.0083540000000000003 0.049371999999999999 0.042749000000000002 0 0.025673999999999999 0.00072300000000000001 0.128964 0.001054 0.0030049999999999999 0.13711000000000001 0.020857999999999998 0 0 3
56 linear 0 0 0.53605199999999997 91.317025395733978 1 66 0.38263799999999998 0.011625 0.11791099999999999 0.0041359999999999999 0.001091 0.0031199999999999999 0.011533 0.16900699999999999 0.075301999999999994 0 0.026429000000000001 0.00083600000000000005 0.00083299999999999997 0.001181 0.003503 0.056058999999999998 0.026173000000000002 0.0067630000000000016 0 0
56 linear 0 7 0.59038599999999997 106.63047445871261 1 74 0.242339 0.011101 0.31120700000000001 0.0041090000000000007 0.0010859999999999999 0.0028800000000000002 0.010770999999999999 0.051006000000000003 0.065243999999999996 0 0.025589000000000001 0.00084000000000000003 0.00086800000000000017 0.0011360000000000001 0.0033599999999999997 0.24352600000000002 0.029631000000000001 0.0077210000000000039 0 1
56 linear 0 15 0.57612699999999994 123.02364883882791 1 74 0.24318200000000001 0.010992 0.29662499999999997 0.0039110000000000004 0.0010119999999999999 0.0025569999999999998 0.0099430000000000004 0.050965000000000003 0.065004000000000006 0 0.025309000000000002 0.00089400000000000005 0.00084499999999999983 0.001008 0.0033039999999999996 0.22929200000000005 0.029378000000000012 0.0077200000000000038 0 2
56 linear 0 23 0.63326899999999997 137.95930488244798 1 74 0.283217 0.010847000000000001 0.31413600000000003 0.0037140000000000003 0.00101 0.0023389999999999999 0.0091330000000000005 0.047220999999999999 0.11513900000000001 0 0.025964000000000001 0.00072999999999999996 0.00084100000000000006 0.00097099999999999997 0.0032210000000000008 0.24547900000000003 0.030756999999999993 0.0077100000000000033 0 3
56 linear 1 0 0.70642099999999997 112.94919400186518 1 75 0.47739700000000002 0.012212000000000001 0.19090300000000002 0.0045310000000000003 0.00085500000000000007 0.0025929999999999998 0.009972 0.176174 0.16743 0 0.026138999999999999 0.00076000000000000004 0.010012999999999998 0.001057 0.0034120000000000001 0.111579 0.038839999999999993 0.0078260000000000014 0 0
56 linear 1 7 0.66883800000000004 147.55139949039454 1 75 0.32945799999999997 0.012244 0.300595 0.0045339999999999998 0.001111 0.0025070000000000001 0.0095759999999999994 0.051070999999999998 0.14593900000000001 0 0.030769999999999999 0.00084400000000000002 0.0030680000000000004 0.0010089999999999999 0.0035210000000000003 0.22024100000000005 0.039417000000000008 0.0078380000000000012 0 1
56 linear 1 15 0.69907300000000006 186.27878540127224 1 83 0.34887000000000001 0.011865000000000001 0.31017600000000001 0.0046370000000000005 0.0012290000000000001 0.0023960000000000001 0.009332 0.050820999999999998 0.166356 0 0.025856000000000001 0.00080699999999999999 0.0098519999999999979 0.0010560000000000001 0.0032690000000000002 0.22097500000000012 0.045575999999999985 0.0088020000000000025 0 2
56 linear 1 23 0.68570699999999996 223.07167921948357 1 82 0.33934700000000001 0.012264000000000001 0.30678099999999986 0.0041860000000000005 0.00098299999999999993 0.0024109999999999999 0.0091819999999999992 0.050969 0.156191 0 0.025825000000000001 0.00072900000000000005 0.009835 0.00095500000000000001 0.0032630000000000003 0.22124300000000002 0.042921000000000008 0.0086869999999999985 0 3
56 linear 2 0 0.50941999999999998 5.322543798179213 1 53 0.39214100000000002 0.0084379999999999993 0.08731499999999999 0.0034250000000000001 0.00078700000000000005 0.0027699999999999999 0.0098849999999999997 0.16784399999999999 0.10426100000000001 0 0.026120999999999998 0.00085599999999999999 0.00063700000000000009 0.00117 0.0032040000000000003 0.036938999999999993 0.020470000000000012 0.0052450000000000014 0 0
56 linear 2 7 0.51371500000000003 13.980389416004089 1 67 0.26758199999999999 0.011114000000000001 0.21157899999999999 0.0036619999999999999 0.0012130000000000001 0.0025479999999999999 0.0094669999999999997 0.046459 0.094159000000000007 0 0.026307000000000001 0.00082100000000000001 0.0008389999999999999 0.001116 0.0034290000000000002 0.14750499999999997 0.029296999999999993 0.0069090000000000002 0 1
56 linear 2 15 0.47289700000000001 26.534585596775766 1 67 0.265768 0.011042 0.173045 0.0035950000000000001 0.00092199999999999997 0.0026519999999999998 0.0097149999999999997 0.051178000000000001 0.086180999999999994 0 0.026127999999999998 0.00081300000000000003 0.00088100000000000006 0.0011770000000000001 0.0036270000000000004 0.10965400000000003 0.028826999999999998 0.0068980000000000005 0 2
56 linear 2 23 0.52416399999999996 39.850340491177128 1 67 0.29552400000000001 0.010859000000000001 0.19507999999999995 0.0032500000000000003 0.00096000000000000002 0.0025219999999999999 0.0095320000000000005 0.046068999999999999 0.124726 0 0.025749999999999999 0.00074700000000000005 0.00081300000000000014 0.00097300000000000002 0.0033450000000000003 0.134968 0.025256000000000001 0.0069240000000000005 0 3
56 linear 3 0 0.54242500000000005 207.50861304959483 1 53 0.34592499999999998 0.01141 0.16267200000000001 0.003614 0.00077099999999999998 0.0029640000000000001 0.011143999999999999 0.18482299999999999 0.035520999999999997 0 0.026775 0.00088500000000000004 0.00059699999999999998 0.0011999999999999999 0.0034459999999999998 0.10248599999999997 0.016878999999999998 0.0048659999999999971 0 0
56 linear 3 7 0.41389500000000001 216.5846923097445 1 53 0.21473700000000001 0.011054 0.16599699999999995 0.0034000000000000002 0.00071400000000000001 0.002771 0.011963 0.052969000000000002 0.035622000000000001 0 0.026256000000000002 0.00090200000000000002 0.000611 0.0011360000000000001 0.0035939999999999995 0.106587 0.016661999999999993 0.0048669999999999989 0 1
56 linear 3 15 0.410943 228.50270345116584 1 53 0.21059700000000001 0.010805 0.16771399999999995 0.0032189999999999996 0.000611 0.0026189999999999998 0.011165 0.052566000000000002 0.038533999999999999 0 0.025748 0.000776 0.00058500000000000002 0.0010920000000000001 0.0033730000000000001 0.10836100000000001 0.016699000000000002 0.0048759999999999993 0 2
56 linear 3 23 0.40008300000000002 242.58167077076874 1 53 0.196794 0.0093310000000000008 0.17319999999999997 0.0030359999999999996 0.00058599999999999993 0.002297 0.010704999999999999 0.051262000000000002 0.031538999999999998 0 0.024635000000000001 0.00080800000000000002 0.00062699999999999995 0.001011 0.0029950000000000003 0.11534799999999999 0.016433 0.0047410000000000004 0 3
56 linear 4 0 0.72183699999999995 176.58624586526844 1 82 0.462835 0.016559999999999998 0.21323899999999998 0.0049249999999999997 0.001307 0.0027959999999999999 0.010662 0.176314 0.150423 0 0.026394000000000001 0.00081700000000000002 0.00097999999999999997 0.000843 0.0035829999999999998 0.12688799999999995 0.043735999999999976 0.0086680000000000004 0 0
56 linear 4 7 0.701322 170.95309641759502 1 82 0.34129599999999999 0.016324000000000002 0.31483600000000006 0.0045380000000000004 0.0011590000000000001 0.0028379999999999998 0.010579 0.051095000000000002 0.15665100000000001 0 0.026238999999999998 0.000861 0.00098099999999999988 0.00081999999999999998 0.003689 0.22748400000000002 0.042272999999999991 0.0086850000000000017 0 1
56 linear 4 15 0.69031399999999998 165.35374563610935 1 82 0.32995999999999998 0.015497 0.31634999999999991 0.0042199999999999998 0.0010350000000000001 0.0026619999999999999 0.010200000000000001 0.051438999999999999 0.147178 0 0.025839000000000001 0.00079799999999999999 0.001026 0.00076099999999999996 0.0034380000000000001 0.23048100000000005 0.043117000000000003 0.008681000000000003 0 2
56 linear 4 23 0.69042800000000004 160.46320905907208 1 82 0.32606600000000002 0.01554 0.32050699999999993 0.0041580000000000002 0.0009810000000000001 0.0024620000000000002 0.0091920000000000005 0.050966999999999998 0.148506 0 0.025373 0.00073300000000000004 0.00095800000000000008 0.00076099999999999996 0.0034650000000000002 0.23520200000000002 0.042902999999999934 0.0086510000000000024 0 3
56 uniform 0 0 0.50378000000000001 93.773433623439757 1 66 0.37307000000000001 0.011679 0.095871999999999971 0.0035999999999999999 0.00089100000000000008 0.0026069999999999999 0.010416999999999999 0.168993 0.075491000000000003 0 0.025745000000000001 0.00083199999999999995 0.00085300000000000003 0.001101 0.0034980000000000002 0.05976399999999997 0.026172999999999991 0 0 0
56 uniform 0 7 0.520652 107.32345396627596 1 66 0.238624 0.010996000000000001 0.248637 0.0031310000000000001 0.00077200000000000001 0.0025600000000000002 0.0095390000000000006 0.050993999999999998 0.064404000000000003 0 0.025413999999999999 0.00085899999999999995 0.00079900000000000001 0.001121 0.003454 0.21243099999999998 0.025874999999999999 0 0 1
56 uniform 0 15 0.50870800000000005 121.67523908887398 1 66 0.23632900000000001 0.01093 0.23928400000000002 0.0030219999999999999 0.00080900000000000004 0.0023739999999999998 0.0092270000000000008 0.051018000000000001 0.063812999999999995 0 0.025354000000000002 0.00087200000000000005 0.00084999999999999995 0.001049 0.003241 0.20301899999999987 0.025935 0 0 2
56 uniform 0 23 0.56458200000000003 134.74336384435645 1 66 0.28204000000000001 0.010796 0.24973200000000004 0.0028760000000000001 0.00077700000000000002 0.0023029999999999999 0.0089479999999999994 0.047336999999999997 0.114645 0 0.025512 0.000727 0.0008650000000000001 0.00097199999999999999 0.0031880000000000007 0.21432200000000004 0.025416999999999988 0 0 3
56 uniform 1 0 0.68076700000000001 122.76069813122841 1 75 0.48161199999999998 0.012163999999999999 0.16133199999999995 0.0042269999999999999 0.00096100000000000005 0.0025040000000000001 0.0097179999999999992 0.17652799999999999 0.171623 0 0.026197000000000002 0.00079699999999999997 0.010084000000000001 0.0010200000000000001 0.0034439999999999996 0.11122100000000006 0.038844000000000004 0 0 0
56 uniform 1 7 0.63629100000000005 155.68747519194346 1 75 0.32395200000000002 0.012145 0.27441599999999999 0.004202 0.0010530000000000001 0.002395 0.0093399999999999993 0.051157000000000001 0.14838299999999999 0 0.025715999999999999 0.00080099999999999995 0.0030839999999999999 0.001096 0.0033410000000000002 0.22016999999999989 0.042986000000000003 0 0 1
56 uniform 1 15 0.64043099999999997 190.98755209733517 1 75 0.35075600000000001 0.011617000000000001 0.25291299999999994 0.0037660000000000003 0.00093300000000000002 0.00247 0.010016000000000001 0.051122000000000001 0.16812299999999999 0 0.026499999999999999 0.00077399999999999995 0.0098510000000000004 0.00099700000000000006 0.0032409999999999995 0.20337100000000005 0.038241999999999998 0 0 2
56 uniform 1 23 0.65674500000000002 223.64420176159658 1 82 0.34213700000000002 0.012184 0.27559199999999984 0.003986 0.00098799999999999995 0.0024299999999999999 0.0090639999999999991 0.050918999999999999 0.15599499999999999 0 0.026200000000000001 0.00077700000000000002 0.0098619999999999992 0.00098999999999999999 0.0032110000000000003 0.22034400000000004 0.042903999999999984 0 0 3
56 uniform 2 0 0.46061800000000003 5.3225557883950163 1 37 0.38733600000000001 0.0085520000000000006 0.049928999999999987 0.0018960000000000001 0.00062199999999999994 0.0025860000000000002 0.0098230000000000001 0.163995 0.104063 0 0.026224000000000001 0.000812 0.00060099999999999997 0.001116 0.0032929999999999999 0.031581999999999999 0.012739000000000002 0 0 0
56 uniform 2 7 0.48965399999999998 17.254650452250115 1 67 0.268011 0.011051999999999999 0.18759699999999993 0.0033 0.0010319999999999999 0.002408 0.0092940000000000002 0.046012999999999998 0.096548999999999996 0 0.026173999999999999 0.000843 0.00083800000000000009 0.0010499999999999999 0.0033730000000000001 0.14817 0.029275999999999996 0 0 1
56 uniform 2 15 0.44040000000000001 32.267134552269937 1 67 0.25837199999999999 0.010788000000000001 0.14874299999999999 0.003189 0.00082100000000000001 0.0024849999999999998 0.0093310000000000008 0.050939999999999999 0.084072999999999995 0 0.025531000000000002 0.00081499999999999997 0.00086900000000000009 0.0010250000000000001 0.0033440000000000006 0.109842 0.02877 0 0 2
56 uniform 2 23 0.50158800000000003 46.888299435587832 1 67 0.29688900000000001 0.010891 0.17104999999999995 0.0032240000000000003 0.00084800000000000001 0.0023240000000000001 0.0089230000000000004 0.045842000000000001 0.1244 0 0.028611000000000001 0.00083600000000000005 0.00086200000000000003 0.001041 0.0034120000000000001 0.13580200000000003 0.025275000000000006 0 0 3
56 uniform 3 0 0.45317400000000002 208.1955704386809 1 37 0.33658399999999999 0.0099120000000000007 0.091902999999999985 0.0020019999999999999 0.00061200000000000002 0.0028700000000000002 0.01116 0.181199 0.032453999999999997 0 0.026799 0.00088500000000000004 0.00057700000000000004 0.0011900000000000001 0.0031289999999999998 0.075178999999999996 0.011118000000000005 0 0 0
56 uniform 3 7 0.32462099999999999 217.41455748684524 1 37 0.202483 0.011868 0.095602000000000006 0.0018389999999999999 0.00051599999999999997 0.0025339999999999998 0.010097 0.051410999999999998 0.032349000000000003 0 0.026057 0.000834 0.00058500000000000002 0.0011180000000000001 0.0031030000000000007 0.079271000000000008 0.010756000000000002 0 0 1
56 uniform 3 15 0.31721100000000002 229.55555111960905 1 37 0.196988 0.0093240000000000007 0.096440000000000026 0.0018370000000000001 0.00049100000000000001 0.002385 0.0095010000000000008 0.051147999999999999 0.031856000000000002 0 0.025748 0.000767 0.00059200000000000008 0.0010549999999999999 0.0029969999999999997 0.079784000000000008 0.011048000000000006 0 0 2
56 uniform 3 23 0.36982799999999999 243.95841964331933 1 37 0.19562299999999999 0.010402 0.146953 0.0020829999999999998 0.00051900000000000004 0.00231 0.0092280000000000001 0.051193000000000002 0.031600999999999997 0 0.024805000000000001 0.00082399999999999997 0.00062199999999999994 0.00094399999999999996 0.0033279999999999994 0.12231899999999998 0.014893000000000003 0 0 3
56 uniform 4 0 0.72303399999999995 177.07249861563312 1 82 0.46654200000000001 0.017763000000000001 0.209147 0.0042079999999999999 0.0012010000000000002 0.0038769999999999998 0.010571000000000001 0.1797 0.14913599999999999 0 0.026542 0.00084099999999999995 0.00099799999999999997 0.000785 0.0038000000000000004 0.14864100000000008 0.045798999999999999 0 0 0
56 uniform 4 7 0.71321199999999996 171.34815461588136 1 82 0.343412 0.017076000000000001 0.32334499999999983 0.0040409999999999995 0.0010790000000000001 0.0027520000000000001 0.011299 0.052345000000000003 0.159104 0 0.026127000000000001 0.00079699999999999997 0.00095800000000000008 0.00072599999999999997 0.0037819999999999993 0.25889100000000004 0.047366999999999986 0 0 1
56 uniform 4 15 0.65705499999999994 165.67253839966915 1 82 0.32702300000000001 0.015531 0.28661400000000004 0.0040379999999999999 0.001016 0.0025600000000000002 0.0098980000000000005 0.051090999999999998 0.14608599999999999 0 0.025898999999999998 0.00080400000000000003 0.0010450000000000001 0.00074899999999999999 0.0035129999999999992 0.23104 0.043273999999999979 0 0 2
56 uniform 4 23 0.66445600000000005 160.72556690981483 1 82 0.33036300000000002 0.015848999999999999 0.29027000000000003 0.0038989999999999997 0.001036 0.0026329999999999999 0.010070000000000001 0.054481000000000002 0.14683399999999999 0 0.026034000000000002 0.00078200000000000003 0.00098200000000000002 0.00073999999999999999 0.0035479999999999999 0.23506300000000005 0.042820999999999963 0 0 3
57 linear 0 0 0.78188400000000002 5.3776534845558119 1 95 0.521532 0.0099039999999999996 0.22158699999999995 0.0052819999999999994 0.0012930000000000001 0.0028189999999999999 0.010942 0.165824 0.022762999999999999 0 0.027417 0.00088900000000000003 0.20135 0.0013309999999999999 0.0037389999999999997 0.093417 0.033802999999999972 0.015980999999999995 0 0
57 linear 0 7 0.61217100000000002 5.5798093718563546 1 80 0.38588600000000001 0.0095790000000000007 0.19076099999999999 0.0043429999999999996 0.00093899999999999995 0.0027190000000000001 0.010784 0.0061869999999999998 0.022089999999999999 0 0.028098000000000001 0.00084500000000000005 0.22561999999999999 0.0012869999999999999 0.0034629999999999999 0.083458999999999964 0.027108999999999963 0.013130999999999999 0 1
57 linear 0 15 0.56680699999999995 5.7334909961319402 1 81 0.33321400000000001 0.0092079999999999992 0.19816500000000001 0.0043049999999999998 0.0010870000000000001 0.0027070000000000002 0.010742 0.0058589999999999996 0.023729 0 0.027001000000000001 0.00092500000000000004 0.17716199999999999 0.00090499999999999999 0.003003 0.088848999999999984 0.027891999999999969 0.013375000000000001 0 2
57 linear 0 23 0.55207099999999998 5.8078446248673474 1 81 0.31968600000000003 0.0091170000000000001 0.19746800000000012 0.004131000000000001 0.00097500000000000006 0.0027309999999999999 0.010548999999999999 0.0056350000000000003 0.023368 0 0.028531000000000001 0.00080400000000000003 0.16256799999999999 0.000852 0.0029420000000000002 0.087376999999999969 0.028551999999999956 0.013314000000000005 0 3
57 linear 1 0 0.61975000000000002 1.1315272381589681 1 109 0.310948 0.013022000000000001 0.26129400000000008 0.0056630000000000005 0.0014469999999999999 0.003029 0.010906000000000001 0.14932000000000001 0.023133000000000001 0 0.026218000000000002 0.00086300000000000005 0.0017099999999999999 0.0010269999999999999 0.0041880000000000007 0.076170000000000015 0.02613999999999999 0.0087510000000000001 0 0
57 linear 1 7 0.45444699999999999 1.1351244056618668 1 110 0.17791799999999999 0.010293999999999999 0.23342400000000008 0.0060529999999999994 0.0012510000000000002 0.003006 0.011087 0.014708000000000001 0.023553000000000001 0 0.027532000000000001 0.00092900000000000003 0.0014300000000000001 0.001369 0.0042499999999999986 0.079001000000000016 0.024421999999999996 0.008655999999999997 0 1
57 linear 1 15 0.44090600000000002 1.1379651988237391 1 110 0.16214500000000001 0.0097090000000000006 0.23672799999999999 0.0058349999999999999 0.001292 0.0030469999999999998 0.01094 0.010770999999999999 0.022914 0 0.024202000000000001 0.00087399999999999999 0.0013619999999999999 0.00125 0.0038109999999999993 0.082577000000000039 0.024556999999999985 0.0086790000000000044 0 2
57 linear 1 23 0.55212499999999998 1.1365032278623843 1 110 0.279615 0.0095420000000000001 0.23101699999999975 0.0056190000000000007 0.0012750000000000001 0.002892 0.010555 0.016485 0.022567 0 0.025616 0.000892 0.10877099999999999 0.001237 0.0037829999999999995 0.078897000000000023 0.025101999999999996 0.0087070000000000012 0 3
57 linear 2 0 0.534215 1.0615112814632677 1 80 0.28498000000000001 0.0069389999999999999 0.21772600000000009 0.0044060000000000002 0.001029 0.002977 0.011051999999999999 0.137598 0.023488999999999999 0 0.026633 0.00088800000000000001 0.0011540000000000001 0.0016440000000000001 0.0034920000000000003 0.083620000000000014 0.028387000000000016 0.010373000000000002 0 0
57 linear 2 7 0.40224199999999999 1.0736391490506743 1 87 0.166267 0.0096620000000000004 0.20038600000000004 0.0042979999999999997 0.001194 0.0030140000000000002 0.011655 0.0084419999999999999 0.021808000000000001 0 0.027237999999999998 0.00083100000000000003 0.001237 0.001188 0.0035439999999999994 0.057197000000000012 0.017415999999999991 0.0062769999999999996 0 1
57 linear 2 15 0.36211900000000002 1.0824389904044924 1 79 0.156001 0.0093950000000000006 0.17358600000000005 0.0034889999999999999 0.000825 0.0027699999999999999 0.011114000000000001 0.0071900000000000002 0.021226999999999999 0 0.027073 0.00090200000000000002 0.00123 0.0010089999999999999 0.0033959999999999997 0.051179999999999989 0.014526999999999997 0.0051229999999999991 0 2
57 linear 2 23 0.35462300000000002 1.0884467917949796 1 79 0.15387500000000001 0.0092870000000000001 0.168457 0.0036310000000000005 0.0007899999999999999 0.002869 0.010749999999999999 0.0063150000000000003 0.021125999999999999 0 0.026644999999999999 0.00080599999999999997 0.0012189999999999998 0.0010059999999999999 0.0032840000000000005 0.048466999999999989 0.014447999999999999 0.0050229999999999997 0 3
57 linear 3 0 0.45511200000000002 2.0365550582712477 1 59 0.33427000000000001 0.0092490000000000003 0.089837000000000014 0.0035869999999999999 0.00094299999999999994 0.0029169999999999999 0.01129 0.17846000000000001 0.021994 0 0.027754000000000001 0.000825 0.0020110000000000002 0.0012849999999999999 0.0035000000000000009 0.046584 0.017493999999999996 0.0096330000000000009 0 0
57 linear 3 7 0.29412100000000002 2.0569411463317033 1 59 0.17058799999999999 0.0088299999999999993 0.093457000000000026 0.0033120000000000003 0.00086499999999999999 0.0027780000000000001 0.010796999999999999 0.022120000000000001 0.021323000000000002 0 0.027067000000000001 0.00081999999999999998 0.0019950000000000002 0.0011559999999999999 0.003284 0.050442999999999995 0.017319999999999995 0.0096089999999999995 0 1
57 linear 3 15 0.29786400000000002 2.0662915378607525 1 59 0.166295 0.0087849999999999994 0.10284500000000002 0.0031570000000000001 0.00083099999999999992 0.0025409999999999999 0.010378999999999999 0.021468000000000001 0.020830000000000001 0 0.026505000000000001 0.00071299999999999998 0.001902 0.001075 0.0031319999999999998 0.057056000000000003 0.018300000000000011 0.010557999999999998 0 2
57 linear 3 23 0.339528 2.0600265159263849 1 82 0.17552499999999999 0.0089949999999999995 0.12985299999999997 0.00479 0.0010560000000000001 0.0025709999999999999 0.010611000000000001 0.028303999999999999 0.021031000000000001 0 0.027917000000000001 0.00074200000000000004 0.0021689999999999999 0.0010089999999999999 0.0030119999999999995 0.068526999999999977 0.026040999999999984 0.013302000000000001 0 3
57 linear 4 0 0.383932 1.1059024404562376 1 44 0.30261900000000003 0.0088929999999999999 0.056219000000000005 0.0029510000000000001 0.00071099999999999994 0.0028410000000000002 0.010625000000000001 0.14965000000000001 0.021961000000000001 0 0.025772 0.00086899999999999998 0.0020100000000000001 0.001395 0.0033379999999999998 0.029275999999999996 0.011603 0.0055040000000000011 0 0
57 linear 4 7 0.248889 1.1140133360281539 1 44 0.15731400000000001 0.013195 0.062604000000000007 0.0024950000000000003 0.00065499999999999998 0.0030249999999999999 0.011217 0.0071199999999999996 0.021198999999999999 0 0.026585000000000001 0.00088699999999999998 0.0019 0.001193 0.0031839999999999998 0.036649000000000001 0.010749999999999997 0.0054920000000000012 0 1
57 linear 4 15 0.243031 1.1241122631056604 1 44 0.160748 0.0083809999999999996 0.058970000000000002 0.002343 0.00059200000000000008 0.0028340000000000001 0.010895 0.014874999999999999 0.020961 0 0.025919000000000001 0.00076300000000000001 0.0018270000000000001 0.001047 0.0031030000000000003 0.033451000000000009 0.010393000000000003 0.0055070000000000023 0 2
57 linear 4 23 0.23593900000000001 1.1351905485152318 1 44 0.154114 0.0084110000000000001 0.058492000000000009 0.0023 0.000687 0.0025769999999999999 0.010410000000000001 0.010017 0.020788999999999998 0 0.025249000000000001 0.00091299999999999997 0.001774 0.0010809999999999999 0.0030410000000000003 0.032862000000000009 0.010297000000000002 0.0056130000000000008 0 3
57 uniform 0 0 0.69353600000000004 5.1586796960828858 1 87 0.51602199999999998 0.011318 0.13925199999999996 0.004548 0.001312 0.002882 0.010869 0.16556000000000001 0.022393 0 0.025864999999999999 0.00082399999999999997 0.20100599999999999 0.001176 0.0037880000000000001 0.091887999999999984 0.032076000000000014 0 0 0
57 uniform 0 7 0.55452299999999999 5.2939122588663095 1 80 0.392235 0.0097529999999999995 0.126411 0.0039720000000000007 0.00095799999999999998 0.0027880000000000001 0.01191 0.0063509999999999999 0.025568 0 0.028792000000000002 0.00081099999999999998 0.22585300000000003 0.001219 0.0034250000000000005 0.084952000000000069 0.027750000000000011 0 0 1
57 uniform 0 15 0.51039599999999996 5.3943157519028917 1 81 0.34091399999999999 0.0095080000000000008 0.13318099999999999 0.0038250000000000003 0.0010499999999999999 0.0028310000000000002 0.011029000000000001 0.0060850000000000001 0.025094000000000002 0 0.028396000000000001 0.00093999999999999997 0.177122 0.00089099999999999997 0.003068 0.090810000000000043 0.028301000000000014 0 0 2
57 uniform 0 23 0.47859200000000002 5.4421965214209962 1 81 0.316832 0.0090010000000000003 0.12766699999999995 0.003666 0.00094399999999999996 0.0026849999999999999 0.01023 0.0057289999999999997 0.022166999999999999 0 0.028058 0.00081499999999999997 0.16266700000000001 0.000901 0.0029940000000000001 0.085503999999999969 0.028540999999999962 0 0 3
57 uniform 1 0 0.49482399999999999 1.1284105071280393 1 117 0.313361 0.013174999999999999 0.13184700000000002 0.0062969999999999996 0.0014019999999999998 0.0029129999999999998 0.011165 0.15159700000000001 0.021866 0 0.026113000000000001 0.000843 0.0016949999999999999 0.001212 0.0042940000000000001 0.085390999999999995 0.030145999999999985 0 0 0
57 uniform 1 7 0.32570199999999999 1.1340183614022186 1 110 0.16553399999999999 0.010326999999999999 0.11806699999999998 0.005391 0.0011460000000000001 0.003055 0.011136 0.0149 0.021609 0 0.026393 0.00084999999999999995 0.00133 0.0012800000000000001 0.0036909999999999998 0.078760000000000024 0.024362000000000002 0 0 1
57 uniform 1 15 0.32419799999999999 1.1396973840982305 1 110 0.15770799999999999 0.0097769999999999992 0.12142500000000003 0.0050879999999999996 0.0012909999999999998 0.0027929999999999999 0.010319 0.011231 0.020955999999999999 0 0.024263 0.00078299999999999995 0.0013240000000000001 0.00117 0.0036260000000000003 0.082006999999999997 0.024432999999999993 0 0 2
57 uniform 1 23 0.42896400000000001 1.1406483081744949 1 110 0.26989600000000002 0.0094369999999999992 0.11879600000000003 0.0047489999999999997 0.0012109999999999998 0.0027109999999999999 0.010401000000000001 0.016635 0.021104000000000001 0 0.025263000000000001 0.00076499999999999995 0.108252 0.0010660000000000001 0.0036530000000000004 0.078858000000000011 0.025017999999999992 0 0 3
57 uniform 2 0 0.43735200000000002 1.0655679099591644 1 80 0.28287899999999999 0.0069499999999999996 0.12409500000000005 0.003771 0.001008 0.0029199999999999999 0.010848999999999999 0.13758500000000001 0.022131000000000001 0 0.027147999999999999 0.00087600000000000004 0.0011350000000000002 0.0016100000000000001 0.00347 0.083673000000000025 0.028237999999999999 0 0 0
57 uniform 2 7 0.28515499999999999 1.0796542051976272 1 87 0.165966 0.0096640000000000007 0.084291000000000005 0.0038310000000000002 0.0010280000000000001 0.0029640000000000001 0.011152 0.0082909999999999998 0.021878999999999999 0 0.031545999999999998 0.00081999999999999998 0.0012669999999999999 0.0011590000000000001 0.0035759999999999998 0.055652999999999994 0.017050999999999997 0 0 1
57 uniform 2 15 0.26293800000000001 1.0883943413205632 1 79 0.15626599999999999 0.0093740000000000004 0.075507999999999992 0.0029420000000000002 0.00072000000000000005 0.0028379999999999998 0.010846 0.0073229999999999996 0.021035999999999999 0 0.027843 0.00084000000000000003 0.001253 0.0010499999999999999 0.003555 0.050691 0.014427000000000004 0 0 2
57 uniform 2 23 0.25785200000000003 1.0942045861107834 1 79 0.15459500000000001 0.0091079999999999998 0.072390999999999983 0.0029569999999999996 0.0006330000000000001 0.002836 0.010444 0.006143 0.022498000000000001 0 0.027314999999999999 0.00080900000000000004 0.0012130000000000001 0.00099799999999999997 0.00332 0.04766500000000002 0.01435899999999999 0 0 3
57 uniform 3 0 0.43925599999999998 2.046674878380752 1 59 0.33447100000000002 0.0091710000000000003 0.07400000000000001 0.0034860000000000004 0.000892 0.002895 0.010888 0.178593 0.026093000000000002 0 0.026993 0.00088199999999999997 0.002006 0.0013370000000000001 0.0035360000000000001 0.046472000000000013 0.01756000000000001 0 0 0
57 uniform 3 7 0.27927200000000002 2.0674522581454897 1 59 0.171963 0.0088439999999999994 0.077907999999999963 0.0029029999999999998 0.00094300000000000004 0.0028349999999999998 0.010784999999999999 0.022204000000000002 0.022995999999999999 0 0.027622000000000001 0.00088199999999999997 0.002029 0.001212 0.0031730000000000005 0.050534000000000016 0.017432999999999994 0 0 1
57 uniform 3 15 0.277138 2.0769820713444043 1 59 0.166799 0.0085559999999999994 0.081404000000000004 0.0027990000000000003 0.00085800000000000015 0.0025929999999999998 0.010045 0.021409999999999998 0.022294000000000001 0 0.026825000000000002 0.00075699999999999997 0.001977 0.0011379999999999999 0.0029809999999999997 0.054506000000000006 0.016984000000000003 0 0 2
57 uniform 3 23 0.32367299999999999 2.0705927779092059 1 82 0.176094 0.0089849999999999999 0.11351000000000006 0.0045869999999999999 0.0010660000000000001 0.0025839999999999999 0.010555 0.028577000000000002 0.022471999999999999 0 0.027487999999999999 0.00076499999999999995 0.002134 0.0010449999999999999 0.0029790000000000003 0.073724999999999985 0.026006999999999971 0 0 3
57 uniform 4 0 0.37256400000000001 1.1062839707018224 1 44 0.30053099999999999 0.0088199999999999997 0.048138999999999994 0.0022049999999999999 0.00067499999999999993 0.0027729999999999999 0.010225 0.149509 0.024063999999999999 0 0.025592 0.000834 0.0020239999999999998 0.0011640000000000001 0.003016 0.029833999999999999 0.011705999999999999 0 0 0
57 uniform 4 7 0.236206 1.1144283850710637 1 44 0.15826499999999999 0.0086619999999999996 0.053962000000000003 0.0023179999999999997 0.00062699999999999995 0.0028630000000000001 0.010161 0.0068780000000000004 0.023425000000000001 0 0.026897999999999998 0.000834 0.0018899999999999998 0.001137 0.0032649999999999997 0.03654799999999999 0.010838999999999998 0 0 1
57 uniform 4 15 0.240395 1.1245696975666033 1 44 0.16375000000000001 0.0084499999999999992 0.053231000000000007 0.0021599999999999996 0.00057400000000000007 0.0027269999999999998 0.010522999999999999 0.014836 0.023498000000000002 0 0.026348 0.00078600000000000002 0.0018319999999999999 0.0011670000000000001 0.0031549999999999998 0.03322 0.010505 0 0 2
57 uniform 4 23 0.228856 1.135695235540092 1 44 0.155667 0.0083529999999999993 0.050133000000000004 0.001967 0.00052800000000000004 0.0025219999999999999 0.0096430000000000005 0.0098309999999999995 0.023476 0 0.025516 0.00082899999999999998 0.0018640000000000002 0.0010399999999999999 0.0030179999999999998 0.033060999999999993 0.010456999999999998 0 0 3
58 linear 0 0 0.58519100000000002 1.0524453045605324 1 94 0.33220899999999998 0.010116 0.21245100000000003 0.0052180000000000004 0.0010640000000000001 0.0029759999999999999 0.010918000000000001 0.178506 0.024597000000000001 0 0.025795999999999999 0.000745 0.0026220000000000002 0.0012210000000000001 0.0039620000000000002 0.064065999999999984 0.026458999999999986 0.0078280000000000016 0 0
58 linear 0 7 0.42336200000000002 1.0492595949819852 1 87 0.18298900000000001 0.0098820000000000002 0.20227599999999996 0.0046249999999999998 0.00090799999999999995 0.0029510000000000001 0.011057000000000001 0.021721000000000001 0.023564000000000002 0 0.027507 0.00079000000000000001 0.0025370000000000002 0.001291 0.0039969999999999997 0.064837000000000006 0.02515199999999997 0.0069300000000000004 0 1
58 linear 0 15 0.41520200000000002 1.045876086587606 1 87 0.17654500000000001 0.0094230000000000008 0.20190199999999994 0.0043300000000000005 0.00088400000000000002 0.0028440000000000002 0.010877 0.022592000000000001 0.023362999999999998 0 0.026970000000000001 0.00074700000000000005 0.002366 0.00107 0.0035419999999999996 0.06227499999999999 0.026463 0.0067220000000000023 0 2
58 linear 0 23 0.42080099999999998 1.0427423267430684 1 87 0.16683799999999999 0.0095729999999999999 0.21605400000000002 0.004339 0.00099599999999999992 0.0029260000000000002 0.010089000000000001 0.018259999999999998 0.021319000000000001 0 0.026126 0.000745 0.0023779999999999999 0.001088 0.0035280000000000003 0.069418999999999995 0.028404999999999989 0.005954000000000001 0 3
58 linear 1 0 0.63776299999999997 5.1328069900119262 1 89 0.33299800000000002 0.0097890000000000008 0.26715199999999995 0.0057539999999999996 0.0011720000000000001 0.0029940000000000001 0.011334 0.175426 0.023137000000000001 0 0.026868 0.00088800000000000001 0.002013 0.00116 0.0035920000000000006 0.098014999999999949 0.033569999999999996 0.017115999999999999 0 0
58 linear 1 7 0.457986 4.9010189162670112 1 88 0.16242899999999999 0.0098650000000000005 0.25969199999999998 0.0048440000000000002 0.00108 0.003101 0.011684999999999999 0.0065290000000000001 0.022328000000000001 0 0.027765999999999999 0.00090899999999999998 0.0018809999999999999 0.001124 0.0035110000000000002 0.096171999999999994 0.037013000000000018 0.016125999999999995 0 1
58 linear 1 15 0.439272 4.541074303806794 1 87 0.158697 0.0099869999999999994 0.24288999999999997 0.0046849999999999999 0.001181 0.002859 0.011254 0.006378 0.022515 0 0.026644000000000001 0.00087100000000000003 0.001807 0.00115 0.0033400000000000001 0.098532999999999968 0.031521999999999967 0.015949000000000001 0 2
58 linear 1 23 0.468281 4.0526342735593541 1 95 0.169598 0.0096270000000000001 0.259552 0.0050410000000000003 0.001291 0.0028549999999999999 0.010891 0.017631000000000001 0.022536 0 0.027737000000000001 0.00080699999999999999 0.0018159999999999999 0.00098799999999999995 0.0032719999999999993 0.10346899999999996 0.035415999999999968 0.017441999999999999 0 3
58 linear 2 0 0.41222599999999998 1.0309287612674984 1 52 0.31589699999999998 0.0087060000000000002 0.06688899999999999 0.0040569999999999998 0.0007319999999999999 0.00313 0.011899 0.16179499999999999 0.022127999999999998 0 0.028771999999999999 0.00091100000000000003 0.002568 0.00085300000000000003 0.0028509999999999998 0.032406000000000004 0.016086 0.0064840000000000002 0 0
58 linear 2 7 0.254664 1.0290244566425606 1 52 0.15929399999999999 0.0086350000000000003 0.066681000000000004 0.0035970000000000004 0.00062600000000000004 0.0028999999999999998 0.011551000000000001 0.0082489999999999994 0.021569999999999999 0 0.027990000000000001 0.00086499999999999999 0.0025179999999999998 0.001041 0.0029729999999999999 0.033739000000000005 0.014710999999999995 0.0064719999999999995 0 1
58 linear 2 15 0.26578299999999999 1.0270946181782539 1 59 0.1593 0.0088649999999999996 0.076510999999999996 0.0033769999999999998 0.00071600000000000006 0.002849 0.011109000000000001 0.0072830000000000004 0.020830999999999999 0 0.027633999999999999 0.00080999999999999996 0.0025800000000000003 0.00098999999999999999 0.0028860000000000005 0.038318999999999999 0.017383999999999997 0.0074310000000000018 0 2
58 linear 2 23 0.26483699999999999 1.0253558375258243 1 59 0.156942 0.0087170000000000008 0.076906999999999989 0.003934 0.00067000000000000002 0.0027030000000000001 0.010968 0.0075440000000000004 0.020709999999999999 0 0.027980999999999999 0.00084500000000000005 0.0027049999999999999 0.00096199999999999996 0.002996 0.038814999999999995 0.017375999999999996 0.007380000000000002 0 3
58 linear 3 0 0.488701 1.1073681886250242 1 66 0.335982 0.01038 0.11861600000000003 0.0037800000000000004 0.00071900000000000002 0.0030049999999999999 0.011159000000000001 0.17934700000000001 0.024878000000000001 0 0.027446000000000002 0.00085700000000000001 0.002568 0.0010579999999999999 0.0035430000000000006 0.073512999999999981 0.020480000000000022 0.0083149999999999925 0 0
58 linear 3 7 0.35595199999999999 1.0997188818811969 1 73 0.175068 0.010427000000000001 0.14516899999999996 0.0039900000000000005 0.00076199999999999998 0.002872 0.011821999999999999 0.020199000000000002 0.026279 0 0.026613000000000001 0.00084599999999999996 0.002307 0.001029 0.0033569999999999993 0.092957000000000012 0.02464800000000001 0.0092969999999999962 0 1
58 linear 3 15 0.33644800000000002 1.0917473398245496 1 73 0.166218 0.01008 0.13518100000000002 0.0038279999999999998 0.00076800000000000002 0.0027200000000000002 0.011853000000000001 0.013127 0.023986 0 0.026629 0.00079900000000000001 0.0023189999999999999 0.00092100000000000005 0.0033900000000000007 0.083130000000000009 0.024167000000000011 0.0094650000000000012 0 2
58 linear 3 23 0.33351599999999998 1.0845371593127318 1 73 0.174091 0.0089709999999999998 0.12540800000000005 0.0035900000000000003 0.00073400000000000006 0.0025929999999999998 0.011483999999999999 0.022977000000000001 0.023947 0 0.027179999999999999 0.00078700000000000005 0.0022130000000000001 0.00091600000000000004 0.0032900000000000004 0.075733000000000023 0.023109999999999999 0.0091209999999999989 0 3
58 linear 4 0 0.505803 1.6385891041021283 1 59 0.39478000000000002 0.0092949999999999994 0.079150999999999999 0.0038510000000000003 0.0010669999999999998 0.003088 0.010598 0.195912 0.067867999999999998 0 0.027234999999999999 0.00084500000000000005 0.0017200000000000002 0.0012780000000000001 0.0035230000000000001 0.037543 0.017981999999999998 0.0087840000000000001 0 0
58 linear 4 7 0.28567700000000001 1.6857252953464388 1 67 0.16833200000000001 0.0088500000000000002 0.084975999999999996 0.0037910000000000001 0.00093599999999999998 0.0029510000000000001 0.010626999999999999 0.017895999999999999 0.021885999999999999 0 0.027834000000000001 0.000883 0.0017459999999999999 0.0011379999999999999 0.0034630000000000004 0.039429000000000033 0.019285000000000004 0.009758000000000001 0 1
58 linear 4 15 0.28784500000000002 1.7412222402847926 1 67 0.165959 0.011509 0.087442999999999951 0.0037780000000000001 0.0008380000000000002 0.0028969999999999998 0.010284 0.019689999999999999 0.021513999999999998 0 0.026838000000000001 0.00081099999999999998 0.001627 0.0010480000000000001 0.003333 0.042408000000000022 0.018844999999999994 0.0097330000000000021 0 2
58 linear 4 23 0.28478399999999998 1.7972989505531534 1 67 0.165908 0.0085929999999999999 0.087639999999999996 0.0034810000000000002 0.00090299999999999994 0.0027650000000000001 0.010541999999999999 0.021745 0.022033000000000001 0 0.026943999999999999 0.00080999999999999996 0.001694 0.001 0.0031419999999999994 0.041962999999999986 0.019470999999999999 0.0097410000000000049 0 3
58 uniform 0 0 0.45264300000000002 1.0526291073485226 1 78 0.330289 0.010191 0.090185999999999961 0.0030549999999999996 0.00076199999999999998 0.002862 0.010940999999999999 0.17745900000000001 0.021943000000000001 0 0.026422000000000001 0.00087299999999999997 0.0026570000000000001 0.0011440000000000001 0.0039509999999999997 0.057204000000000005 0.021961999999999985 0 0 0
58 uniform 0 7 0.29824800000000001 1.0494201218296664 1 71 0.182118 0.0097640000000000001 0.086057999999999982 0.0027909999999999996 0.000553 0.0028310000000000002 0.010862999999999999 0.021935 0.02155 0 0.026807000000000001 0.000754 0.0026120000000000002 0.0012719999999999999 0.0039030000000000002 0.055196000000000002 0.020940999999999991 0 0 1
58 uniform 0 15 0.28730699999999998 1.0460196892154536 1 71 0.17277200000000001 0.0094529999999999996 0.085207000000000019 0.0024810000000000001 0.000638 0.0027299999999999998 0.010363000000000001 0.022563 0.021291000000000001 0 0.026884999999999999 0.00078100000000000001 0.0023990000000000001 0.0010330000000000001 0.0037960000000000003 0.052877000000000014 0.022384999999999995 0 0 2
58 uniform 0 23 0.29161999999999999 1.0428815126565107 1 71 0.16613700000000001 0.0095080000000000008 0.095065999999999956 0.00265 0.00061399999999999996 0.0027899999999999999 0.010030000000000001 0.018315000000000001 0.021277999999999998 0 0.02572 0.00078100000000000001 0.0023 0.0010480000000000001 0.003569999999999999 0.060234000000000003 0.024494999999999982 0 0 3
58 uniform 1 0 0.51172399999999996 5.004858445615465 1 81 0.338532 0.009691 0.13998100000000005 0.0040890000000000006 0.00094200000000000013 0.0029160000000000002 0.011261999999999999 0.17629800000000001 0.028833999999999999 0 0.027002999999999999 0.00094399999999999996 0.0020330000000000001 0.001163 0.0035759999999999998 0.094373999999999972 0.031484999999999985 0 0 0
58 uniform 1 7 0.34444200000000003 4.8373998380052594 1 88 0.165107 0.0098770000000000004 0.14374800000000001 0.0043290000000000004 0.00089099999999999997 0.0028449999999999999 0.011296 0.0065389999999999997 0.024112000000000001 0 0.027501000000000001 0.00091 0.0020370000000000002 0.001152 0.003595000000000001 0.095409999999999981 0.033265999999999969 0 0 1
58 uniform 1 15 0.34442299999999998 4.5636948716378871 1 87 0.16053700000000001 0.0098110000000000003 0.14730799999999997 0.0038829999999999997 0.001052 0.0027699999999999999 0.011159000000000001 0.0065409999999999999 0.023851000000000001 0 0.027182999999999999 0.000883 0.0017870000000000002 0.001052 0.0033200000000000009 0.10072600000000002 0.031727999999999965 0 0 2
58 uniform 1 23 0.36130299999999999 4.1572403012943475 1 95 0.16983300000000001 0.0096930000000000002 0.15399600000000002 0.0039430000000000003 0.001121 0.0027560000000000002 0.010566000000000001 0.017592 0.024662 0 0.027293000000000001 0.00076199999999999998 0.001792 0.00099299999999999996 0.0032770000000000004 0.10249399999999999 0.03512499999999999 0 0 3
58 uniform 2 0 0.38231799999999999 1.0310187890504903 1 36 0.31691399999999997 0.0089099999999999995 0.043635999999999994 0.0018670000000000002 0.00048800000000000004 0.0030209999999999998 0.011563 0.16270000000000001 0.024232 0 0.028115000000000001 0.00093199999999999999 0.0024689999999999998 0.00083799999999999999 0.002846 0.025700999999999998 0.012540999999999998 0 0 0
58 uniform 2 7 0.227993 1.0290893388930125 1 36 0.162443 0.0086709999999999999 0.044315 0.0017789999999999998 0.00038400000000000001 0.0029190000000000002 0.010936 0.0080649999999999993 0.023309 0 0.027871 0.00087299999999999997 0.0025170000000000001 0.0010859999999999999 0.0031250000000000002 0.024522000000000002 0.014310999999999999 0 0 1
58 uniform 2 15 0.22927 1.0271479675883695 1 43 0.15784599999999999 0.0085450000000000005 0.048719000000000005 0.0018570000000000001 0.00049799999999999996 0.0027729999999999999 0.010937000000000001 0.0072519999999999998 0.023435000000000001 0 0.027622000000000001 0.00079500000000000003 0.0024580000000000001 0.0010709999999999999 0.0028740000000000003 0.028882999999999992 0.013418000000000001 0 0 2
58 uniform 2 23 0.22642699999999999 1.025402067323415 1 43 0.15554599999999999 0.0085290000000000001 0.048393999999999993 0.0018679999999999999 0.000522 0.0027239999999999999 0.010479 0.0074949999999999999 0.023081999999999998 0 0.028107 0.00083699999999999996 0.002516 0.001003 0.0028299999999999996 0.02883599999999999 0.013068 0 0 3
58 uniform 3 0 0.442214 1.1077146868809633 1 50 0.331347 0.0090670000000000004 0.086148999999999976 0.0020609999999999999 0.00051099999999999995 0.0029580000000000001 0.010707 0.17984800000000001 0.024188999999999999 0 0.027296999999999998 0.00088099999999999995 0.0024510000000000001 0.0010709999999999999 0.0035490000000000005 0.063460000000000003 0.015172999999999997 0 0 0
58 uniform 3 7 0.30830099999999999 1.1000373524834437 1 57 0.17449100000000001 0.0091549999999999999 0.10669499999999998 0.0024870000000000001 0.00053200000000000003 0.0026559999999999999 0.010369 0.019182000000000001 0.026082999999999999 0 0.028822 0.00081400000000000005 0.0023630000000000001 0.0010219999999999999 0.0033260000000000004 0.078786999999999982 0.019333999999999987 0 0 1
58 uniform 3 15 0.28361199999999998 1.0920372965610292 1 57 0.161637 0.0089770000000000006 0.09578800000000004 0.0023420000000000003 0.00051800000000000001 0.0028530000000000001 0.010921 0.011821 0.021248 0 0.026633 0.00090700000000000004 0.0023649999999999999 0.0010009999999999999 0.0032339999999999999 0.069500999999999966 0.017762999999999991 0 0 2
58 uniform 3 23 0.28537800000000002 1.0848097507949914 1 57 0.16780700000000001 0.00877 0.091844999999999996 0.0022160000000000001 0.00054699999999999996 0.0025769999999999999 0.010416999999999999 0.021793 0.02094 0 0.027227999999999999 0.00074200000000000004 0.0022500000000000003 0.000968 0.0031570000000000001 0.064873000000000014 0.018449000000000004 0 0 3
58 uniform 4 0 0.491174 1.642687313441801 1 59 0.39638800000000002 0.009044 0.064716999999999997 0.0034070000000000003 0.00098700000000000003 0.0030230000000000001 0.010525 0.198851 0.067297999999999997 0 0.026883000000000001 0.000794 0.0017030000000000001 0.0012650000000000001 0.0033289999999999999 0.037024000000000001 0.018057999999999998 0 0 0
58 uniform 4 7 0.25797300000000001 1.6903490552857812 1 59 0.165191 0.0087039999999999999 0.063534000000000007 0.0032259999999999997 0.00078600000000000002 0.0028219999999999999 0.0099670000000000002 0.017618000000000002 0.022093999999999999 0 0.026939000000000001 0.00083699999999999996 0.0016310000000000001 0.0012260000000000001 0.0034300000000000003 0.036320999999999985 0.017615000000000006 0 0 1
58 uniform 4 15 0.26701900000000001 1.7465134329550198 1 59 0.170707 0.0088050000000000003 0.066688999999999984 0.0030239999999999998 0.00068999999999999986 0.0028809999999999999 0.010303 0.020119000000000001 0.022068000000000001 0 0.027261000000000001 0.00082299999999999995 0.001846 0.001194 0.0033300000000000005 0.039769000000000006 0.017296999999999996 0 0 2
58 uniform 4 23 0.28059299999999998 1.8033208312096218 1 67 0.17661399999999999 0.0086929999999999993 0.072588000000000014 0.0034159999999999998 0.00081900000000000007 0.0028050000000000002 0.010623 0.021576999999999999 0.024750999999999999 0 0.031530000000000002 0.000852 0.0017960000000000001 0.0011000000000000001 0.0031770000000000001 0.042287999999999985 0.019578999999999996 0 0 3
59 linear 0 0 0.40373900000000001 1.1895106354229354 1 66 0.28324300000000002 0.0066360000000000004 0.090590000000000018 0.0044519999999999994 0.00079300000000000009 0.0031679999999999998 0.011328 0.13969200000000001 0.024140999999999999 0 0.027546999999999999 0.00085899999999999995 0.001248 0.00166 0.0028449999999999994 0.034735000000000002 0.020507999999999981 0.0094170000000000018 0 0
59 linear 0 7 0.29713299999999998 1.1884038476773284 1 66 0.16020599999999999 0.0064790000000000004 0.10755200000000002 0.0040730000000000002 0.00071300000000000009 0.0028760000000000001 0.010277 0.018794999999999999 0.023404000000000001 0 0.027470000000000001 0.00086899999999999998 0.0014109999999999999 0.0013079999999999999 0.0028989999999999997 0.045561000000000011 0.02176999999999998 0.009607000000000001 0 1
59 linear 0 15 0.28190799999999999 1.186061158366909 1 59 0.16420000000000001 0.0063470000000000002 0.090519000000000002 0.0035959999999999998 0.00070100000000000002 0.0028860000000000001 0.010736000000000001 0.019244000000000001 0.023744999999999999 0 0.031819 0.00093700000000000001 0.00134 0.001333 0.0026700000000000001 0.043715000000000004 0.017305999999999998 0.0076970000000000033 0 2
59 linear 0 23 0.30056899999999998 1.1826259929043959 1 66 0.15961700000000001 0.0062040000000000003 0.11290199999999999 0.0034780000000000002 0.00064899999999999995 0.0025699999999999998 0.0097429999999999999 0.020639999999999999 0.024081999999999999 0 0.027713999999999999 0.00092100000000000005 0.0011999999999999999 0.0012409999999999999 0.0026340000000000001 0.046560000000000004 0.019738999999999989 0.0094840000000000011 0 3
59 linear 1 0 0.40370299999999998 1.1787827491734599 1 66 0.28439300000000001 0.0065120000000000004 0.091275999999999996 0.0032889999999999998 0.000602 0.002624 0.0098729999999999998 0.145842 0.024160999999999998 0 0.026476 0.00084099999999999995 0.001206 0.001957 0.0028969999999999998 0.038026000000000011 0.019324999999999998 0.0086240000000000032 0 0
59 linear 1 7 0.28671099999999999 1.1737068573350309 1 66 0.15806999999999999 0.006378 0.099590999999999985 0.0037439999999999999 0.00072400000000000003 0.0024299999999999999 0.0096839999999999999 0.013035 0.028513 0 0.027168999999999999 0.00078200000000000003 0.0012700000000000001 0.0016770000000000001 0.0030090000000000004 0.045426000000000001 0.020006000000000003 0.0089730000000000018 0 1
59 linear 1 15 0.27466299999999999 1.1668186152632791 1 66 0.15251600000000001 0.0063810000000000004 0.093869999999999981 0.00364 0.00060899999999999995 0.0026979999999999999 0.010453 0.013292 0.023393000000000001 0 0.027236 0.00084099999999999995 0.001188 0.001524 0.0027630000000000003 0.039608999999999998 0.020146999999999984 0.0089810000000000011 0 2
59 linear 1 23 0.26836100000000002 1.1586743268194841 1 66 0.148033 0.0061609999999999998 0.092534000000000033 0.0034289999999999998 0.00067699999999999998 0.0025560000000000001 0.010056000000000001 0.011310000000000001 0.023258000000000001 0 0.027685000000000001 0.00070299999999999996 0.001364 0.0013060000000000001 0.0026080000000000001 0.040621000000000004 0.019768000000000001 0.0089470000000000036 0 3
59 linear 2 0 0.44435400000000003 1.1471993577153321 1 81 0.29456399999999999 0.0089940000000000003 0.11173699999999996 0.0045269999999999998 0.00090600000000000001 0.0027750000000000001 0.010656000000000001 0.14144200000000001 0.023677 0 0.030934 0.00088699999999999998 0.0025699999999999998 0.0010640000000000001 0.0031960000000000005 0.051847999999999984 0.030188999999999994 0.010638000000000003 0 0
59 linear 2 7 0.67049599999999998 1.1519187236905917 1 89 0.44058700000000001 0.011677 0.18344800000000003 0.0065719999999999997 0.0013039999999999998 0.002715 0.010215999999999999 0.021229999999999999 0.024308 0 0.027442000000000001 0.000776 0.26538600000000001 0.00092800000000000001 0.0033580000000000003 0.083986000000000005 0.036885000000000001 0.016140000000000002 0 1
59 linear 2 15 0.330127 1.1560063872202055 1 66 0.17418400000000001 0.0090410000000000004 0.12252300000000002 0.0040829999999999998 0.00067999999999999994 0.0029880000000000002 0.010540000000000001 0.018482999999999999 0.026478000000000002 0 0.028666000000000001 0.00085300000000000003 0.0034919999999999999 0.0011019999999999999 0.0030790000000000001 0.055306000000000008 0.024787999999999984 0.010506000000000003 0 2
59 linear 2 23 0.317992 1.1576753176012891 1 66 0.16476399999999999 0.0087200000000000003 0.12095100000000002 0.0038340000000000002 0.00074399999999999998 0.0026459999999999999 0.010000999999999999 0.018859999999999998 0.021208999999999999 0 0.0275 0.00078899999999999999 0.0031409999999999997 0.001085 0.0029229999999999998 0.054560000000000004 0.024098999999999964 0.010598 0 3
59 linear 3 0 0.40940900000000002 1.0950949373843257 1 59 0.28710200000000002 0.0089739999999999993 0.091473000000000013 0.0034189999999999997 0.0008119999999999999 0.002702 0.010451999999999999 0.14052600000000001 0.021957000000000001 0 0.028354000000000001 0.000803 0.0029969999999999997 0.001034 0.0031079999999999997 0.042928999999999981 0.022135999999999986 0.0094500000000000053 0 0
59 linear 3 7 0.28194999999999998 1.0929136118795395 1 59 0.156385 0.0085839999999999996 0.095499000000000028 0.0033239999999999997 0.00070100000000000002 0.002552 0.010135 0.013198 0.021215999999999999 0 0.027559 0.00076900000000000004 0.0029880000000000002 0.00097199999999999999 0.0029199999999999999 0.047592999999999989 0.023873999999999979 0.0092720000000000042 0 1
59 linear 3 15 0.27616600000000002 1.0906236665785511 1 59 0.14924799999999999 0.0085109999999999995 0.096778999999999976 0.003359 0.00068500000000000006 0.0024819999999999998 0.0099380000000000007 0.0074260000000000003 0.020924000000000002 0 0.027133000000000001 0.00079100000000000004 0.0028939999999999999 0.000941 0.0028340000000000001 0.047520999999999973 0.025118999999999982 0.0093229999999999997 0 2
59 linear 3 23 0.288823 1.0885558572406109 1 59 0.16313800000000001 0.0083660000000000002 0.095952000000000051 0.0033270000000000001 0.00056099999999999998 0.0026979999999999999 0.0099550000000000003 0.018755000000000001 0.021127 0 0.027618 0.00079699999999999997 0.0030000000000000001 0.00098299999999999993 0.0029490000000000007 0.047830999999999999 0.023799999999999981 0.0094680000000000042 0 3
59 linear 4 0 0.38747399999999999 1.1392560706178576 1 53 0.29486800000000002 0.0083219999999999995 0.062908999999999993 0.0033059999999999999 0.00076199999999999998 0.002947 0.01057 0.14539099999999999 0.021888000000000001 0 0.027882000000000001 0.00080099999999999995 0.0021909999999999998 0.0010200000000000001 0.0030999999999999999 0.029388000000000001 0.015300000000000001 0.0062970000000000031 0 0
59 linear 4 7 0.270175 1.1378690389050636 1 53 0.16695299999999999 0.0083210000000000003 0.073069999999999982 0.0036340000000000001 0.00071199999999999996 0.0026029999999999998 0.0096930000000000002 0.022651999999999999 0.021104000000000001 0 0.027320000000000001 0.00074799999999999997 0.002173 0.001026 0.0029150000000000001 0.041132999999999996 0.013755 0.0062980000000000024 0 1
59 linear 4 15 0.25386700000000001 1.1363276182740456 1 53 0.15437100000000001 0.0081659999999999996 0.070001999999999981 0.0033239999999999997 0.00067900000000000002 0.0026359999999999999 0.010394 0.0089779999999999999 0.021562000000000001 0 0.027987000000000001 0.00079500000000000003 0.0022630000000000003 0.00089400000000000005 0.0027819999999999998 0.038012999999999991 0.013857000000000006 0.0062770000000000005 0 2
59 linear 4 23 0.25457200000000002 1.1348215482656856 1 53 0.15648000000000001 0.0081880000000000008 0.06882400000000001 0.0032229999999999997 0.00060300000000000002 0.0027070000000000002 0.0095860000000000008 0.011306999999999999 0.021375999999999999 0 0.028218 0.00077899999999999996 0.0022360000000000001 0.00090799999999999995 0.0027799999999999999 0.034957999999999996 0.015617999999999998 0.0063130000000000009 0 3
59 uniform 0 0 0.35289100000000001 1.1833192574649862 1 50 0.27835900000000002 0.0066299999999999996 0.051959000000000005 0.0025859999999999998 0.00057599999999999991 0.0024750000000000002 0.010404 0.13969699999999999 0.021964000000000001 0 0.027460999999999999 0.00084900000000000004 0.0011789999999999999 0.0015380000000000001 0.0027889999999999998 0.028224000000000006 0.016166999999999997 0 0 0
59 uniform 0 7 0.234681 1.1817038571260592 1 50 0.155225 0.0062490000000000002 0.057994000000000011 0.0022070000000000002 0.00047800000000000002 0.002722 0.010068000000000001 0.018374999999999999 0.02181 0 0.027744000000000001 0.00082299999999999995 0.001186 0.001276 0.0026719999999999999 0.033405999999999984 0.017113999999999997 0 0 1
59 uniform 0 15 0.22406200000000001 1.1791732439354348 1 43 0.15423000000000001 0.006169 0.050271999999999997 0.0018410000000000002 0.000464 0.0026180000000000001 0.0093869999999999995 0.018943000000000002 0.021568 0 0.027931999999999998 0.00088199999999999997 0.00133 0.001206 0.0026030000000000003 0.031031999999999994 0.012759999999999994 0 0 2
59 uniform 0 23 0.23822599999999999 1.1759872726621547 1 50 0.15821399999999999 0.0073590000000000001 0.057656000000000013 0.0020739999999999999 0.00047800000000000002 0.0024810000000000001 0.009299 0.023848000000000001 0.021264000000000002 0 0.027456999999999999 0.00077999999999999999 0.0012130000000000001 0.0013090000000000001 0.0029220000000000001 0.034338 0.015547999999999996 0 0 3
59 uniform 1 0 0.367228 1.1728382210985244 1 50 0.28773700000000002 0.0068129999999999996 0.057304999999999995 0.0020769999999999999 0.00048499999999999997 0.0026700000000000001 0.010685 0.147093 0.02512 0 0.026210000000000001 0.00073999999999999999 0.001157 0.001841 0.0032700000000000003 0.033757000000000002 0.015727999999999999 0 0 0
59 uniform 1 7 0.239065 1.1687071462375556 1 50 0.15471199999999999 0.0064840000000000002 0.062647999999999995 0.0019430000000000001 0.00044900000000000002 0.0024020000000000001 0.010869999999999999 0.014139000000000001 0.024972999999999999 0 0.026969 0.00072900000000000005 0.001181 0.0016100000000000001 0.0031629999999999996 0.038308999999999996 0.016509000000000003 0 0 1
59 uniform 1 15 0.23897599999999999 1.1632131513389943 1 50 0.16017000000000001 0.0065360000000000001 0.056847000000000009 0.0021390000000000003 0.00050299999999999997 0.0024970000000000001 0.010756 0.014267999999999999 0.024802999999999999 0 0.026983 0.00074399999999999998 0.001235 0.001444 0.0030229999999999996 0.032518000000000005 0.016511999999999992 0 0 2
59 uniform 1 23 0.23080300000000001 1.1567159439135912 1 50 0.15293699999999999 0.0061669999999999997 0.056387 0.002147 0.000473 0.0026700000000000001 0.011564 0.012248999999999999 0.025139000000000002 0 0.026952 0.00078899999999999999 0.0011849999999999999 0.0013209999999999999 0.0029090000000000001 0.032579999999999998 0.016067999999999999 0 0 3
59 uniform 2 0 0.40293000000000001 1.1478560583991173 1 65 0.289991 0.0094009999999999996 0.081451000000000023 0.0032070000000000002 0.00073500000000000008 0.0027669999999999999 0.010867 0.14296400000000001 0.022009999999999998 0 0.027741999999999999 0.00080400000000000003 0.0026720000000000003 0.0010549999999999999 0.0032709999999999996 0.045584999999999994 0.025738999999999991 0 0 0
59 uniform 2 7 0.59104000000000001 1.153643301033545 1 73 0.43714999999999998 0.011642 0.11663699999999998 0.004065 0.00091199999999999994 0.0025630000000000002 0.0096930000000000002 0.020733000000000001 0.02137 0 0.027341000000000001 0.000754 0.26885599999999998 0.00089499999999999996 0.0034459999999999998 0.072953000000000004 0.032071999999999982 0 0 1
59 uniform 2 15 0.276866 1.1574570702630931 1 58 0.16764000000000001 0.0090749999999999997 0.080752000000000004 0.0026929999999999996 0.00068000000000000005 0.0025379999999999999 0.010061 0.018513999999999999 0.021613 0 0.028348000000000002 0.00075799999999999999 0.003209 0.001191 0.0031230000000000003 0.04877299999999999 0.022913999999999993 0 0 2
59 uniform 2 23 0.26988899999999999 1.1584149222463052 1 58 0.16297400000000001 0.0087299999999999999 0.079021000000000036 0.0027079999999999999 0.00063400000000000001 0.0024580000000000001 0.0096460000000000001 0.018762999999999998 0.021083000000000001 0 0.027254 0.00088999999999999995 0.0031740000000000002 0.0010039999999999999 0.0028500000000000001 0.048212999999999999 0.02178699999999998 0 0 3
59 uniform 3 0 0.38339899999999999 1.09577256488313 1 51 0.287719 0.0089309999999999997 0.068052999999999989 0.0026210000000000001 0.00078899999999999999 0.002428 0.010196999999999999 0.142238 0.021866 0 0.028167000000000001 0.00075699999999999997 0.0030220000000000004 0.001052 0.0029219999999999997 0.039804000000000006 0.019910999999999991 0 0 0
59 uniform 3 7 0.24318899999999999 1.0935597746826349 1 43 0.155223 0.0084060000000000003 0.064746000000000026 0.0018519999999999999 0.00060399999999999994 0.0024819999999999998 0.0098790000000000006 0.012727 0.021170999999999999 0 0.027484000000000001 0.00082700000000000004 0.0029889999999999999 0.0010380000000000001 0.0029749999999999993 0.038366999999999998 0.019146999999999994 0 0 1
59 uniform 3 15 0.24091299999999999 1.0912262543311997 1 43 0.15027599999999999 0.0087010000000000004 0.066577999999999998 0.0020609999999999999 0.00046000000000000001 0.0023760000000000001 0.0094590000000000004 0.007254 0.021066999999999999 0 0.027647999999999999 0.00086600000000000002 0.0030099999999999997 0.0010189999999999999 0.0030629999999999998 0.039211999999999997 0.020220999999999982 0 0 2
59 uniform 3 23 0.25387500000000002 1.0891101677266386 1 43 0.16186800000000001 0.011886000000000001 0.065181000000000003 0.0020479999999999999 0.00045399999999999998 0.0028270000000000001 0.010345 0.019039 0.020806999999999999 0 0.028077999999999999 0.00077800000000000005 0.002957 0.0010059999999999999 0.0030330000000000001 0.038816999999999983 0.01920599999999998 0 0 3
59 uniform 4 0 0.35126800000000002 1.1393572392665554 1 37 0.28875099999999998 0.0084010000000000005 0.039502000000000009 0.001866 0.00057700000000000004 0.0028730000000000001 0.010746 0.139928 0.021870000000000001 0 0.027980999999999999 0.00082200000000000003 0.002199 0.001085 0.0034780000000000002 0.023091999999999998 0.010848000000000003 0 0 0
59 uniform 4 7 0.23529900000000001 1.1379822703239775 1 37 0.16798299999999999 0.0081510000000000003 0.044444999999999998 0.0019060000000000001 0.00050299999999999997 0.0027009999999999998 0.0098849999999999997 0.022787000000000002 0.023123999999999999 0 0.027274 0.000727 0.0021559999999999999 0.00101 0.0028829999999999997 0.029038999999999995 0.0097970000000000054 0 0 1
59 uniform 4 15 0.21921499999999999 1.1364561228032724 1 37 0.15276300000000001 0.0081440000000000002 0.044053000000000002 0.001789 0.00052999999999999998 0.002689 0.0095200000000000007 0.0086540000000000002 0.022898999999999999 0 0.027439000000000002 0.00079199999999999995 0.0021670000000000001 0.00093700000000000001 0.0027980000000000001 0.028616000000000006 0.0098440000000000021 0 0 2
59 uniform 4 23 0.22240499999999999 1.1349667906010057 1 37 0.15901899999999999 0.0082710000000000006 0.040417000000000015 0.0019120000000000003 0.00054900000000000001 0.0026970000000000002 0.009587 0.010977000000000001 0.023084 0 0.031307000000000001 0.00079900000000000001 0.0021190000000000002 0.00087799999999999998 0.002895 0.023149999999999993 0.011711000000000004 0 0 3
60 linear 0 0 0.86296700000000004 3.797676983759227 1 125 0.48311999999999999 0.012945999999999999 0.32619900000000002 0.0072440000000000004 0.0016499999999999998 0.0031489999999999999 0.011535999999999999 0.18582799999999999 0.023564999999999999 0 0.027625 0.00088500000000000004 0.13501099999999999 0.00094799999999999995 0.0043339999999999993 0.11671100000000006 0.077913000000000066 0.019431999999999991 0 0
60 linear 0 7 0.66891500000000004 3.5980625037107417 1 117 0.308311 0.012363000000000001 0.31105600000000011 0.0059500000000000004 0.0015900000000000001 0.0029610000000000001 0.011261 0.044373999999999997 0.024289000000000002 0 0.027802 0.00086799999999999996 0.10198099999999999 0.0009810000000000001 0.0040759999999999998 0.12461499999999998 0.07066699999999998 0.017573999999999999 0 1
60 linear 0 15 0.73229900000000003 3.3978361012744287 1 110 0.43500699999999998 0.012002000000000001 0.25009599999999987 0.0057110000000000008 0.0016080000000000001 0.0027290000000000001 0.010788000000000001 0.041739999999999999 0.022821999999999999 0 0.027185000000000001 0.00085300000000000003 0.23678299999999999 0.0009810000000000001 0.0038660000000000001 0.11149000000000001 0.056801000000000053 0.015147000000000004 0 2
60 linear 0 23 0.635598 3.2160958368250014 1 110 0.327789 0.012001 0.26112500000000005 0.0054400000000000004 0.0014090000000000001 0.0025920000000000001 0.010333 0.037803999999999997 0.022422999999999998 0 0.026894999999999999 0.000883 0.13716999999999999 0.00094600000000000001 0.0036799999999999997 0.11765999999999995 0.061375000000000055 0.014990999999999997 0 3
60 linear 1 0 0.67336099999999999 3.1993490919571048 1 117 0.34617100000000001 0.012264000000000001 0.27628300000000006 0.0062480000000000001 0.0014560000000000003 0.0026080000000000001 0.010283 0.188193 0.023195 0 0.026374000000000002 0.00075600000000000005 0.0045839999999999995 0.0009990000000000001 0.0037909999999999997 0.11043799999999993 0.065945999999999991 0.017751999999999987 0 0
60 linear 1 7 0.51064900000000002 3.0150420838095511 1 110 0.195577 0.013986 0.26587699999999997 0.0056560000000000004 0.0015210000000000002 0.0026640000000000001 0.010914 0.037769999999999998 0.021464 0 0.027910000000000001 0.00079600000000000005 0.0044449999999999993 0.00092699999999999998 0.0037679999999999996 0.11880999999999997 0.058887000000000037 0.015494000000000003 0 1
60 linear 1 15 0.454704 2.83545328191583 1 95 0.19212099999999999 0.011860000000000001 0.220887 0.0045279999999999999 0.001194 0.002807 0.010109999999999999 0.036894999999999997 0.021458000000000001 0 0.026860999999999999 0.00079900000000000001 0.0042750000000000002 0.00088999999999999995 0.0037000000000000002 0.10466 0.045403999999999979 0.012429999999999995 0 2
60 linear 1 23 0.45509500000000003 2.6768677384959658 1 95 0.19256200000000001 0.011707 0.22132999999999986 0.0045180000000000003 0.0010560000000000001 0.0025950000000000001 0.010403000000000001 0.039299000000000001 0.021097000000000001 0 0.026752000000000001 0.00074200000000000004 0.0043099999999999996 0.00085899999999999995 0.0036750000000000003 0.10789599999999998 0.048386999999999986 0.012368999999999998 0 3
60 linear 2 0 0.49052699999999999 2.2271786743536404 1 73 0.32660899999999998 0.0090080000000000004 0.131163 0.0038549999999999999 0.0010350000000000001 0.0024880000000000002 0.010102999999999999 0.181621 0.021648000000000001 0 0.026357999999999999 0.00079199999999999995 0.0028970000000000003 0.0011800000000000001 0.0031849999999999995 0.054979999999999994 0.029806999999999976 0.010333000000000004 0 0
60 linear 2 7 0.36690699999999998 2.0744173671384885 1 74 0.18881899999999999 0.0087989999999999995 0.14251699999999998 0.0046410000000000002 0.00090600000000000001 0.0025899999999999999 0.010154 0.039396 0.021373 0 0.026332000000000001 0.00080699999999999999 0.0029640000000000001 0.001291 0.0032820000000000002 0.066308000000000006 0.031096000000000006 0.010125000000000002 0 1
60 linear 2 15 0.34026499999999998 1.8435463370899061 1 66 0.18900700000000001 0.0085599999999999999 0.12074099999999996 0.0033560000000000005 0.00093499999999999996 0.0026340000000000001 0.010161 0.042176999999999999 0.021366 0 0.026813 0.00094499999999999998 0.0029250000000000005 0.001093 0.0031359999999999999 0.065211000000000005 0.030300999999999981 0.0094280000000000041 0 2
60 linear 2 23 0.29758800000000002 1.5846430218323986 1 45 0.18848799999999999 0.008404 0.082902999999999991 0.002604 0.00077300000000000003 0.0023990000000000001 0.0098709999999999996 0.044882999999999999 0.021305000000000001 0 0.026445 0.00080699999999999999 0.0030530000000000002 0.001103 0.0030970000000000004 0.048795000000000005 0.017715999999999992 0.0060700000000000033 0 3
60 linear 3 0 0.89057699999999995 134.09190142446326 1 143 0.50033000000000005 0.016046000000000001 0.31894600000000017 0.0097040000000000026 0.0021030000000000003 0.0028289999999999999 0.011372999999999999 0.18141399999999999 0.023939999999999999 0 0.027215 0.00091699999999999995 0.15218900000000002 0.000357 0.0037280000000000004 0.15964199999999998 0.059655999999999973 0.024624000000000007 0 0
60 linear 3 7 0.82501999999999998 119.18618054967823 1 127 0.34255400000000003 0.017315000000000001 0.41569600000000007 0.0086570000000000015 0.0018 0.0028340000000000001 0.011161000000000001 0.028507000000000001 0.021448999999999999 0 0.027528 0.00089400000000000005 0.149536 0.00031 0.0038080000000000002 0.26915200000000011 0.054471000000000033 0.021275000000000016 0 1
60 linear 3 15 0.84624699999999997 106.11868214491545 1 127 0.37596099999999999 0.016524 0.40407099999999996 0.0081180000000000002 0.0022889999999999998 0.002774 0.012135 0.023951 0.024164000000000001 0 0.027380000000000002 0.00087399999999999999 0.18520700000000001 0.00034200000000000002 0.0037060000000000001 0.26017300000000004 0.052441999999999968 0.021507999999999992 0 2
60 linear 3 23 0.84961699999999996 95.807017765044179 1 127 0.42894599999999999 0.015013 0.35879599999999995 0.0075879999999999993 0.0016390000000000003 0.0025959999999999998 0.010333 0.025687999999999999 0.020812000000000001 0 0.026800999999999998 0.00081099999999999998 0.24570999999999998 0.00032000000000000003 0.00349 0.21963400000000005 0.051410999999999929 0.020749000000000004 0 3
60 linear 4 0 0.68952800000000003 73.448531075691989 1 59 0.55125400000000002 0.010227999999999999 0.10630100000000003 0.0036809999999999998 0.00096799999999999989 0.002604 0.01085 0.18643499999999999 0.022128999999999999 0 0.027157000000000001 0.00094899999999999997 0.21571699999999999 0.001449 0.0031859999999999996 0.059818000000000003 0.021094999999999992 0.0095990000000000034 0 0
60 linear 4 7 0.66764000000000001 74.169806663072976 1 59 0.39085900000000001 0.0099780000000000008 0.24565800000000002 0.0033439999999999998 0.00092400000000000002 0.0026559999999999999 0.010772 0.026186999999999998 0.021257999999999999 0 0.027247 0.00095699999999999995 0.21843499999999999 0.001291 0.0030630000000000006 0.19862000000000002 0.021166999999999995 0.0095700000000000004 0 1
60 linear 4 15 0.70957800000000004 74.655973410398772 1 59 0.428091 0.0096500000000000006 0.25149000000000005 0.0032779999999999997 0.00080800000000000012 0.0025699999999999998 0.010241999999999999 0.028389999999999999 0.021226999999999999 0 0.026383 0.000883 0.25861400000000001 0.00108 0.0031580000000000002 0.19935 0.023984999999999968 0.010562000000000002 0 2
60 linear 4 23 0.64398699999999998 74.760180733066676 1 51 0.38670500000000002 0.0097929999999999996 0.22754199999999994 0.002444 0.0041359999999999999 0.0024459999999999998 0.0097009999999999996 0.024596 0.022405999999999999 0 0.027102999999999999 0.00087500000000000002 0.22155900000000001 0.001093 0.0028370000000000001 0.18031699999999995 0.022119999999999997 0.0096240000000000041 0 3
60 uniform 0 0 0.74300500000000003 3.7068066380001365 1 125 0.48017799999999999 0.013025 0.21061999999999995 0.0060000000000000001 0.001616 0.002934 0.011183999999999999 0.18467 0.023026000000000001 0 0.026707000000000002 0.00084000000000000003 0.134993 0.001111 0.0041410000000000006 0.11216600000000002 0.077886999999999929 0 0 0
60 uniform 0 7 0.57462100000000005 3.5060927411585889 1 117 0.31331199999999998 0.012533000000000001 0.21288899999999994 0.0050499999999999998 0.0014390000000000002 0.0028249999999999998 0.011018 0.044429999999999997 0.023557999999999999 0 0.027563000000000001 0.00077899999999999996 0.106623 0.001204 0.0041809999999999998 0.12320500000000001 0.070693000000000006 0 0 1
60 uniform 0 15 0.66519600000000001 3.3101471606576602 1 110 0.431066 0.012066 0.18799400000000002 0.0047819999999999998 0.0014829999999999999 0.0028159999999999999 0.010541 0.04165 0.022693000000000001 0 0.026932999999999999 0.00085300000000000003 0.23273899999999997 0.0010870000000000001 0.003872 0.11416499999999996 0.056634000000000025 0 0 2
60 uniform 0 23 0.57057500000000005 3.135489294359799 1 110 0.32849600000000001 0.011676000000000001 0.19673699999999997 0.0046700000000000005 0.001219 0.0026050000000000001 0.010002 0.037634000000000001 0.023396 0 0.027042 0.00087399999999999999 0.13716699999999998 0.00096500000000000004 0.0037329999999999998 0.11811800000000004 0.061365000000000031 0 0 3
60 uniform 1 0 0.591777 3.2130131979696888 1 117 0.344497 0.011823999999999999 0.198352 0.0054320000000000002 0.0012989999999999998 0.002526 0.0096480000000000003 0.18881400000000001 0.023147999999999998 0 0.026599000000000001 0.00080599999999999997 0.0044819999999999999 0.0010200000000000001 0.0036360000000000003 0.11095500000000008 0.068745999999999988 0 0 0
60 uniform 1 7 0.43997799999999998 3.0262785274741075 1 110 0.19739300000000001 0.011889 0.19530500000000001 0.0054310000000000001 0.0013730000000000001 0.0024610000000000001 0.0094339999999999997 0.037786 0.023234999999999999 0 0.027706000000000001 0.00080199999999999998 0.0044339999999999996 0.001111 0.0038089999999999995 0.118766 0.059382999999999984 0 0 1
60 uniform 1 15 0.40133200000000002 2.8467938351349149 1 95 0.193158 0.011835 0.16632600000000003 0.0044160000000000007 0.0011899999999999999 0.0025249999999999999 0.0097140000000000004 0.036727000000000003 0.021085 0 0.027244000000000001 0.00074100000000000001 0.0043859999999999993 0.00096500000000000004 0.003699 0.106168 0.045568000000000046 0 0 2
60 uniform 1 23 0.40249800000000002 2.6886419183363235 1 95 0.19300600000000001 0.011545 0.16858200000000012 0.0041370000000000001 0.001157 0.0024020000000000001 0.0097330000000000003 0.039254999999999998 0.020653000000000001 0 0.027369999999999998 0.00075600000000000005 0.0042919999999999998 0.00099500000000000001 0.0037600000000000003 0.10766499999999998 0.046311999999999978 0 0 3
60 uniform 2 0 0.45588000000000001 2.2702809778264594 1 73 0.32684600000000003 0.0091990000000000006 0.096787000000000026 0.003202 0.001023 0.002392 0.0099150000000000002 0.18168100000000001 0.021670999999999999 0 0.026095 0.00082600000000000002 0.0030349999999999999 0.0011820000000000001 0.0031320000000000002 0.055639000000000015 0.030039999999999987 0 0 0
60 uniform 2 7 0.31716800000000001 2.1382261385846104 1 66 0.18682599999999999 0.0088269999999999998 0.098986999999999978 0.0034170000000000003 0.00094500000000000009 0.0023630000000000001 0.0096270000000000001 0.041824 0.020979999999999999 0 0.025860999999999999 0.000834 0.0028340000000000006 0.0011590000000000001 0.0031850000000000003 0.061244 0.027617999999999986 0 0 1
60 uniform 2 15 0.323465 1.9139518078301989 1 66 0.18800900000000001 0.0087810000000000006 0.10519599999999998 0.0029629999999999999 0.00086200000000000003 0.002591 0.010647999999999999 0.042197999999999999 0.021434999999999999 0 0.027053000000000001 0.000812 0.0028810000000000003 0.0011019999999999999 0.0031729999999999996 0.064971999999999988 0.030205999999999972 0 0 2
60 uniform 2 23 0.288879 1.5992677559700328 1 45 0.188968 0.0084600000000000005 0.073282000000000014 0.0025790000000000001 0.00069800000000000005 0.002447 0.0099579999999999998 0.045156000000000002 0.021493999999999999 0 0.027047999999999999 0.00081300000000000003 0.0029159999999999998 0.001078 0.0031289999999999994 0.048819999999999981 0.017720999999999994 0 0 3
60 uniform 3 0 0.81309500000000001 135.66421791210422 1 143 0.500166 0.015983000000000001 0.24217199999999997 0.0093950000000000006 0.0019350000000000003 0.0028080000000000002 0.011169999999999999 0.183506 0.021784000000000001 0 0.027390999999999999 0.00087699999999999996 0.15227299999999999 0.000321 0.003666 0.15804500000000007 0.059474999999999952 0 0 0
60 uniform 3 7 0.73824500000000004 120.22587538890463 1 127 0.33838699999999999 0.015667 0.33573100000000017 0.0079660000000000009 0.0017359999999999997 0.0026800000000000001 0.010746 0.028566000000000001 0.02145 0 0.026685 0.00081499999999999997 0.15024699999999999 0.00034200000000000002 0.0036510000000000006 0.26121299999999997 0.053065999999999953 0 0 1
60 uniform 3 15 0.78692499999999999 106.82345793568936 1 127 0.37717699999999998 0.016648 0.34495399999999998 0.0073970000000000008 0.0016120000000000002 0.0029299999999999999 0.012460000000000001 0.024410000000000001 0.024917999999999999 0 0.027893999999999999 0.00080999999999999996 0.18551899999999999 0.00029700000000000001 0.0035750000000000005 0.26176299999999991 0.058239999999999979 0 0 2
60 uniform 3 23 0.79576199999999997 96.312585875113143 1 127 0.43612899999999999 0.016244000000000001 0.29666299999999979 0.0073740000000000012 0.001614 0.0025360000000000001 0.011708 0.027227000000000001 0.023786000000000002 0 0.027550999999999999 0.00080199999999999998 0.24544900000000003 0.00028800000000000001 0.0035599999999999998 0.22338800000000003 0.051802000000000022 0 0 3
60 uniform 4 0 0.67265200000000003 73.652535829898568 1 59 0.55193300000000001 0.010295 0.089739999999999959 0.0029250000000000005 0.000959 0.0027490000000000001 0.010893999999999999 0.186197 0.021967 0 0.027455 0.00088800000000000001 0.21598000000000001 0.001516 0.0032499999999999999 0.058716999999999991 0.021027000000000004 0 0 0
60 uniform 4 7 0.64833700000000005 74.37981329668969 1 59 0.38971800000000001 0.010031 0.22829900000000003 0.0027669999999999995 0.00088399999999999991 0.0027910000000000001 0.010521000000000001 0.024323999999999998 0.021349 0 0.026845000000000001 0.00088199999999999997 0.22139 0.0012880000000000001 0.0031040000000000004 0.19719100000000003 0.021164999999999993 0 0 1
60 uniform 4 15 0.68979999999999997 74.86995166292364 1 59 0.42396400000000001 0.0097050000000000001 0.23574900000000007 0.0028669999999999998 0.00075799999999999999 0.0024580000000000001 0.010436000000000001 0.028254999999999999 0.020959999999999999 0 0.026345 0.00088199999999999997 0.25497900000000001 0.001186 0.0031009999999999996 0.20385800000000004 0.021863999999999988 0 0 2
60 uniform 4 23 0.66439700000000002 74.974707830297618 1 59 0.38586700000000002 0.009861 0.2483769999999999 0.002934 0.00073700000000000002 0.0024650000000000002 0.0099880000000000004 0.024291 0.021153000000000002 0 0.027140999999999998 0.00079199999999999995 0.22177800000000003 0.001042 0.002875 0.21607999999999997 0.022300999999999998 0 0 3
61 linear 0 0 0.547435 8.9882047772873364 1 75 0.352213 0.046242999999999999 0.12073500000000005 0.0052220000000000001 0.001304 0.002836 0.011235999999999999 0.19045200000000001 0.023692000000000001 0 0.027063 0.00089099999999999997 0.0045620000000000001 0.0011490000000000001 0.0034710000000000001 0.045683000000000001 0.036028999999999992 0.007975999999999997 0 0
61 linear 0 7 0.55442599999999997 8.4559539403699819 1 75 0.29867899999999997 0.042273999999999999 0.18695499999999993 0.0043800000000000002 0.00099799999999999997 0.0029060000000000002 0.010518 0.043638000000000003 0.022946000000000001 0 0.026283999999999998 0.00084199999999999998 0.10273400000000001 0.0010269999999999999 0.0032739999999999991 0.11284399999999997 0.034882999999999983 0.0079580000000000033 0 1
61 linear 0 15 0.46344099999999999 7.8226898734243182 1 75 0.196025 0.035368999999999998 0.20573199999999994 0.0042700000000000004 0.0010019999999999999 0.0027669999999999999 0.010093 0.042644000000000001 0.022284999999999999 0 0.025967 0.00084999999999999995 0.0045450000000000004 0.00093899999999999995 0.0033369999999999993 0.13043500000000002 0.036281999999999988 0.0079660000000000009 0 2
61 linear 0 23 0.441083 7.1664689786264413 1 75 0.19279199999999999 0.034564999999999999 0.18763000000000002 0.0040379999999999999 0.00094600000000000001 0.0024199999999999998 0.0094190000000000003 0.043652999999999997 0.022374999999999999 0 0.025309000000000002 0.00084699999999999999 0.004339 0.00091699999999999995 0.0032940000000000005 0.11331799999999995 0.035312000000000024 0.0079270000000000018 0 3
61 linear 1 0 0.70826199999999995 2.9198942460151072 1 91 0.45566400000000001 0.073581999999999995 0.143926 0.0067689999999999998 0.0014840000000000001 0.0028909999999999999 0.010083999999999999 0.19114200000000001 0.022794999999999999 0 0.027252999999999999 0.00087100000000000003 0.11103400000000001 0.0010059999999999999 0.0034570000000000004 0.054239000000000002 0.045462999999999976 0.0098659999999999998 0 0
61 linear 1 7 0.638984 3.8442211743567385 1 75 0.33137699999999998 0.070245000000000002 0.20986500000000002 0.0047520000000000001 0.0013029999999999999 0.002771 0.011403 0.047778000000000001 0.022907 0 0.027910999999999998 0.00092199999999999997 0.128944 0.001126 0.0034629999999999999 0.13240299999999999 0.038687999999999979 0.0079730000000000027 0 1
61 linear 1 15 0.62960199999999999 4.9346932302272029 1 75 0.33390900000000001 0.067105999999999999 0.20203900000000002 0.0043119999999999999 0.0010089999999999999 0.0028180000000000002 0.010685 0.044769999999999997 0.023257 0 0.027668999999999999 0.000901 0.13456600000000002 0.0009810000000000001 0.0034149999999999996 0.126135 0.037044999999999995 0.0079850000000000008 0 2
61 linear 1 23 0.64183500000000004 6.0228572224486321 1 82 0.337588 0.066744999999999999 0.20893300000000004 0.0046389999999999999 0.001176 0.002653 0.010123999999999999 0.051185000000000001 0.021173000000000001 0 0.029692 0.000883 0.13488600000000001 0.000959 0.0033720000000000004 0.12712099999999996 0.040674999999999982 0.008796 0 3
61 linear 2 0 0.46871800000000002 1.5371285950406415 1 61 0.33492300000000003 0.0085869999999999991 0.099689000000000014 0.0045360000000000001 0.00091799999999999998 0.0028119999999999998 0.011142000000000001 0.18751899999999999 0.021947999999999999 0 0.026374999999999999 0.00079799999999999999 0.0026910000000000002 0.00116 0.0032000000000000006 0.038517000000000003 0.027122000000000011 0.006322000000000003 0 0
61 linear 2 7 0.39012000000000002 1.5370562893247017 1 61 0.18721299999999999 0.0083960000000000007 0.16933600000000001 0.0044209999999999996 0.00083799999999999988 0.002882 0.010571000000000001 0.043652999999999997 0.021281000000000001 0 0.026537000000000002 0.00078700000000000005 0.0026150000000000001 0.0011299999999999999 0.0030969999999999995 0.10996300000000005 0.025368000000000005 0.0063050000000000042 0 1
61 linear 2 15 0.45280300000000001 2.0714525736703226 1 83 0.199827 0.011367 0.20937899999999998 0.0059109999999999996 0.0012669999999999999 0.0027599999999999999 0.010127000000000001 0.043561000000000002 0.021406000000000001 0 0.026724000000000001 0.00082700000000000004 0.0041260000000000003 0.0010460000000000001 0.0034940000000000001 0.12829199999999999 0.039421999999999992 0.0089020000000000037 0 2
61 linear 2 23 0.45384600000000003 2.7063080837976661 1 83 0.19942699999999999 0.010971 0.21244100000000005 0.0050910000000000009 0.001317 0.002617 0.0094450000000000003 0.043487999999999999 0.020972000000000001 0 0.026705 0.00077099999999999998 0.0041329999999999995 0.000941 0.0032819999999999998 0.13287300000000002 0.03789399999999999 0.0089070000000000035 0 3
61 linear 3 0 0.62658599999999998 2.2585869761832735 1 61 0.46646100000000001 0.042314999999999998 0.093064000000000022 0.0037819999999999998 0.00087299999999999986 0.002591 0.010260999999999999 0.19095000000000001 0.021333000000000001 0 0.026200000000000001 0.00077499999999999997 0.13367899999999999 0.001181 0.0031089999999999998 0.034244999999999998 0.027439999999999982 0.0062780000000000006 0 0
61 linear 3 7 0.45176699999999997 2.2656360186640194 1 61 0.20642099999999999 0.040155999999999997 0.180002 0.0038710000000000003 0.00086900000000000009 0.0024729999999999999 0.01384 0.049457000000000001 0.021129999999999999 0 0.034937000000000003 0.00078399999999999997 0.0032069999999999998 0.0012459999999999999 0.0034129999999999998 0.12088399999999999 0.027494999999999988 0.0064229999999999999 0 1
61 linear 3 15 3.121804 2.2738582631996853 1 61 0.32516699999999998 0.037807 2.7322030000000002 0.0054799999999999996 0.00085000000000000006 0.0023960000000000001 0.0098169999999999993 0.047886999999999999 0.022799 0 0.026193999999999999 0.00082100000000000001 0.136125 0.001137 0.0031240000000000005 2.671084 0.028829999999999988 0.0065500000000000003 0 2
61 linear 3 23 0.50347600000000003 2.2822640207724172 1 61 0.20288 0.036323000000000001 0.23680300000000001 0.0042119999999999996 0.00082100000000000001 0.003852 0.010373 0.052553000000000002 0.023663 0 0.027186999999999999 0.00082399999999999997 0.0031819999999999999 0.0011130000000000001 0.0033909999999999999 0.171097 0.029975000000000002 0.0069120000000000032 0 3
61 linear 4 0 0.97527699999999995 8.0335028540254108 1 98 0.68730999999999998 0.087388999999999994 0.16288800000000003 0.0062709999999999997 0.0015329999999999999 0.0026710000000000002 0.011504 0.191188 0.024622999999999999 0 0.027521 0.00080599999999999997 0.33262000000000003 0.00079900000000000001 0.0036159999999999999 0.067614999999999995 0.050142000000000027 0.011037999999999997 0 0
61 linear 4 7 0.60505900000000001 7.846244497100475 1 114 0.21841099999999999 0.070346000000000006 0.2736849999999999 0.0074619999999999999 0.0016249999999999999 0.002604 0.011335 0.044681999999999999 0.024268000000000001 0 0.026061000000000001 0.00080199999999999998 0.014554999999999998 0.00074399999999999998 0.0038630000000000001 0.165882 0.057189000000000038 0.012938999999999997 0 1
61 linear 4 15 0.58968799999999999 7.6573900165855342 1 107 0.21934699999999999 0.070915000000000006 0.25376700000000002 0.00628 0.001446 0.0026120000000000002 0.011364000000000001 0.048951000000000001 0.024278999999999998 0 0.027321000000000002 0.00084900000000000004 0.0062750000000000002 0.00079500000000000003 0.0039490000000000003 0.15621899999999989 0.05067200000000005 0.011748999999999997 0 2
61 linear 4 23 0.57926800000000001 7.4903301017929227 1 107 0.207792 0.066873000000000002 0.26325599999999999 0.0060569999999999999 0.0013990000000000001 0.0024840000000000001 0.010081 0.047947999999999998 0.020837999999999999 0 0.026103000000000001 0.00086200000000000003 0.0060260000000000001 0.00068199999999999999 0.0035309999999999999 0.16474799999999984 0.051700000000000024 0.011772000000000001 0 3
61 uniform 0 0 0.52842900000000004 8.933850645647361 1 75 0.36535899999999999 0.043479999999999998 0.092574000000000017 0.0043200000000000001 0.0011460000000000001 0.0028340000000000001 0.010664999999999999 0.202127 0.024496 0 0.030339999999999999 0.000803 0.0044599999999999996 0.0010349999999999999 0.0034159999999999993 0.045353000000000004 0.035975999999999994 0 0 0
61 uniform 0 7 0.52782200000000001 8.468223882380725 1 75 0.30228100000000002 0.041424000000000002 0.15847300000000006 0.003728 0.0010060000000000002 0.002882 0.010644000000000001 0.043823000000000001 0.021815999999999999 0 0.026608 0.00083500000000000002 0.10282999999999999 0.001158 0.0036150000000000006 0.11228599999999998 0.034960999999999978 0 0 1
61 uniform 0 15 0.43393100000000001 7.9114163390664274 1 75 0.19579299999999999 0.034368000000000003 0.17796099999999998 0.0037009999999999999 0.00095600000000000004 0.0027569999999999999 0.01013 0.041317 0.021287 0 0.026615 0.00082200000000000003 0.0045900000000000003 0.00094200000000000002 0.0033850000000000004 0.13017499999999999 0.036344999999999975 0 0 2
61 uniform 0 23 0.41129500000000002 7.3291709605125668 1 75 0.19248799999999999 0.034236999999999997 0.15918800000000002 0.0035309999999999999 0.00091099999999999992 0.0025330000000000001 0.0095119999999999996 0.043575999999999997 0.020967 0 0.026074 0.00084599999999999996 0.0042880000000000001 0.00092500000000000004 0.0032919999999999998 0.11239 0.035412999999999979 0 0 3
61 uniform 1 0 0.652501 3.1724385916714786 1 75 0.45728000000000002 0.071976999999999999 0.096564999999999984 0.0039909999999999998 0.0011989999999999998 0.00281 0.010284 0.19347700000000001 0.02266 0 0.027061999999999999 0.00083000000000000001 0.11093799999999999 0.001039 0.0036109999999999996 0.047487999999999995 0.037805999999999999 0 0 0
61 uniform 1 7 0.60633000000000004 4.1621772214227022 1 75 0.33058599999999999 0.068330000000000002 0.18076100000000001 0.0039550000000000002 0.001098 0.0028089999999999999 0.010936 0.047732999999999998 0.023248999999999999 0 0.027557999999999999 0.00089099999999999997 0.128853 0.0010529999999999999 0.0034690000000000007 0.13071800000000003 0.038792999999999987 0 0 1
61 uniform 1 15 0.59894899999999995 5.2397679384766285 1 75 0.33319599999999999 0.065162999999999999 0.17436500000000008 0.0036509999999999997 0.001139 0.0027430000000000002 0.010369 0.044970000000000003 0.02393 0 0.027567000000000001 0.00081300000000000003 0.13468499999999997 0.000941 0.003444 0.126221 0.036920999999999975 0 0 2
61 uniform 1 23 0.61082700000000001 6.2576513297872793 1 82 0.33806599999999998 0.064706 0.18015500000000007 0.0039550000000000002 0.0011760000000000002 0.0024859999999999999 0.0099069999999999991 0.051242000000000003 0.023733000000000001 0 0.026741999999999998 0.00080500000000000005 0.137014 0.00089300000000000002 0.0034869999999999996 0.12717299999999998 0.040705999999999957 0 0 3
61 uniform 2 0 0.41531299999999999 1.5371300910456847 1 45 0.33571800000000002 0.0086339999999999993 0.053017000000000002 0.0023980000000000004 0.000767 0.0027560000000000002 0.010747 0.18717600000000001 0.023640000000000001 0 0.026393 0.00085300000000000003 0.0026879999999999999 0.0011820000000000001 0.0031340000000000001 0.027312000000000006 0.018943999999999999 0 0 0
61 uniform 2 7 0.32093100000000002 1.5370577825944463 1 45 0.190752 0.011166000000000001 0.10137299999999999 0.0023110000000000001 0.00064999999999999997 0.0025149999999999999 0.010059 0.043746 0.023473999999999998 0 0.026780000000000002 0.00079299999999999998 0.0026680000000000002 0.001173 0.0031750000000000003 0.077062000000000019 0.017473999999999996 0 0 1
61 uniform 2 15 0.379577 2.2629952078624411 1 67 0.198437 0.011169 0.14596500000000004 0.0034879999999999998 0.0011640000000000001 0.0024359999999999998 0.0093419999999999996 0.043680999999999998 0.023286000000000001 0 0.026800999999999998 0.00080999999999999996 0.0042230000000000002 0.0010449999999999999 0.0034280000000000001 0.104349 0.031497999999999984 0 0 2
61 uniform 2 23 0.37440400000000001 3.0122067256720357 1 67 0.19309999999999999 0.01095 0.146732 0.003222 0.001121 0.002444 0.0092700000000000005 0.043346000000000003 0.022520999999999999 0 0.026255000000000001 0.00084900000000000004 0.003934 0.000959 0.0032959999999999999 0.10703900000000004 0.029534999999999992 0 0 3
61 uniform 3 0 0.58337899999999998 2.2586870604867801 1 45 0.46849600000000002 0.042894000000000002 0.053703000000000001 0.0025890000000000002 0.00075099999999999993 0.0025230000000000001 0.010096000000000001 0.19276199999999999 0.021231 0 0.027099000000000002 0.00080099999999999995 0.13379000000000002 0.001209 0.0031220000000000002 0.027427999999999991 0.019490000000000004 0 0 0
61 uniform 3 7 0.350663 2.2657393382494235 1 45 0.19658700000000001 0.035546000000000001 0.100721 0.0024419999999999997 0.00070399999999999998 0.0026940000000000002 0.010869 0.049737999999999997 0.021273 0 0.026665000000000001 0.00082799999999999996 0.0031930000000000001 0.001042 0.0030080000000000003 0.074879999999999988 0.019083999999999997 0 0 1
61 uniform 3 15 0.49319400000000002 2.273965458909597 1 45 0.32699600000000001 0.036562999999999998 0.11189699999999998 0.0023220000000000003 0.00064700000000000001 0.0024840000000000001 0.0097450000000000002 0.047832 0.020943 0 0.027018 0.00077499999999999997 0.13630600000000001 0.0010790000000000001 0.0029950000000000003 0.086367000000000013 0.018599000000000001 0 0 2
61 uniform 3 23 0.35194500000000001 2.2823752953717751 1 45 0.19029799999999999 0.035098999999999998 0.109224 0.0022880000000000001 0.00062399999999999999 0.0024160000000000002 0.0091850000000000005 0.051048999999999997 0.020702000000000002 0 0.026189 0.00074600000000000003 0.0031850000000000003 0.000968 0.0029710000000000001 0.08335900000000003 0.018992000000000002 0 0 3
61 uniform 4 0 0.90242800000000001 8.0520184695359251 1 82 0.68041799999999997 0.086374000000000006 0.10568899999999998 0.004633 0.0013879999999999999 0.0024020000000000001 0.0096699999999999998 0.19006100000000001 0.021562000000000001 0 0.026553 0.00083299999999999997 0.33249000000000001 0.00071000000000000002 0.0035969999999999995 0.054649000000000017 0.038758999999999981 0 0 0
61 uniform 4 7 0.52683899999999995 7.8616474232200053 1 98 0.213922 0.068839999999999998 0.209511 0.0058690000000000001 0.0012490000000000001 0.0025839999999999999 0.010458 0.043493999999999998 0.021239999999999998 0 0.027400000000000001 0.00083500000000000002 0.014439000000000002 0.00069200000000000002 0.0035459999999999992 0.14589799999999992 0.048858999999999993 0 0 1
61 uniform 4 15 0.47185300000000002 7.6700994910962361 1 75 0.20811399999999999 0.067047999999999996 0.16772200000000004 0.0040119999999999999 0.0011729999999999998 0.0025200000000000001 0.0099069999999999991 0.047595999999999999 0.021218999999999998 0 0.027056 0.00086399999999999997 0.0061309999999999993 0.00062600000000000004 0.0034380000000000001 0.122447 0.033835999999999984 0 0 2
61 uniform 4 23 0.50297099999999995 7.5009864684948298 1 75 0.20474899999999999 0.065032999999999994 0.20350399999999996 0.0037790000000000002 0.0010639999999999998 0.0023670000000000002 0.0095820000000000002 0.047868000000000001 0.020878000000000001 0 0.026499000000000002 0.00085700000000000001 0.0057079999999999995 0.00065700000000000003 0.003471999999999999 0.15204300000000001 0.037639999999999993 0 0 3
62 linear 0 0 0.87846400000000002 448.86575126447167 1 137 0.51391900000000001 0.0071960000000000001 0.31094900000000003 0.010627000000000001 0.001804 0.0030279999999999999 0.012075000000000001 0.18109700000000001 0.025826000000000002 0 0.026606999999999999 0.00085700000000000001 0.17443600000000001 0.0013569999999999999 0.003359 0.13343199999999994 0.072410000000000238 0.030177000000000006 0 0
62 linear 0 7 0.82871600000000001 470.92825919103944 1 137 0.33329300000000001 0.0067780000000000002 0.44581799999999988 0.0087549999999999989 0.00142 0.0030179999999999998 0.012803999999999999 0.01753 0.025760000000000002 0 0.025385999999999999 0.00083299999999999997 0.16267400000000001 0.0011609999999999999 0.0030540000000000003 0.27731599999999995 0.070490999999999998 0.029316000000000002 0 1
62 linear 0 15 0.85877300000000001 488.91512315109645 1 137 0.35087800000000002 0.0065890000000000002 0.4586819999999997 0.0083230000000000005 0.0014 0.0027009999999999998 0.011063 0.015837 0.021645000000000001 0 0.029849000000000001 0.00084999999999999995 0.184526 0.001207 0.0030710000000000004 0.290547 0.070107000000000017 0.029271000000000002 0 2
62 linear 0 23 0.74831800000000004 499.58981100734246 1 137 0.26908399999999999 0.0063920000000000001 0.43029200000000006 0.0079249999999999998 0.0015110000000000002 0.0026679999999999998 0.010741000000000001 0.0078820000000000001 0.021741 0 0.025642999999999999 0.00085899999999999995 0.11607900000000002 0.001059 0.002934 0.26433499999999988 0.068312999999999999 0.029337999999999975 0 3
62 linear 1 0 0.49421199999999998 5.4788050093154208 1 91 0.33186599999999999 0.0089090000000000003 0.120879 0.0063330000000000001 0.0011719999999999999 0.0031220000000000002 0.011821 0.17526 0.022241 0 0.028198000000000001 0.00089499999999999996 0.0031069999999999995 0.0012509999999999999 0.0032650000000000001 0.046194999999999986 0.040530000000000045 0.010803 0 0
62 linear 1 7 0.35680899999999999 5.5052916990679055 1 91 0.170262 0.0085950000000000002 0.146282 0.0055989999999999998 0.001088 0.0028909999999999999 0.011006999999999999 0.020997999999999999 0.021236999999999999 0 0.027192000000000001 0.00086799999999999996 0.0030860000000000002 0.0012260000000000001 0.0037780000000000001 0.07754400000000003 0.038158000000000032 0.010820999999999996 0 1
62 linear 1 15 0.35095100000000001 5.5358010394427044 1 91 0.16791600000000001 0.0085559999999999994 0.14319000000000001 0.0053679999999999995 0.0012140000000000002 0.002715 0.010345 0.020777 0.022672000000000001 0 0.027272000000000001 0.00082799999999999996 0.003006 0.0011169999999999999 0.0031070000000000004 0.074257000000000031 0.038477000000000025 0.010787000000000003 0 2
62 linear 1 23 0.36204599999999998 5.5664366798252622 1 91 0.16969400000000001 0.0087299999999999999 0.15105000000000002 0.0063699999999999998 0.0012960000000000001 0.002637 0.010364999999999999 0.020794 0.022657 0 0.026606000000000001 0.00076900000000000004 0.0031469999999999996 0.0011670000000000001 0.003176 0.081679000000000002 0.037181000000000006 0.010826000000000001 0 3
62 linear 2 0 0.44631300000000002 4.3739105103831974 1 61 0.33290700000000001 0.0086009999999999993 0.080132000000000009 0.0039979999999999998 0.00089999999999999998 0.0027699999999999999 0.011037 0.18143599999999999 0.024202999999999999 0 0.027317999999999999 0.00079500000000000003 0.0031049999999999997 0.001157 0.0030929999999999994 0.03408400000000001 0.025542999999999989 0.0072500000000000047 0 0
62 linear 2 7 0.30744700000000003 4.3786158316679078 1 61 0.165574 0.0082850000000000007 0.10941199999999998 0.0036359999999999999 0.00086800000000000006 0.0024589999999999998 0.0096329999999999992 0.020908 0.022467000000000001 0 0.026814999999999999 0.00075000000000000002 0.0029709999999999997 0.001098 0.0030510000000000003 0.064790000000000014 0.024240999999999999 0.0072530000000000034 0 1
62 linear 2 15 0.30205500000000002 4.3903736874399728 1 61 0.16728299999999999 0.0081279999999999998 0.10275100000000002 0.0034729999999999995 0.00081200000000000011 0.0025730000000000002 0.0094739999999999998 0.020735 0.022360000000000001 0 0.03022 0.00070299999999999996 0.00296 0.0010280000000000001 0.0029489999999999998 0.056790000000000007 0.025647000000000003 0.0072120000000000031 0 2
62 linear 2 23 0.33639200000000002 4.445614049570624 1 75 0.16617299999999999 0.0085590000000000006 0.13507 0.0041380000000000002 0.0011439999999999998 0.0023969999999999998 0.0092370000000000004 0.023630000000000002 0.022995999999999999 0 0.025957000000000001 0.00070899999999999999 0.0029419999999999997 0.001003 0.0032209999999999995 0.077571000000000015 0.032300999999999989 0.0089239999999999996 0 3
62 linear 3 0 0.436664 177.42332146464571 1 51 0.32067699999999999 0.010264000000000001 0.086088999999999971 0.0033410000000000002 0.000754 0.002787 0.010703000000000001 0.16763900000000001 0.023923 0 0.026279 0.00088199999999999997 0.0018429999999999998 0.001255 0.00346 0.046543999999999988 0.018765999999999998 0.0078350000000000017 0 0
62 linear 3 7 0.43376500000000001 173.13928641001993 1 59 0.170765 0.0098510000000000004 0.23188799999999993 0.0037120000000000005 0.00085800000000000004 0.0028010000000000001 0.010725 0.021045000000000001 0.023248999999999999 0 0.026020000000000001 0.00083500000000000002 0.0018639999999999998 0.001238 0.0032190000000000001 0.18717599999999995 0.021019999999999997 0.0088019999999999973 0 1
62 linear 3 15 0.41484399999999999 167.09090562292829 1 59 0.167214 0.0094450000000000003 0.217136 0.0033470000000000001 0.00079499999999999992 0.0026819999999999999 0.010409 0.020761999999999999 0.023861 0 0.026100000000000002 0.00079600000000000005 0.0017960000000000001 0.0010690000000000001 0.0030590000000000001 0.17257000000000003 0.021069999999999974 0.0087870000000000014 0 2
62 linear 3 23 0.45591199999999998 160.22898709394664 1 67 0.166216 0.0094039999999999992 0.25689899999999999 0.0036389999999999999 0.001119 0.0025110000000000002 0.010038 0.019855999999999999 0.023769999999999999 0 0.028621000000000001 0.00073700000000000002 0.001804 0.00094899999999999997 0.0031140000000000004 0.20748399999999995 0.023091000000000011 0.0097210000000000005 0 3
62 linear 4 0 0.44941799999999998 127.80563523804716 1 67 0.32122099999999998 0.0095460000000000007 0.09567500000000001 0.0036570000000000001 0.00097900000000000005 0.0025200000000000001 0.010146000000000001 0.17838599999999999 0.021804 0 0.026145999999999999 0.00081400000000000005 0.0018879999999999999 0.001114 0.0031270000000000004 0.04565700000000001 0.023886999999999988 0.0097390000000000029 0 0
62 linear 4 7 0.48478700000000002 124.09385181723744 1 75 0.16363 0.0095209999999999999 0.28416100000000005 0.0047279999999999996 0.00099600000000000014 0.0024910000000000002 0.0098820000000000002 0.02102 0.021041000000000001 0 0.025579999999999999 0.00076599999999999997 0.001792 0.0011199999999999999 0.0061720000000000004 0.2344 0.022714000000000002 0.009727000000000003 0 1
62 linear 4 15 0.40256399999999998 119.67557450369016 1 52 0.168042 0.0097429999999999999 0.20645800000000009 0.003251 0.00074399999999999998 0.0023860000000000001 0.0098130000000000005 0.024823999999999999 0.020976000000000002 0 0.026079999999999999 0.00070399999999999998 0.0020200000000000001 0.0010859999999999999 0.0031280000000000001 0.17283700000000002 0.015249000000000002 0.0062060000000000014 0 2
62 linear 4 23 0.348298 115.17899285204705 1 52 0.15887299999999999 0.0091719999999999996 0.16287099999999999 0.0026690000000000004 0.00076900000000000004 0.0023240000000000001 0.0096579999999999999 0.01712 0.020865999999999999 0 0.027140000000000001 0.00088199999999999997 0.0018239999999999999 0.00096199999999999996 0.002957 0.12988800000000003 0.014954000000000004 0.0061760000000000009 0 3
62 uniform 0 0 0.77509799999999995 433.22351935674197 1 137 0.50142799999999998 0.0068649999999999996 0.22328100000000015 0.0093289999999999988 0.0016670000000000001 0.0025349999999999999 0.010555999999999999 0.17904600000000001 0.022194999999999999 0 0.026085000000000001 0.00079600000000000005 0.17448099999999997 0.001273 0.0030930000000000003 0.12680499999999989 0.070594999999999977 0 0 0
62 uniform 0 7 0.75335200000000002 448.44232236596662 1 137 0.32988699999999999 0.0068240000000000002 0.37414299999999989 0.0083529999999999993 0.001343 0.002555 0.010511 0.015911999999999999 0.022443999999999999 0 0.025706 0.00081700000000000002 0.16289600000000001 0.0013339999999999999 0.003215 0.27768199999999993 0.070499999999999952 0 0 1
62 uniform 0 15 0.78544000000000003 460.4904822874484 1 137 0.349997 0.0066750000000000004 0.38765999999999995 0.0076340000000000002 0.0013130000000000001 0.0025539999999999998 0.010368 0.015473000000000001 0.021783 0 0.026268 0.00082799999999999996 0.18477099999999999 0.0013010000000000001 0.0030959999999999998 0.29175900000000005 0.069615999999999956 0 0 2
62 uniform 0 23 0.684674 467.4994281360984 1 137 0.26403199999999999 0.0065490000000000001 0.37227200000000005 0.0076730000000000001 0.001395 0.002529 0.010004000000000001 0.0078869999999999999 0.021357000000000001 0 0.025444999999999999 0.00080500000000000005 0.11337999999999999 0.00117 0.0031159999999999994 0.27093100000000003 0.071125000000000174 0 0 3
62 uniform 1 0 0.46409899999999998 5.427453773419634 1 75 0.34166600000000003 0.0094079999999999997 0.086738999999999983 0.0047020000000000005 0.0010910000000000002 0.0031549999999999998 0.012666 0.176838 0.025686 0 0.028500999999999999 0.00089099999999999997 0.0031579999999999998 0.001408 0.0036340000000000001 0.040375999999999988 0.034829000000000006 0 0 0
62 uniform 1 7 0.31861899999999999 5.4485602822976746 1 75 0.17798700000000001 0.0090159999999999997 0.106415 0.0042059999999999997 0.00087600000000000004 0.002921 0.010957 0.022478000000000001 0.024490999999999999 0 0.028903000000000002 0.00086600000000000002 0.0031319999999999998 0.0011839999999999999 0.0033180000000000002 0.062105 0.032842000000000003 0 0 1
62 uniform 1 15 0.30831799999999998 5.4726635046310887 1 75 0.175043 0.0084960000000000001 0.10044199999999999 0.0037229999999999997 0.00096700000000000009 0.0026619999999999999 0.010081 0.024878999999999998 0.023890000000000002 0 0.028565 0.00081899999999999996 0.0030559999999999997 0.0010300000000000001 0.0030570000000000003 0.057064000000000004 0.032195000000000015 0 0 2
62 uniform 1 23 0.29906700000000003 5.4966782768721307 1 75 0.16225100000000001 0.0084489999999999999 0.10397599999999999 0.0038110000000000002 0.00094399999999999996 0.0025040000000000001 0.0096559999999999997 0.020459999999999999 0.020752 0 0.026588000000000001 0.00074899999999999999 0.0031280000000000001 0.0010499999999999999 0.0030070000000000001 0.062197000000000002 0.030562000000000002 0 0 3
62 uniform 2 0 0.411798 4.3764815214435409 1 45 0.328654 0.008489 0.056038000000000004 0.0027529999999999998 0.00077700000000000002 0.0026340000000000001 0.01047 0.18113299999999999 0.021831 0 0.027203999999999999 0.000727 0.0031809999999999998 0.001122 0.0031489999999999995 0.027043000000000008 0.022251 0 0 0
62 uniform 2 7 0.26344600000000001 4.3816930862767505 1 45 0.16509499999999999 0.0081770000000000002 0.072236000000000009 0.0024609999999999996 0.00062300000000000007 0.0025769999999999999 0.010489999999999999 0.021319000000000001 0.021104999999999999 0 0.026821000000000001 0.00077899999999999996 0.0029909999999999997 0.001024 0.0030239999999999998 0.047660999999999995 0.017817000000000003 0 0 1
62 uniform 2 15 0.25204300000000002 4.3947582821508338 1 45 0.160801 0.0081440000000000002 0.065586000000000005 0.002366 0.00061700000000000004 0.0023149999999999998 0.0093519999999999992 0.021201999999999999 0.020962000000000001 0 0.025891000000000001 0.00071199999999999996 0.0029330000000000003 0.00098799999999999995 0.003052 0.039451000000000007 0.019394999999999999 0 0 2
62 uniform 2 23 0.28823399999999999 4.4645057239130637 1 59 0.16459599999999999 0.0085839999999999996 0.095083000000000015 0.0029059999999999997 0.00087699999999999996 0.0023930000000000002 0.0093480000000000004 0.023729 0.021665 0 0.025950999999999998 0.000696 0.0029889999999999999 0.001096 0.003117 0.060353999999999998 0.025916999999999999 0 0 3
62 uniform 3 0 0.41976400000000003 178.6640563025768 1 51 0.31904199999999999 0.010174000000000001 0.071355999999999961 0.0031350000000000002 0.00071199999999999996 0.0028249999999999998 0.010923 0.170182 0.021995000000000001 0 0.025929000000000001 0.00080199999999999998 0.0018529999999999998 0.001201 0.0033369999999999993 0.044357999999999988 0.01855699999999999 0 0 0
62 uniform 3 7 0.38552999999999998 174.30099007035571 1 51 0.170767 0.0097380000000000001 0.18660699999999997 0.0027049999999999999 0.00057600000000000001 0.0028270000000000001 0.010975 0.021389999999999999 0.021617000000000001 0 0.026911999999999998 0.00088800000000000001 0.0019090000000000001 0.0012700000000000001 0.0033120000000000003 0.15952700000000003 0.018627999999999985 0 0 1
62 uniform 3 15 0.371008 168.14488080676801 1 51 0.16522300000000001 0.0094780000000000003 0.17845100000000003 0.0025470000000000002 0.00057200000000000003 0.0025820000000000001 0.010303 0.020958999999999998 0.021378000000000001 0 0.026703000000000001 0.000843 0.0017780000000000001 0.00107 0.0030799999999999998 0.15189900000000003 0.018138000000000008 0 0 2
62 uniform 3 23 0.399426 161.16847726457797 1 59 0.16270699999999999 0.0093080000000000003 0.20696299999999998 0.002908 0.00088999999999999995 0.002428 0.010208999999999999 0.019983999999999998 0.022946000000000001 0 0.026374000000000002 0.00075500000000000003 0.0017759999999999998 0.00092299999999999999 0.0029199999999999999 0.17670599999999997 0.020656999999999984 0 0 3
62 uniform 4 0 0.42519600000000002 128.23344297912891 1 59 0.32180700000000001 0.009639 0.073433000000000012 0.0028519999999999995 0.00082699999999999994 0.0024069999999999999 0.010201999999999999 0.17757200000000001 0.023514 0 0.026315999999999999 0.00082399999999999997 0.0018239999999999999 0.001114 0.0030990000000000002 0.042728000000000023 0.021095999999999997 0 0 0
62 uniform 4 7 0.441548 124.48718426745465 1 67 0.166214 0.0098289999999999992 0.24162600000000001 0.0038119999999999999 0.0009189999999999999 0.0023890000000000001 0.0099080000000000001 0.021163999999999999 0.02283 0 0.025885999999999999 0.00082799999999999996 0.001879 0.0011969999999999999 0.0032550000000000005 0.206342 0.023956999999999989 0 0 1
62 uniform 4 15 0.391401 120.03048476061635 1 52 0.16888500000000001 0.0096150000000000003 0.19563500000000006 0.0025290000000000004 0.00071199999999999996 0.0027290000000000001 0.010481000000000001 0.024844000000000001 0.022280999999999999 0 0.026283999999999998 0.00079900000000000001 0.0017829999999999999 0.001093 0.0030279999999999999 0.17250599999999999 0.015170000000000005 0 0 2
62 uniform 4 23 0.33946799999999999 115.49770337119291 1 52 0.15932199999999999 0.0093139999999999994 0.15351700000000001 0.0026080000000000001 0.00081599999999999999 0.0024099999999999998 0.0097809999999999998 0.017086 0.022759000000000001 0 0.026733 0.00077399999999999995 0.0017849999999999999 0.00092900000000000003 0.0028389999999999999 0.13073899999999999 0.014987000000000004 0 0 3
63 linear 0 0 0.74092199999999997 63.565351962420124 1 103 0.46803899999999998 0.010093 0.22908799999999996 0.0058700000000000002 0.001707 0.002918 0.011046 0.112841 0.024553999999999999 0 0.027564999999999999 0.00083799999999999999 0.20201199999999997 0.0011869999999999999 0.0034020000000000001 0.10847700000000002 0.038288000000000023 0.018658000000000001 0 0
63 linear 0 7 0.68153699999999995 62.459488379930555 1 110 0.37845299999999998 0.0097630000000000008 0.26101400000000008 0.0052730000000000008 0.0014359999999999998 0.002833 0.011405999999999999 0.022702 0.025423999999999999 0 0.027643000000000001 0.000843 0.20009299999999999 0.00115 0.0032779999999999992 0.12734499999999999 0.04021099999999999 0.019460000000000009 0 1
63 linear 0 15 0.57308499999999996 59.993497913898828 1 102 0.28209000000000001 0.0098119999999999995 0.25001099999999998 0.0047390000000000002 0.001294 0.002529 0.010976 0.020615000000000001 0.023684 0 0.026696000000000001 0.00082399999999999997 0.11202600000000001 0.001039 0.0032640000000000004 0.128273 0.040695000000000009 0.018282 0 2
63 linear 0 23 0.60151500000000002 56.496156753731 1 117 0.28185500000000002 0.012674 0.27000199999999996 0.005705 0.0015939999999999999 0.0024949999999999998 0.010609 0.017673999999999999 0.021985999999999999 0 0.026532 0.00082600000000000002 0.110831 0.0010809999999999999 0.0033840000000000003 0.14233499999999999 0.04170800000000003 0.020070999999999988 0 3
63 linear 1 0 0.58061200000000002 5.8656797260124636 1 88 0.319023 0.012475999999999999 0.21813300000000008 0.0053449999999999999 0.0012490000000000001 0.0030040000000000002 0.011507999999999999 0.15459200000000001 0.022197000000000001 0 0.027477999999999999 0.00083900000000000001 0.000861 0.0010970000000000001 0.0041460000000000004 0.10986800000000001 0.037850000000000029 0.012923000000000006 0 0
63 linear 1 7 0.46803899999999998 6.1162933581731762 1 88 0.19786899999999999 0.012068000000000001 0.22868199999999989 0.0046240000000000005 0.0011099999999999999 0.002846 0.011464999999999999 0.040920999999999999 0.022266000000000001 0 0.027511000000000001 0.00078399999999999997 0.00082300000000000016 0.001065 0.0037230000000000006 0.119759 0.034371999999999979 0.013756999999999991 0 1
63 linear 1 15 0.472557 6.4015858003239412 1 88 0.20141600000000001 0.012185 0.22968199999999994 0.0046870000000000002 0.00116 0.002794 0.010551 0.047410000000000001 0.021042999999999999 0 0.027136 0.00073399999999999995 0.00085099999999999998 0.001042 0.0037160000000000001 0.11610799999999996 0.032434000000000018 0.014437999999999996 0 2
63 linear 1 23 0.50643700000000003 6.6801951343710124 1 103 0.19245200000000001 0.012315 0.26875299999999991 0.0051870000000000006 0.001276 0.002761 0.010119 0.042414 0.021090000000000001 0 0.026574 0.00078200000000000003 0.00080499999999999994 0.00097900000000000005 0.003738 0.12993899999999997 0.041906000000000047 0.017814999999999991 0 3
63 linear 2 0 0.42368099999999997 16.318199186024145 1 60 0.30510399999999999 0.010304000000000001 0.084673999999999999 0.0046280000000000002 0.00086499999999999999 0.0028860000000000001 0.011211 0.15090400000000001 0.024295000000000001 0 0.027309 0.00087900000000000001 0.000611 0.001305 0.0033670000000000002 0.04842999999999998 0.015455000000000003 0.0071280000000000007 0 0
63 linear 2 7 0.36711300000000002 17.329542646369259 1 59 0.18886700000000001 0.01025 0.14620899999999998 0.0035980000000000001 0.0010150000000000001 0.0028310000000000002 0.011162 0.042151000000000001 0.021465000000000001 0 0.026827 0.00082600000000000002 0.00062200000000000005 0.001224 0.0031659999999999995 0.10440999999999998 0.017996999999999996 0.0087690000000000042 0 1
63 linear 2 15 0.46753899999999998 18.981914170542115 1 82 0.19298699999999999 0.013665 0.22665499999999997 0.0053039999999999997 0.0012049999999999999 0.0025179999999999998 0.0106 0.040346 0.02155 0 0.027276000000000002 0.00079600000000000005 0.00080600000000000008 0.001062 0.0033769999999999998 0.16789100000000007 0.025502999999999987 0.012334000000000005 0 2
63 linear 2 23 0.393652 22.636878822537856 1 66 0.177039 0.010144 0.18315299999999998 0.0035630000000000002 0.001093 0.002405 0.010498 0.033611000000000002 0.021909999999999999 0 0.026426999999999999 0.00079500000000000003 0.00058500000000000002 0.0012570000000000001 0.0030760000000000006 0.13019900000000001 0.022755000000000011 0.011554999999999999 0 3
63 linear 3 0 0.40440900000000002 11.80611721066496 1 53 0.29119400000000001 0.010286999999999999 0.080522999999999983 0.0036810000000000002 0.000687 0.0025539999999999998 0.011329000000000001 0.13959299999999999 0.024901 0 0.026907 0.00089899999999999995 0.00057700000000000004 0.0011329999999999999 0.003392 0.048053999999999999 0.01333 0.0065339999999999981 0 0
63 linear 3 7 0.32898300000000003 12.181642047778244 1 53 0.191381 0.010283 0.10454200000000001 0.0037920000000000002 0.00068499999999999995 0.0025149999999999999 0.011285 0.037499999999999999 0.026487 0 0.026734000000000001 0.000843 0.00061800000000000006 0.001227 0.0034850000000000003 0.071439000000000002 0.013884000000000002 0.0065719999999999997 0 1
63 linear 3 15 0.33372600000000002 12.654094533337641 1 53 0.188529 0.010413 0.11243699999999997 0.0035100000000000005 0.00081900000000000007 0.0024919999999999999 0.011140000000000001 0.039891999999999997 0.023637999999999999 0 0.026880000000000001 0.00075000000000000002 0.00060000000000000006 0.0011199999999999999 0.0033440000000000002 0.079214999999999994 0.014121999999999996 0.0065409999999999973 0 2
63 linear 3 23 0.31717699999999999 13.180935408673909 1 53 0.17644899999999999 0.0087969999999999993 0.110675 0.003359 0.00067700000000000008 0.0023180000000000002 0.010918000000000001 0.035636000000000001 0.020774000000000001 0 0.026447999999999999 0.00076800000000000002 0.00057499999999999999 0.0010759999999999999 0.0030249999999999999 0.079635000000000025 0.012935 0.006314000000000001 0 3
63 linear 4 0 0.42140699999999998 1.9531876591992474 1 61 0.31409100000000001 0.0087480000000000006 0.073732999999999993 0.0040530000000000002 0.00094000000000000008 0.0029659999999999999 0.010940999999999999 0.164715 0.022380000000000001 0 0.026606999999999999 0.000767 0.00058199999999999994 0.0011540000000000001 0.003101 0.035253999999999987 0.017755999999999987 0.007277000000000004 0 0
63 linear 4 7 0.30546400000000001 1.9117149797237096 1 61 0.18010499999999999 0.0083549999999999996 0.092521999999999965 0.0039319999999999997 0.00077899999999999996 0.0028279999999999998 0.010413 0.036771999999999999 0.021298000000000001 0 0.02656 0.00079100000000000004 0.00060499999999999996 0.0011280000000000001 0.0030029999999999996 0.055023000000000023 0.016840999999999998 0.0072730000000000043 0 1
63 linear 4 15 0.31808500000000001 1.8698183028768964 1 61 0.17835999999999999 0.0083510000000000008 0.099155999999999994 0.0041809999999999998 0.00085300000000000003 0.0027320000000000001 0.010343 0.033523999999999998 0.021533 0 0.026783000000000001 0.00075699999999999997 0.00061300000000000005 0.001111 0.0032149999999999995 0.061084000000000013 0.017499999999999998 0.0072820000000000037 0 2
63 linear 4 23 0.315496 1.8327485537811321 1 61 0.181897 0.0082959999999999996 0.10063800000000001 0.0040569999999999998 0.00083699999999999996 0.0028960000000000001 0.0096670000000000002 0.040113000000000003 0.021233999999999999 0 0.026204999999999999 0.00065799999999999995 0.00064099999999999997 0.0009990000000000001 0.0030580000000000004 0.063341999999999982 0.016660999999999999 0.0072460000000000033 0 3
63 uniform 0 0 0.67282600000000004 61.037920711601188 1 103 0.46463100000000002 0.0098309999999999995 0.16475500000000004 0.0053509999999999999 0.0015939999999999997 0.0027490000000000001 0.010541 0.112702 0.022941 0 0.027074999999999998 0.00080400000000000003 0.202012 0.001116 0.003375 0.10849499999999999 0.038262999999999991 0 0 0
63 uniform 0 7 0.58890699999999996 60.111922455686774 1 102 0.37105100000000002 0.0097660000000000004 0.17888499999999999 0.0042699999999999995 0.001217 0.0026440000000000001 0.010651000000000001 0.022734999999999998 0.022231999999999998 0 0.027227000000000001 0.00076999999999999996 0.19995900000000003 0.001121 0.003222 0.12354499999999999 0.037488999999999974 0 0 1
63 uniform 0 15 0.51059200000000005 57.985405134604981 1 102 0.28351999999999999 0.0094769999999999993 0.18683 0.0043499999999999997 0.0012650000000000001 0.0027569999999999999 0.010758 0.020839 0.024302000000000001 0 0.026589999999999999 0.00085999999999999998 0.11209 0.0011130000000000001 0.0032069999999999998 0.13163299999999994 0.037326999999999964 0 0 2
63 uniform 0 23 0.52719000000000005 54.83201342248217 1 109 0.28390700000000002 0.012737 0.19746499999999997 0.0045979999999999997 0.0012559999999999997 0.0025950000000000001 0.01047 0.017444000000000001 0.023401999999999999 0 0.026665999999999999 0.00082399999999999997 0.11111199999999999 0.0011280000000000001 0.0033809999999999995 0.13874300000000001 0.039977999999999993 0 0 3
63 uniform 1 0 0.51318399999999997 5.8807402138472389 1 80 0.318297 0.012451 0.15641600000000003 0.0037029999999999997 0.001175 0.0028769999999999998 0.011186 0.15473400000000001 0.023643000000000001 0 0.027473999999999998 0.00082200000000000003 0.00086699999999999993 0.001077 0.0039150000000000001 0.106985 0.036350000000000007 0 0 0
63 uniform 1 7 0.40927200000000002 6.1266830035945885 1 88 0.20021800000000001 0.012159 0.167993 0.0040940000000000004 0.0011770000000000001 0.0028879999999999999 0.010848 0.040732999999999998 0.023049 0 0.027498999999999999 0.00075100000000000004 0.00083900000000000001 0.0011280000000000001 0.0040090000000000004 0.119183 0.034446999999999998 0 0 1
63 uniform 1 15 0.42602699999999999 6.4052005783379879 1 96 0.20169999999999999 0.012158 0.18129599999999998 0.0045080000000000007 0.001214 0.0027490000000000001 0.010248 0.047475000000000003 0.022287000000000001 0 0.027005999999999999 0.00073999999999999999 0.00084900000000000004 0.00096699999999999998 0.0037039999999999994 0.12692700000000001 0.038819000000000006 0 0 2
63 uniform 1 23 0.42705399999999999 6.6762540662845824 1 103 0.19434999999999999 0.012171 0.18778000000000009 0.0045799999999999999 0.001403 0.002581 0.0098069999999999997 0.042436000000000001 0.022502000000000001 0 0.02632 0.00080099999999999995 0.00082899999999999998 0.001003 0.0036019999999999993 0.12919200000000006 0.04206 0 0 3
63 uniform 2 0 0.40831600000000001 16.410802400934369 1 60 0.30261700000000002 0.010258 0.072844999999999979 0.0039379999999999997 0.00088199999999999997 0.0028040000000000001 0.010877 0.150977 0.023252999999999999 0 0.027484999999999999 0.00089899999999999995 0.00061699999999999993 0.0012279999999999999 0.0032519999999999997 0.048264999999999988 0.015565000000000001 0 0 0
63 uniform 2 7 0.36072399999999999 17.45778391442073 1 59 0.19570499999999999 0.010338999999999999 0.13290199999999999 0.0034880000000000002 0.00090800000000000006 0.0026840000000000002 0.010730999999999999 0.044637000000000003 0.023334000000000001 0 0.027463000000000001 0.00082899999999999998 0.00059699999999999998 0.001207 0.0032280000000000004 0.10502399999999996 0.018265999999999994 0 0 1
63 uniform 2 15 0.43478800000000001 19.256566748195571 1 74 0.1958 0.013653 0.19798000000000004 0.0041939999999999998 0.0013699999999999999 0.002503 0.010381 0.040397000000000002 0.023573 0 0.027300999999999999 0.00084400000000000002 0.00078600000000000002 0.00098999999999999999 0.0033449999999999994 0.16039099999999998 0.025455999999999996 0 0 2
63 uniform 2 23 0.373002 23.380041667988237 1 66 0.17799599999999999 0.010076 0.16223100000000004 0.0032199999999999998 0.00094600000000000001 0.0024260000000000002 0.010567999999999999 0.033672000000000001 0.021725999999999999 0 0.027126999999999998 0.000803 0.00055900000000000004 0.001175 0.0030720000000000001 0.12867299999999993 0.022247999999999983 0 0 3
63 uniform 3 0 0.38309500000000002 11.850079822571855 1 53 0.28460299999999999 0.0090530000000000003 0.066886999999999974 0.003777 0.00063699999999999998 0.0024919999999999999 0.0099989999999999992 0.13866999999999999 0.021578 0 0.027126000000000001 0.000843 0.00057700000000000004 0.001214 0.0029649999999999998 0.045972999999999986 0.012960999999999997 0 0 0
63 uniform 3 7 0.30210300000000001 12.226614621993875 1 53 0.18051400000000001 0.009162 0.090594000000000022 0.0035089999999999995 0.00061499999999999999 0.0024919999999999999 0.0097389999999999994 0.036344000000000001 0.021253000000000001 0 0.027113999999999999 0.00087000000000000001 0.00062500000000000001 0.0012080000000000001 0.0031790000000000004 0.069365999999999983 0.013212999999999994 0 0 1
63 uniform 3 15 0.31110500000000002 12.70081360560253 1 53 0.185472 0.0090779999999999993 0.095452999999999982 0.0030089999999999995 0.00069200000000000002 0.0023649999999999999 0.0097649999999999994 0.038560999999999998 0.020933 0 0.027008999999999998 0.00078200000000000003 0.00060899999999999995 0.001116 0.0029870000000000001 0.074819999999999998 0.012689000000000001 0 0 2
63 uniform 3 23 0.30255799999999999 13.230343242150846 1 53 0.173037 0.0087030000000000007 0.100353 0.0029260000000000002 0.00065199999999999991 0.0022130000000000001 0.009417 0.034245999999999999 0.020875999999999999 0 0.026275 0.00076900000000000004 0.00062500000000000012 0.001139 0.0030559999999999993 0.079474000000000017 0.01290700000000001 0 0 3
63 uniform 4 0 0.38625300000000001 1.9562295763084512 1 45 0.31159599999999998 0.0087229999999999999 0.047642999999999984 0.0027390000000000001 0.00072999999999999996 0.0029269999999999999 0.010748000000000001 0.16126599999999999 0.02197 0 0.026506999999999999 0.00077999999999999999 0.00059900000000000003 0.001122 0.003065 0.02759 0.013271 0 0 0
63 uniform 4 7 0.27311800000000003 1.9143205257242732 1 45 0.18564700000000001 0.0084539999999999997 0.061187999999999992 0.0024809999999999997 0.00067199999999999996 0.0027720000000000002 0.010579 0.036808 0.021731 0 0.030030000000000001 0.00082200000000000003 0.00062600000000000004 0.0010300000000000001 0.0030439999999999994 0.042807999999999999 0.011644 0 0 1
63 uniform 4 15 0.26624199999999998 1.8720516475167979 1 45 0.17609900000000001 0.0081089999999999999 0.064438999999999996 0.0023179999999999997 0.00070300000000000007 0.002686 0.010241999999999999 0.033634999999999998 0.021121000000000001 0 0.026693000000000001 0.00083500000000000002 0.00063599999999999996 0.001024 0.0029479999999999997 0.045335000000000014 0.012313000000000003 0 0 2
63 uniform 4 23 0.26863399999999998 1.8347033611261341 1 45 0.17896699999999999 0.0080129999999999993 0.064090000000000008 0.00233 0.00066600000000000003 0.002653 0.0094330000000000004 0.039836000000000003 0.020900999999999999 0 0.026022 0.00068199999999999999 0.00060300000000000002 0.00097199999999999999 0.0029249999999999996 0.045119000000000006 0.012220000000000002 0 0 3
64 linear 0 0 53.949753999999999 4.4163929613800477 1 90 53.622965000000001 0.013618 0.27745000000000003 0.0068910000000000013 0.0017049999999999999 0.0029740000000000001 0.011512 0.181421 0.27878700000000001 52.536064000000003 0.089500999999999997 3.3000000000000003e-05 0.44606899999999999 0.0015920000000000001 0.0039020000000000001 0.18318899999999994 0.055708999999999974 0.012234000000000004 0 0
64 linear 0 7 22.851429 4.1147357885679625 1 90 22.371995999999999 0.014154999999999999 0.42670699999999995 0.0070299999999999998 0.0017820000000000002 0.0032950000000000002 0.012426 0.051416000000000003 0.30307000000000001 21.422756 0.083090999999999998 2.6999999999999999e-05 0.42553799999999997 0.0016410000000000001 0.0042809999999999992 0.31506099999999998 0.067011000000000015 0.013187999999999991 0 1
64 linear 0 15 32.242140999999997 3.7558408825615444 1 75 31.82142 0.014019 0.37231300000000006 0.0072490000000000002 0.001325 0.0031770000000000001 0.012423 0.051394000000000002 0.26532 31.013278 0.083582000000000004 2.5999999999999998e-05 0.320685 0.001493 0.0042590000000000006 0.29027599999999998 0.044211999999999953 0.0098740000000000008 0 2
64 linear 0 23 20.120284999999999 3.3859557786711876 1 75 19.796285000000001 0.015841000000000001 0.27927499999999983 0.0054089999999999997 0.0014149999999999998 0.0044409999999999996 0.012097 0.052555999999999999 0.32600299999999999 18.841899000000002 0.084218000000000001 2.8e-05 0.40033200000000002 0.0015120000000000001 0.0042519999999999997 0.21098499999999998 0.038416000000000006 0.0086690000000000014 0 3
64 linear 1 0 0.90946099999999996 4.1802908711362221 1 82 0.645316 0.012292000000000001 0.22317000000000004 0.0046930000000000001 0.0013519999999999999 0.0032299999999999998 0.012257000000000001 0.18553800000000001 0.054637999999999999 0 0.026137000000000001 0.00084999999999999995 0.274698 0.001193 0.0033760000000000001 0.15279500000000004 0.038512999999999985 0.0095079999999999974 0 0
64 linear 1 7 0.87240499999999999 4.021182846201711 1 82 0.49026399999999998 0.012437999999999999 0.3411610000000001 0.0045460000000000006 0.001248 0.0028470000000000001 0.010832 0.050967999999999999 0.069278000000000006 0 0.025987 0.00076300000000000001 0.24571900000000002 0.001078 0.0032970000000000005 0.27136700000000008 0.038265 0.009498000000000003 0 1
64 linear 1 15 0.88691200000000003 3.8365253653808713 1 82 0.51039400000000001 0.012239999999999999 0.3361309999999999 0.0043419999999999995 0.001279 0.0028240000000000001 0.0099260000000000008 0.050846000000000002 0.065333000000000002 0 0.025433000000000001 0.00080900000000000004 0.27254299999999998 0.00101 0.0032470000000000003 0.26531700000000014 0.038743 0.0095100000000000028 0 2
64 linear 1 23 0.91062200000000004 3.6494999896049563 1 82 0.51176900000000003 0.011932999999999999 0.35909399999999991 0.0041989999999999996 0.001173 0.0027000000000000001 0.0091769999999999994 0.05083 0.075483999999999996 0 0.025315000000000001 0.00078299999999999995 0.26522899999999999 0.00088800000000000001 0.003209 0.28890199999999999 0.038300000000000001 0.0094910000000000046 0 3
64 linear 2 0 0.55440900000000004 2.9563281113467714 1 61 0.36667699999999998 0.0087019999999999997 0.15414800000000003 0.0041440000000000001 0.0008789999999999999 0.0025739999999999999 0.0097789999999999995 0.18174399999999999 0.053059000000000002 0 0.025420999999999999 0.00076400000000000003 0.016379999999999999 0.001189 0.0029939999999999997 0.094810999999999993 0.027746000000000017 0.0069050000000000023 0 0
64 linear 2 7 0.64317500000000005 3.1288926724116868 1 61 0.37167699999999998 0.0087069999999999995 0.23769199999999999 0.00413 0.00082000000000000009 0.0025479999999999999 0.0094940000000000007 0.047601999999999998 0.062645000000000006 0 0.026100000000000002 0.00081800000000000004 0.14354800000000001 0.0013079999999999999 0.0030929999999999998 0.18409799999999996 0.027056000000000007 0.0069010000000000009 0 1
64 linear 2 15 0.82657099999999994 3.7392676526725999 1 60 0.54809600000000003 0.0089540000000000002 0.248139 0.0034130000000000002 0.001109 0.0024710000000000001 0.0093489999999999997 0.051117999999999997 0.13872300000000001 0 0.025260000000000001 0.00080699999999999999 0.24432800000000002 0.0012260000000000001 0.0030560000000000001 0.19384300000000002 0.028463999999999993 0.0068020000000000016 0 2
64 linear 2 23 0.72939100000000001 4.8244703441606331 1 60 0.47881600000000002 0.0087080000000000005 0.22122399999999998 0.0031929999999999997 0.001029 0.0023749999999999999 0.0090889999999999999 0.052317000000000002 0.042618999999999997 0 0.024865000000000002 0.00076900000000000004 0.27186100000000002 0.001119 0.0029450000000000001 0.16884000000000002 0.02824900000000001 0.0068900000000000029 0 3
64 linear 3 0 0.45321099999999997 80.465270174575082 1 53 0.33991900000000003 0.0089189999999999998 0.082836000000000007 0.0033929999999999997 0.00075499999999999992 0.0029559999999999999 0.011483 0.18063199999999999 0.032856000000000003 0 0.026629 0.00077399999999999995 0.00067299999999999999 0.0011559999999999999 0.0032290000000000001 0.040208000000000008 0.017783999999999998 0.0058100000000000001 0 0
64 linear 3 7 0.47935 80.176528530644717 1 53 0.20739099999999999 0.0091809999999999999 0.23986199999999994 0.003764 0.00076099999999999996 0.0026710000000000002 0.011044999999999999 0.051171000000000001 0.032497999999999999 0 0.02674 0.000812 0.00062200000000000005 0.001193 0.0031839999999999998 0.19053600000000001 0.020420999999999995 0.0060749999999999997 0 1
64 linear 3 15 0.44524999999999998 79.85181578561189 1 53 0.20850099999999999 0.010271000000000001 0.20456700000000003 0.0034060000000000002 0.00069699999999999992 0.0028509999999999998 0.011908999999999999 0.052630999999999997 0.035300999999999999 0 0.025565000000000001 0.000754 0.00063400000000000001 0.001047 0.0033510000000000007 0.160246 0.018938000000000007 0.0059829999999999961 0 2
64 linear 3 23 0.43667099999999998 79.532587258411326 1 53 0.20793200000000001 0.0099509999999999998 0.19742000000000001 0.0031890000000000004 0.00065999999999999989 0.0025569999999999998 0.011055000000000001 0.052532000000000002 0.035036999999999999 0 0.025363 0.00067699999999999998 0.00060600000000000009 0.00095399999999999999 0.0033369999999999997 0.15356499999999998 0.018561999999999999 0.0059849999999999981 0 3
64 linear 4 0 1.0212969999999999 5.0882878779747047 1 91 0.71847499999999997 0.014919 0.25224400000000008 0.0057209999999999987 0.0012839999999999998 0.0028270000000000001 0.012377000000000001 0.18359 0.077956999999999999 0 0.025992999999999999 0.00083299999999999997 0.32184499999999999 0.00077899999999999996 0.0035720000000000001 0.16947199999999998 0.047985000000000007 0.010585999999999995 0 0
64 linear 4 7 0.98246299999999998 5.1413304789349779 1 91 0.57779000000000003 0.014479000000000001 0.35487000000000002 0.0054819999999999999 0.001101 0.0027039999999999998 0.010651000000000001 0.050970000000000001 0.084234000000000003 0 0.025228 0.00077399999999999995 0.31404599999999999 0.00064700000000000001 0.0035209999999999998 0.27697900000000003 0.043291000000000003 0.010594000000000004 0 1
64 linear 4 15 1.077947 5.20427351025962 1 91 0.65026799999999996 0.013771 0.37842599999999998 0.0056480000000000002 0.0011720000000000001 0.0025600000000000002 0.010071 0.051053000000000001 0.072553999999999993 0 0.025035999999999999 0.00079500000000000003 0.39954699999999999 0.00073800000000000005 0.0035079999999999998 0.299705 0.043518999999999995 0.010567999999999998 0 2
64 linear 4 23 1.134566 5.2698764101568916 1 91 0.70428299999999999 0.014767000000000001 0.3804280000000001 0.0052909999999999997 0.0010790000000000001 0.0025149999999999999 0.0099919999999999991 0.051041000000000003 0.073879 0 0.025811000000000001 0.00073399999999999995 0.45294699999999999 0.00068199999999999999 0.0033899999999999994 0.30245900000000009 0.043504000000000008 0.010563000000000003 0 3
64 uniform 0 0 53.970041000000002 4.4067807880967944 1 82 53.598922999999999 0.014631 0.31983099999999998 0.0060990000000000003 0.001493 0.002493 0.0094470000000000005 0.18163099999999999 0.27666000000000002 52.539715999999999 0.090905 3.6999999999999998e-05 0.42683100000000002 0.001593 0.0041700000000000001 0.24336799999999997 0.056445999999999968 0 0 0
64 uniform 0 7 22.783313 4.1402055388507657 1 82 22.351185999999998 0.014272999999999999 0.38387900000000003 0.0059020000000000001 0.001534 0.0044359999999999998 0.012234999999999999 0.052607000000000001 0.30194100000000001 21.402533000000002 0.084089999999999998 3.4e-05 0.423155 0.0015640000000000001 0.0042700000000000004 0.31296499999999999 0.052091000000000012 0 0 1
64 uniform 0 15 32.205033 3.8200749121148103 1 75 31.802273 0.014253999999999999 0.35683199999999993 0.0055459999999999997 0.001258 0.003356 0.013568999999999999 0.052784999999999999 0.26635799999999998 30.990157 0.084193000000000004 2.5999999999999998e-05 0.32279999999999998 0.0014890000000000001 0.0043069999999999992 0.29292499999999988 0.044689999999999973 0 0 2
64 uniform 0 23 20.140343999999999 3.4843188839230255 1 75 19.834087 0.0149 0.26265500000000008 0.005071 0.0012830000000000001 0.0043569999999999998 0.012062 0.052600000000000001 0.32146400000000003 18.879241999999998 0.083507999999999999 2.6999999999999999e-05 0.40586000000000005 0.0017309999999999999 0.0042570000000000004 0.21258100000000002 0.038468000000000009 0 0 3
64 uniform 1 0 0.89309099999999997 4.238667324473564 1 82 0.64836099999999997 0.012226000000000001 0.20354500000000006 0.0047040000000000007 0.0011900000000000001 0.0032469999999999999 0.012482 0.181698 0.055079000000000003 0 0.026341 0.000834 0.27467900000000001 0.0011670000000000001 0.0034899999999999992 0.15269199999999994 0.038446999999999995 0 0 0
64 uniform 1 7 0.82603199999999999 4.0974262974985969 1 74 0.492981 0.012429000000000001 0.29484699999999997 0.0035790000000000001 0.00092800000000000001 0.0029420000000000002 0.011011999999999999 0.051277999999999997 0.065646999999999997 0 0.026727999999999998 0.00082799999999999996 0.24883 0.001181 0.0033179999999999998 0.249584 0.034106999999999985 0 0 1
64 uniform 1 15 0.83907500000000002 3.931879984544481 1 74 0.50772600000000001 0.012116 0.29413700000000004 0.0035639999999999999 0.00085200000000000011 0.0026879999999999999 0.010141000000000001 0.050974999999999999 0.065240000000000006 0 0.025836999999999999 0.00077899999999999996 0.26827699999999999 0.0011199999999999999 0.0032569999999999999 0.24790599999999996 0.034703999999999985 0 0 2
64 uniform 1 23 0.85680000000000001 3.7620810750471385 1 74 0.51010299999999997 0.011499000000000001 0.30992099999999995 0.0035420000000000004 0.00088999999999999995 0.002797 0.0097900000000000001 0.050888999999999997 0.075178999999999996 0 0.025479999999999999 0.00075600000000000005 0.262264 0.00096000000000000002 0.0031930000000000005 0.26452000000000003 0.03419599999999999 0 0 3
64 uniform 2 0 0.48716999999999999 2.980570779947584 1 45 0.36676700000000001 0.0087550000000000006 0.094211000000000003 0.0023909999999999999 0.00070299999999999996 0.0027000000000000001 0.0091739999999999999 0.18162900000000001 0.052859999999999997 0 0.025697000000000001 0.00069999999999999999 0.016447 0.001096 0.0030129999999999996 0.06784900000000002 0.019511000000000004 0 0 0
64 uniform 2 7 0.55765600000000004 3.1662060252284667 1 45 0.37157800000000002 0.0086040000000000005 0.15990699999999999 0.0023640000000000002 0.00067900000000000002 0.0025209999999999998 0.0090799999999999995 0.047771000000000001 0.062588000000000005 0 0.02562 0.00082799999999999996 0.14338000000000001 0.001134 0.0029680000000000002 0.13392699999999996 0.019012999999999995 0 0 1
64 uniform 2 15 0.80810099999999996 3.9397711105507973 1 60 0.54394299999999995 0.0088920000000000006 0.23447200000000007 0.0029909999999999997 0.0010740000000000001 0.0024550000000000002 0.0091889999999999993 0.051235999999999997 0.13599800000000001 0 0.025318 0.00071000000000000002 0.24414200000000003 0.001137 0.0030309999999999998 0.19686700000000001 0.02854700000000002 0 0 2
64 uniform 2 23 0.70950899999999995 5.1091736000613848 1 60 0.475103 0.0087340000000000004 0.205815 0.0028830000000000001 0.00078200000000000003 0.002415 0.0088520000000000005 0.052304000000000003 0.042542000000000003 0 0.024840999999999998 0.00064999999999999997 0.26899000000000001 0.001101 0.0029360000000000002 0.16831299999999999 0.028280000000000024 0 0 3
64 uniform 3 0 0.42226399999999997 80.469724627668896 1 37 0.34593099999999999 0.0092099999999999994 0.051605999999999999 0.0022629999999999998 0.00060899999999999995 0.003006 0.011445 0.18107899999999999 0.032539999999999999 0 0.031669000000000003 0.00082600000000000002 0.00064500000000000007 0.0013450000000000001 0.0033249999999999998 0.034713000000000001 0.011314999999999999 0 0 0
64 uniform 3 7 0.36309399999999997 80.180876504228564 1 37 0.20325599999999999 0.0092029999999999994 0.13587500000000002 0.001915 0.00048799999999999999 0.0029420000000000002 0.010399 0.051327999999999999 0.032189000000000002 0 0.026533999999999999 0.00079799999999999999 0.00061999999999999989 0.001122 0.0032559999999999993 0.118488 0.011618999999999997 0 0 1
64 uniform 3 15 0.35256500000000002 79.856046361526609 1 37 0.19681299999999999 0.00894 0.13238999999999995 0.0018419999999999999 0.000446 0.0025110000000000002 0.0096769999999999998 0.051075000000000002 0.031795999999999998 0 0.025343000000000001 0.00071599999999999995 0.00063299999999999999 0.0010200000000000001 0.0030259999999999996 0.11493899999999997 0.011873999999999996 0 0 2
64 uniform 3 23 0.35046100000000002 79.536704807057205 1 37 0.20455400000000001 0.0087860000000000004 0.12119600000000003 0.0019759999999999999 0.00047900000000000004 0.0024099999999999998 0.0091330000000000005 0.051064999999999999 0.037602999999999998 0 0.025135000000000001 0.00078299999999999995 0.00059000000000000003 0.00097900000000000005 0.0033139999999999997 0.10346099999999998 0.011733999999999998 0 0 3
64 uniform 4 0 0.954403 5.0992016109303799 1 75 0.71954099999999999 0.015394 0.18736299999999997 0.0041320000000000003 0.0011479999999999999 0.002885 0.012262 0.182835 0.077691999999999997 0 0.025943000000000001 0.00081599999999999999 0.32200200000000001 0.00072099999999999996 0.0040330000000000001 0.13852800000000001 0.037251000000000013 0 0 0
64 uniform 4 7 0.90029700000000001 5.1529269771073558 1 75 0.580264 0.014420000000000001 0.2770160000000001 0.0040690000000000006 0.00098999999999999999 0.0028210000000000002 0.010625000000000001 0.052017000000000001 0.084062999999999999 0 0.025670999999999999 0.00076300000000000001 0.31434700000000004 0.00072999999999999996 0.0035600000000000002 0.23082200000000005 0.034913000000000007 0 0 1
64 uniform 4 15 0.982155 5.2167268066127734 1 75 0.65288800000000002 0.013655 0.28726499999999988 0.0038579999999999999 0.00091100000000000003 0.0027550000000000001 0.010295 0.051062000000000003 0.073074 0 0.025315000000000001 0.00079299999999999998 0.39959700000000004 0.00068099999999999996 0.0034640000000000001 0.24098899999999998 0.034639000000000003 0 0 2
64 uniform 4 23 1.0388599999999999 5.2832797856266112 1 75 0.70036100000000001 0.014643 0.29250200000000004 0.0036939999999999998 0.00089300000000000002 0.0026359999999999999 0.0093989999999999994 0.050854000000000003 0.073438000000000003 0 0.025596000000000001 0.00074899999999999999 0.44993900000000003 0.00064800000000000003 0.0033740000000000003 0.24632600000000007 0.034883999999999991 0 0 3
65 linear 0 0 0.59221999999999997 2.2813065696512753 1 72 0.29628500000000002 0.0096780000000000008 0.26299 0.0042230000000000002 0.00090400000000000007 0.0030869999999999999 0.011455999999999999 0.138457 0.024136999999999999 0 0.027438000000000001 0.00085099999999999998 0.00066799999999999997 0.0013730000000000001 0.0039329999999999999 0.081884000000000012 0.023136999999999998 0.011424999999999998 0 0
65 linear 0 7 0.45568999999999998 2.3407687693920796 1 72 0.16641500000000001 0.0096209999999999993 0.25630400000000009 0.0038739999999999998 0.00092500000000000004 0.003075 0.011198 0.01005 0.023297999999999999 0 0.027005999999999999 0.00086399999999999997 0.00062800000000000009 0.00099299999999999996 0.0033099999999999996 0.085486999999999994 0.024524999999999988 0.012486000000000002 0 1
65 linear 0 15 0.478599 2.3836123323335445 1 86 0.15388299999999999 0.0073070000000000001 0.29202799999999995 0.0040400000000000002 0.001201 0.0030079999999999998 0.010957 0.0081550000000000008 0.023487999999999998 0 0.026790000000000001 0.00089599999999999999 0.000408 0.001371 0.0030220000000000004 0.08267300000000001 0.031782999999999943 0.016877000000000007 0 2
65 linear 0 23 0.51573999999999998 2.3994670280331043 1 86 0.14236099999999999 0.0071110000000000001 0.34121499999999999 0.0037959999999999999 0.0010780000000000002 0.0029420000000000002 0.010744 0.0070520000000000001 0.012969 0 0.028218 0.00081400000000000005 0.00043100000000000001 0.001384 0.0030400000000000002 0.086734000000000006 0.028166999999999966 0.014031999999999996 0 3
65 linear 1 0 0.65752500000000003 2.081862542859481 1 95 0.28495700000000002 0.0099679999999999994 0.33400600000000014 0.0056449999999999998 0.00107 0.002862 0.010839 0.12883 0.024056999999999999 0 0.026596000000000002 0.00086799999999999996 0.00059099999999999995 0.001243 0.0038739999999999998 0.097418999999999978 0.027751000000000001 0.014319999999999998 0 0
65 linear 1 7 0.43891200000000002 2.1695723656331647 1 71 0.16872400000000001 0.0097199999999999995 0.24007700000000007 0.0031289999999999998 0.00076499999999999995 0.002996 0.011382 0.011813000000000001 0.026483 0 0.026081 0.000825 0.0005930000000000001 0.001284 0.0036719999999999999 0.071890999999999997 0.021642999999999985 0.012190999999999999 0 1
65 linear 1 15 0.47384799999999999 2.2395134056592179 1 79 0.15784000000000001 0.0095329999999999998 0.28393299999999988 0.0035389999999999996 0.00092299999999999999 0.00296 0.011481999999999999 0.0059769999999999997 0.024025999999999999 0 0.025436 0.000852 0.00061399999999999996 0.001145 0.0032680000000000005 0.088919000000000012 0.026448999999999983 0.015261000000000007 0 2
65 linear 1 23 0.48234300000000002 2.2810920896851918 1 93 0.15611900000000001 0.0076039999999999996 0.29410000000000003 0.0036129999999999999 0.0010639999999999998 0.0029529999999999999 0.011016 0.007456 0.024545000000000001 0 0.027990999999999999 0.00084900000000000004 0.00040499999999999998 0.001397 0.0032009999999999999 0.082681999999999992 0.031779999999999982 0.017500999999999996 0 3
65 linear 2 0 0.402088 1.1264641963878324 1 80 0.25407299999999999 0.0071419999999999999 0.11786300000000001 0.0047399999999999994 0.00091700000000000006 0.0028639999999999998 0.011729 0.106263 0.022008 0 0.026980000000000001 0.00085700000000000001 0.0013269999999999998 0.001745 0.0028439999999999997 0.047942000000000019 0.018917999999999983 0.011058999999999999 0 0
65 linear 2 7 0.277445 1.1059847195806003 1 81 0.149114 0.006378 0.099030999999999994 0.0043109999999999997 0.00094900000000000008 0.0030040000000000002 0.011701 0.0067720000000000002 0.02128 0 0.027313 0.000803 0.001209 0.0013470000000000001 0.002712 0.047163000000000017 0.020712999999999992 0.0099480000000000002 0 1
65 linear 2 15 0.27191100000000001 1.0863693551252287 1 67 0.156942 0.0090329999999999994 0.079901000000000014 0.0045690000000000001 0.00096199999999999996 0.0028530000000000001 0.011183 0.0072020000000000001 0.021089 0 0.026943999999999999 0.00078799999999999996 0.0013959999999999999 0.001114 0.0029969999999999997 0.038675000000000008 0.017785999999999996 0.0082840000000000014 0 2
65 linear 2 23 0.27049299999999998 1.0712374828320013 1 60 0.154804 0.0086920000000000001 0.084090999999999985 0.0039629999999999995 0.00086700000000000004 0.0027929999999999999 0.010774000000000001 0.0059020000000000001 0.021367000000000001 0 0.027400000000000001 0.00079100000000000004 0.001384 0.0010280000000000001 0.00298 0.047260000000000003 0.015747000000000004 0.0074170000000000017 0 3
65 linear 3 0 0.375718 1.2333646469835879 1 66 0.25623099999999999 0.0091389999999999996 0.088049000000000016 0.0039789999999999999 0.0010059999999999999 0.0029970000000000001 0.011431999999999999 0.11433599999999999 0.011552 0 0.027601000000000001 0.00083299999999999997 0.00060599999999999998 0.001152 0.003166 0.042820000000000018 0.018893999999999987 0.0096180000000000033 0 0
65 linear 3 7 0.26620700000000003 1.2435532109395322 1 66 0.15260899999999999 0.0088179999999999994 0.083840000000000012 0.003264 0.00096000000000000013 0.0030709999999999999 0.011447000000000001 0.0050369999999999998 0.021569000000000001 0 0.026844 0.00080900000000000004 0.00057300000000000005 0.001078 0.0029809999999999997 0.038429000000000005 0.019279999999999985 0.0096230000000000013 0 1
65 linear 3 15 0.268482 1.2496343707485871 1 66 0.149199 0.0086289999999999995 0.089648000000000019 0.0033090000000000003 0.00092000000000000003 0.0029789999999999999 0.010925000000000001 0.0049129999999999998 0.021356 0 0.026231000000000001 0.00071900000000000002 0.00060500000000000007 0.00097900000000000005 0.0028420000000000003 0.044112000000000005 0.019161999999999985 0.0096279999999999994 0 2
65 linear 3 23 0.27641500000000002 1.2490726745558782 1 74 0.15080299999999999 0.0085459999999999998 0.093825999999999965 0.003852 0.001088 0.0028389999999999999 0.01068 0.0047710000000000001 0.021461999999999998 0 0.026561000000000001 0.00084999999999999995 0.00058399999999999999 0.00096100000000000005 0.0027859999999999998 0.045272000000000007 0.019823999999999994 0.01056 0 3
65 linear 4 0 0.41052499999999997 1.0669907410231827 1 67 0.27397899999999997 0.0088819999999999993 0.10229600000000001 0.0047350000000000005 0.00093399999999999993 0.0030739999999999999 0.011207999999999999 0.135045 0.011646 0 0.026845000000000001 0.000852 0.00067299999999999988 0.0011199999999999999 0.0029320000000000001 0.057848999999999991 0.016514999999999995 0.010719999999999999 0 0
65 linear 4 7 0.28361900000000001 1.0779463517247749 1 67 0.14557200000000001 0.009018 0.103589 0.0042780000000000006 0.00085500000000000007 0.0030709999999999999 0.010904 0.005091 0.011534000000000001 0 0.027376000000000001 0.00083900000000000001 0.00065300000000000004 0.001075 0.0031079999999999997 0.054891000000000016 0.018026 0.012338999999999998 0 1
65 linear 4 15 0.29388399999999998 1.0928412759879735 1 67 0.15139900000000001 0.008652 0.10924400000000002 0.0041460000000000004 0.00078399999999999997 0.0029840000000000001 0.010536999999999999 0.0047619999999999997 0.021697000000000001 0 0.027243 0.00077399999999999995 0.00065600000000000001 0.001003 0.0028510000000000007 0.057082999999999988 0.021087999999999992 0.01214 0 2
65 linear 4 23 0.25362000000000001 1.11071539825111 1 51 0.14168 0.0087220000000000006 0.085610999999999993 0.0027889999999999998 0.00069099999999999999 0.0028319999999999999 0.010684000000000001 0.0047479999999999996 0.010964 0 0.026683999999999999 0.00082899999999999998 0.00059800000000000001 0.00093000000000000005 0.0030040000000000002 0.047703999999999996 0.014876 0.0088270000000000032 0 3
65 uniform 0 0 0.43979400000000002 2.2133392284527464 1 72 0.292767 0.0095090000000000001 0.11548500000000002 0.0033619999999999995 0.00091200000000000005 0.0028609999999999998 0.010919999999999999 0.13867299999999999 0.022349000000000001 0 0.026918999999999998 0.00082799999999999996 0.0006020000000000001 0.0012160000000000001 0.0038059999999999995 0.080966999999999997 0.022920999999999983 0 0 0
65 uniform 0 7 0.32117200000000001 2.2516028458577488 1 72 0.17081399999999999 0.0098510000000000004 0.11786600000000001 0.0032130000000000001 0.00088199999999999997 0.0029139999999999999 0.012421 0.010277 0.025139000000000002 0 0.026630000000000001 0.00094799999999999995 0.00064300000000000002 0.001016 0.0033579999999999999 0.081474999999999992 0.024573000000000005 0 0 1
65 uniform 0 15 0.32289400000000001 2.2793375321022551 1 86 0.16122500000000001 0.0074380000000000002 0.12916300000000003 0.0035229999999999997 0.001052 0.0029269999999999999 0.010984000000000001 0.0080520000000000001 0.027452000000000001 0 0.028708999999999998 0.00087000000000000001 0.000417 0.001356 0.0030989999999999998 0.082502000000000006 0.03237000000000001 0 0 2
65 uniform 0 23 0.30806299999999998 2.2895189962382863 1 86 0.14638999999999999 0.0070169999999999998 0.130352 0.0032330000000000002 0.00088800000000000012 0.002954 0.010858 0.0072919999999999999 0.012432 0 0.031784 0.00085599999999999999 0.00042499999999999998 0.001372 0.0029740000000000005 0.087246000000000046 0.02873100000000001 0 0 3
65 uniform 1 0 0.47976999999999997 2.0759147680314225 1 103 0.29111100000000001 0.009783 0.14955099999999993 0.0049369999999999995 0.001191 0.0029090000000000001 0.011084999999999999 0.13087199999999999 0.025083999999999999 0 0.028396999999999999 0.00086300000000000005 0.00061299999999999994 0.0013060000000000001 0.0037109999999999995 0.10264300000000001 0.030734999999999981 0 0 0
65 uniform 1 7 0.31971300000000002 2.1383798529644569 1 87 0.16564599999999999 0.0098279999999999999 0.12012700000000004 0.0037500000000000003 0.00085300000000000003 0.002722 0.010678999999999999 0.011435000000000001 0.022027000000000001 0 0.026061999999999998 0.00079900000000000001 0.00063699999999999998 0.0012290000000000001 0.0038609999999999998 0.080634000000000011 0.025674999999999989 0 0 1
65 uniform 1 15 0.31424800000000003 2.1860736471729325 1 79 0.155143 0.0096150000000000003 0.12753099999999995 0.0030409999999999999 0.00081700000000000013 0.0028410000000000002 0.010687 0.0059389999999999998 0.021340999999999999 0 0.025850000000000001 0.000861 0.00058199999999999994 0.001088 0.0034119999999999992 0.088226000000000013 0.026464999999999995 0 0 2
65 uniform 1 23 0.309475 2.2143364120561237 1 93 0.14971999999999999 0.007228 0.12909000000000001 0.0029680000000000006 0.00087600000000000004 0.002679 0.010406 0.0069560000000000004 0.022072999999999999 0 0.027809 0.00082899999999999998 0.00042300000000000004 0.00134 0.0032169999999999998 0.082650999999999988 0.031460999999999961 0 0 3
65 uniform 2 0 0.360232 1.129200608835607 1 80 0.25154399999999999 0.0069750000000000003 0.07943200000000003 0.0041370000000000001 0.00091100000000000013 0.0028029999999999999 0.011714 0.106434 0.022225000000000002 0 0.026936000000000002 0.000834 0.001258 0.00174 0.0028969999999999998 0.048462000000000012 0.019015999999999991 0 0 0
65 uniform 2 7 0.25788299999999997 1.1083499915624755 1 81 0.148842 0.0065059999999999996 0.079995999999999984 0.0038800000000000002 0.0010089999999999999 0.003006 0.011736 0.006855 0.021527000000000001 0 0.027979 0.000803 0.0011970000000000001 0.001204 0.0027659999999999998 0.047135999999999997 0.020823999999999985 0 0 1
65 uniform 2 15 0.23266400000000001 1.0879642815094814 1 51 0.15555099999999999 0.0090130000000000002 0.049950999999999995 0.0025920000000000001 0.00083499999999999991 0.0027100000000000002 0.011237 0.0073600000000000002 0.020988 0 0.027428999999999999 0.00079000000000000001 0.0012950000000000001 0.001047 0.0029980000000000007 0.029183999999999998 0.013137999999999995 0 0 2
65 uniform 2 23 0.23294000000000001 1.0724468642229419 1 44 0.15601999999999999 0.0086730000000000002 0.052746000000000001 0.0021559999999999999 0.00065399999999999996 0.002794 0.01057 0.0057879999999999997 0.021255 0 0.030293 0.00085999999999999998 0.0012769999999999999 0.0010529999999999999 0.003009 0.034984999999999995 0.011162000000000002 0 0 3
65 uniform 3 0 0.34378999999999998 1.2393601270140211 1 58 0.2545 0.0092800000000000001 0.061410999999999993 0.0027269999999999998 0.00079699999999999997 0.002931 0.011083000000000001 0.114173 0.011453 0 0.027356999999999999 0.00090399999999999996 0.00063199999999999997 0.001077 0.0031319999999999998 0.034942000000000001 0.017085999999999997 0 0 0
65 uniform 3 7 0.25103999999999999 1.2499489365893102 1 66 0.15176500000000001 0.0089479999999999994 0.068864000000000009 0.0035529999999999997 0.00092200000000000008 0.0028879999999999999 0.010812 0.0050800000000000003 0.021675 0 0.026682999999999998 0.00083799999999999999 0.000571 0.001108 0.0030460000000000001 0.038798999999999993 0.01942099999999997 0 0 1
65 uniform 3 15 0.25812499999999999 1.256290227218767 1 66 0.15180399999999999 0.0086619999999999996 0.076701000000000047 0.0031259999999999999 0.00096900000000000003 0.0030279999999999999 0.011133000000000001 0.0050639999999999999 0.021870000000000001 0 0.026572999999999999 0.00083000000000000001 0.00059700000000000009 0.0010070000000000001 0.0029169999999999999 0.044359000000000003 0.019139999999999983 0 0 2
65 uniform 3 23 0.25506600000000001 1.2557402147143863 1 66 0.15371499999999999 0.0087449999999999993 0.071595999999999993 0.0031230000000000003 0.00095799999999999998 0.0028300000000000001 0.010715000000000001 0.004947 0.023140999999999998 0 0.027262000000000002 0.00093499999999999996 0.000629 0.00093300000000000002 0.0029580000000000001 0.042470000000000001 0.018526999999999991 0 0 3
65 uniform 4 0 0.39818500000000001 1.0680815077470083 1 67 0.27446999999999999 0.0088459999999999997 0.089185999999999988 0.0043410000000000002 0.000776 0.0030379999999999999 0.011505 0.13247900000000001 0.013276 0 0.028108000000000001 0.00079500000000000003 0.00062199999999999994 0.0010169999999999999 0.0029319999999999997 0.059373000000000002 0.019016999999999996 0 0 0
65 uniform 4 7 0.238811 1.0792781956748767 1 51 0.14347399999999999 0.0086 0.066048999999999983 0.0026340000000000001 0.00064700000000000001 0.0028670000000000002 0.010859000000000001 0.0052230000000000002 0.01264 0 0.027359000000000001 0.00079000000000000001 0.00059000000000000003 0.00098499999999999998 0.002879 0.043401999999999996 0.014331999999999996 0 0 1
65 uniform 4 15 0.27361400000000002 1.0945221425217975 1 67 0.15188399999999999 0.0086320000000000008 0.089049000000000003 0.0038320000000000003 0.00077100000000000009 0.0029190000000000002 0.010553999999999999 0.0048669999999999998 0.023356999999999999 0 0.027123000000000001 0.00076199999999999998 0.00065300000000000004 0.0010139999999999999 0.0027810000000000001 0.056888999999999995 0.021055999999999988 0 0 2
65 uniform 4 23 0.23746200000000001 1.1128409481141557 1 51 0.14017399999999999 0.008633 0.071252999999999997 0.0025460000000000001 0.00071000000000000002 0.0028180000000000002 0.010429000000000001 0.0044650000000000002 0.012735 0 0.026932000000000001 0.00083500000000000002 0.00059499999999999993 0.000919 0.0029350000000000001 0.047970000000000006 0.014867000000000002 0 0 3
66 linear 0 0 0.64886500000000003 1.6438560070729846 1 118 0.303755 0.010253999999999999 0.29819399999999996 0.0071859999999999997 0.001585 0.0028730000000000001 0.010871 0.14882899999999999 0.023390999999999999 0 0.02699 0.00085499999999999997 0.0026740000000000002 0.0013060000000000001 0.0039010000000000004 0.086584999999999968 0.037679999999999984 0.0095260000000000015 0 0
66 linear 0 7 0.53253300000000003 1.6748837510803687 1 118 0.172205 0.0096670000000000002 0.31474499999999994 0.0067490000000000007 0.0013310000000000002 0.0029689999999999999 0.011258000000000001 0.015776999999999999 0.024081000000000002 0 0.026703000000000001 0.00080999999999999996 0.0025630000000000002 0.001292 0.0037669999999999991 0.10207499999999997 0.034374999999999982 0.0085180000000000013 0 1
66 linear 0 15 0.54455500000000001 1.698304968017081 1 109 0.18198900000000001 0.012571000000000001 0.31189100000000003 0.0059729999999999991 0.0013500000000000001 0.0029759999999999999 0.011343000000000001 0.018093999999999999 0.024101000000000001 0 0.026148000000000001 0.00078600000000000002 0.0039559999999999994 0.00117 0.0041969999999999993 0.10932299999999996 0.034298999999999996 0.0093209999999999994 0 2
66 linear 0 23 0.680674 1.7099762908353087 1 109 0.31027900000000003 0.012638 0.3227580000000001 0.0054619999999999998 0.0014319999999999999 0.00299 0.010800000000000001 0.015984999999999999 0.022929999999999999 0 0.025666000000000001 0.00076000000000000004 0.13902799999999998 0.0010939999999999999 0.0039150000000000001 0.10495299999999999 0.035956000000000002 0.011754000000000001 0 3
66 linear 1 0 0.56342499999999995 1.4801487338127572 1 95 0.29977799999999999 0.0096299999999999997 0.22508800000000009 0.0054310000000000001 0.0011410000000000001 0.0063400000000000001 0.01085 0.145922 0.021387 0 0.027455 0.000861 0.002542 0.0010549999999999999 0.0035679999999999996 0.070809999999999984 0.026335999999999995 0.007358 0 0
66 linear 1 7 0.43757600000000002 1.4712749432036976 1 95 0.166328 0.0095160000000000002 0.23338399999999998 0.0049030000000000002 0.0010889999999999999 0.0030100000000000001 0.010732 0.015747000000000001 0.021441000000000002 0 0.027484000000000001 0.00086399999999999997 0.0026670000000000001 0.0010790000000000001 0.003483 0.084162000000000028 0.023649999999999997 0.0071329999999999987 0 1
66 linear 1 15 0.43175599999999997 1.445118004827965 1 95 0.16361700000000001 0.0091970000000000003 0.2311410000000001 0.0046890000000000005 0.00089499999999999996 0.0029190000000000002 0.010585000000000001 0.014080000000000001 0.021777999999999999 0 0.027387999999999999 0.00087500000000000002 0.0025570000000000002 0.001041 0.0034710000000000001 0.081983000000000028 0.024548999999999987 0.0075450000000000031 0 2
66 linear 1 23 0.47354600000000002 1.3971961054791988 1 102 0.17480499999999999 0.0087060000000000002 0.26067999999999997 0.0047369999999999999 0.001075 0.0028679999999999999 0.010371999999999999 0.015464 0.021492000000000001 0 0.027036999999999999 0.00095299999999999996 0.010937000000000002 0.0011659999999999999 0.0036030000000000003 0.095603000000000021 0.029862000000000003 0.0079000000000000008 0 3
66 linear 2 0 0.67216900000000002 16.359714653687828 1 59 0.54858799999999996 0.0092339999999999992 0.092566999999999983 0.0037169999999999998 0.00092800000000000001 0.0029919999999999999 0.011165 0.19197400000000001 0.022002000000000001 0 0.027349999999999999 0.00088900000000000003 0.20235 0.001335 0.0035459999999999997 0.050162999999999992 0.016768999999999992 0.0096340000000000037 0 0
66 linear 2 7 0.55927300000000002 16.694528806164925 1 59 0.407277 0.0088199999999999997 0.12281699999999997 0.0033419999999999999 0.00076599999999999997 0.0027950000000000002 0.010657 0.035029999999999999 0.021429 0 0.026602000000000001 0.00084900000000000004 0.22730600000000001 0.001243 0.0032749999999999997 0.076246999999999968 0.018930000000000006 0.010544 0 1
66 linear 2 15 0.52588299999999999 16.812725676581323 1 51 0.38131999999999999 0.0092250000000000006 0.11869100000000003 0.002594 0.000718 0.0025860000000000002 0.010312 0.036058 0.021221 0 0.026827 0.00076400000000000003 0.20310499999999998 0.0010280000000000001 0.0029810000000000001 0.07658899999999999 0.017097999999999988 0.0096259999999999991 0 2
66 linear 2 23 0.62402299999999999 16.631265892158765 1 67 0.454876 0.0087510000000000001 0.13642200000000002 0.0039259999999999998 0.001134 0.002686 0.010614 0.036812999999999999 0.020965999999999999 0 0.027257 0.00077800000000000005 0.27668800000000005 0.00068599999999999998 0.0027390000000000001 0.082689000000000012 0.022372 0.011818000000000004 0 3
66 linear 3 0 0.87794099999999997 18.704442877954325 1 125 0.54815700000000001 0.016740000000000001 0.26699000000000006 0.0075009999999999999 0.0017530000000000002 0.002823 0.011403999999999999 0.189051 0.023123000000000001 0 0.027059 0.00094499999999999998 0.19279600000000002 0.00042700000000000002 0.0036640000000000006 0.13064700000000001 0.044494999999999944 0.021081000000000016 0 0
66 linear 3 7 0.74591600000000002 16.854068442515395 1 125 0.39488699999999999 0.016669 0.29054999999999992 0.0070889999999999998 0.001701 0.0027460000000000002 0.011391999999999999 0.038457999999999999 0.024521999999999999 0 0.026370999999999999 0.00082200000000000003 0.19406799999999999 0.00030499999999999999 0.0036529999999999991 0.15960699999999997 0.044497999999999996 0.019589999999999993 0 1
66 linear 3 15 0.53564900000000004 15.127420279163607 1 102 0.26159900000000003 0.014926999999999999 0.22519399999999995 0.0052719999999999998 0.0012019999999999999 0.0025820000000000001 0.0096209999999999993 0.036346999999999997 0.021259 0 0.026084 0.00084800000000000001 0.069669999999999996 0.00030400000000000002 0.0035979999999999996 0.12448399999999997 0.030386999999999983 0.013977999999999999 0 2
66 linear 3 23 0.66798299999999999 13.699514275488985 1 118 0.35740100000000002 0.014669 0.25691399999999992 0.0066829999999999997 0.0014469999999999999 0.0024559999999999998 0.0098549999999999992 0.036125999999999998 0.021024000000000001 0 0.026894999999999999 0.00081800000000000004 0.16597700000000001 0.00028699999999999998 0.0035739999999999999 0.14454400000000001 0.035092999999999999 0.015790000000000005 0 3
66 linear 4 0 0.39673799999999998 1.0371921961857868 1 61 0.292466 0.008822 0.069781000000000024 0.0044710000000000001 0.00082200000000000003 0.002957 0.011205 0.139623 0.021489999999999999 0 0.028159 0.00084699999999999999 0.0023050000000000002 0.001204 0.0030920000000000001 0.032951999999999988 0.015922000000000006 0.007234 0 0
66 linear 4 7 0.281777 1.0372174642743981 1 61 0.16136900000000001 0.0084360000000000008 0.087208000000000008 0.0040330000000000001 0.00080199999999999998 0.0027880000000000001 0.010364 0.014001 0.020920999999999999 0 0.027779000000000002 0.00084699999999999999 0.0018349999999999998 0.0010950000000000001 0.0029290000000000002 0.050287000000000012 0.016232 0.0072610000000000044 0 1
66 linear 4 15 0.279613 1.0372229223078144 1 61 0.158994 0.0082869999999999992 0.08811999999999999 0.0038739999999999998 0.00072199999999999999 0.002588 0.010181000000000001 0.012426 0.021277000000000001 0 0.029581 0.00086399999999999997 0.0018349999999999998 0.00092800000000000001 0.0027560000000000002 0.051630999999999996 0.015834000000000004 0.0072540000000000018 0 2
66 linear 4 23 0.27093200000000001 1.0372413557281357 1 61 0.154583 0.0080420000000000005 0.084346000000000018 0.0037699999999999999 0.00074799999999999997 0.002493 0.0097879999999999998 0.013334 0.021080999999999999 0 0.026367999999999999 0.00067100000000000005 0.001771 0.00085700000000000001 0.0027909999999999996 0.048056000000000029 0.015662000000000002 0.0072290000000000037 0 3
66 uniform 0 0 0.48855300000000002 1.6037546721953078 1 118 0.29810900000000001 0.0099369999999999997 0.14529599999999995 0.0062779999999999997 0.0016680000000000002 0.0027669999999999999 0.010583 0.148259 0.022655000000000002 0 0.025797 0.00077999999999999999 0.0024390000000000002 0.0011850000000000001 0.0042449999999999996 0.090664999999999982 0.037983999999999983 0 0 0
66 uniform 0 7 0.37509199999999998 1.621870673207799 1 118 0.170989 0.0099109999999999997 0.15976699999999994 0.0056979999999999999 0.001389 0.002709 0.010664999999999999 0.015493 0.023129 0 0.027134999999999999 0.00082399999999999997 0.0025149999999999999 0.0012199999999999999 0.0040049999999999999 0.10614299999999999 0.037097999999999971 0 0 1
66 uniform 0 15 0.38181300000000001 1.6349798983526636 1 109 0.17812600000000001 0.012368000000000001 0.15777499999999994 0.004987000000000001 0.0013439999999999999 0.002673 0.010359999999999999 0.017708000000000002 0.023441 0 0.025530000000000001 0.00072800000000000002 0.0039319999999999997 0.001127 0.0039589999999999998 0.10816000000000001 0.034516999999999992 0 0 2
66 uniform 0 23 0.51166599999999995 1.6414042551766697 1 109 0.31145 0.01244 0.15415799999999999 0.0048679999999999999 0.001255 0.0025820000000000001 0.010045999999999999 0.015699000000000001 0.022963000000000001 0 0.025516 0.00073099999999999999 0.14245100000000002 0.0011130000000000001 0.0038940000000000003 0.10287099999999998 0.035761000000000015 0 0 3
66 uniform 1 0 0.45558700000000002 1.4968346065779559 1 103 0.29521999999999998 0.0095499999999999995 0.12076099999999999 0.0051359999999999999 0.001168 0.002807 0.010402 0.14569699999999999 0.022540999999999999 0 0.027019000000000001 0.00085800000000000004 0.0024870000000000001 0.0011019999999999999 0.0035140000000000002 0.077304000000000025 0.02913799999999999 0 0 0
66 uniform 1 7 0.32423099999999999 1.4899237821936551 1 95 0.16773199999999999 0.0093109999999999998 0.11972899999999995 0.004339 0.0010040000000000001 0.0027629999999999998 0.010119 0.015379 0.022679999999999999 0 0.027052 0.00079299999999999998 0.0025890000000000002 0.0010629999999999999 0.0036799999999999997 0.083226999999999995 0.023422000000000002 0 0 1
66 uniform 1 15 0.31866800000000001 1.4685795419039902 1 95 0.16450000000000001 0.0091809999999999999 0.11853699999999998 0.0037750000000000001 0.00085500000000000007 0.0026779999999999998 0.010245000000000001 0.013880999999999999 0.023793999999999999 0 0.027358 0.000834 0.0026320000000000002 0.00099500000000000001 0.0034869999999999996 0.080959000000000003 0.024520999999999991 0 0 2
66 uniform 1 23 0.36721199999999998 1.4254037379291091 1 110 0.17555899999999999 0.0086189999999999999 0.15219700000000003 0.0046120000000000006 0.0013310000000000002 0.0026559999999999999 0.0099909999999999999 0.015620999999999999 0.023151999999999999 0 0.026884000000000002 0.00078799999999999996 0.010918000000000001 0.001253 0.0036439999999999997 0.10487799999999996 0.032056000000000015 0 0 3
66 uniform 2 0 0.65544599999999997 16.537609788994036 1 59 0.54697399999999996 0.0093299999999999998 0.077847000000000027 0.0031839999999999998 0.00081499999999999997 0.0029390000000000002 0.010999999999999999 0.19181599999999999 0.023574999999999999 0 0.026714000000000002 0.00082799999999999996 0.20145099999999999 0.001315 0.0035570000000000003 0.050998999999999975 0.016932000000000006 0 0 0
66 uniform 2 7 0.52239100000000005 16.885547967764293 1 51 0.40129300000000001 0.0088269999999999998 0.094758000000000009 0.0024239999999999999 0.00066599999999999993 0.0027980000000000001 0.0104 0.034916000000000003 0.021906999999999999 0 0.026527999999999999 0.00081499999999999997 0.22142600000000001 0.0011820000000000001 0.0031949999999999999 0.07059799999999998 0.015382 0 0 1
66 uniform 2 15 0.50974299999999995 17.008002250306042 1 51 0.38156200000000001 0.0090830000000000008 0.10278599999999997 0.0022620000000000001 0.00067100000000000005 0.0024989999999999999 0.010214000000000001 0.035991000000000002 0.021177999999999999 0 0.026745999999999999 0.00078200000000000003 0.20312999999999998 0.001098 0.0029340000000000004 0.076507000000000006 0.017159999999999995 0 0 2
66 uniform 2 23 0.58243800000000001 16.818091835032309 1 59 0.45544000000000001 0.0086370000000000006 0.097979999999999984 0.0028660000000000001 0.00076999999999999996 0.0025170000000000001 0.010369 0.036799999999999999 0.020885000000000001 0 0.0276 0.00087299999999999997 0.27369299999999996 0.00073899999999999997 0.0061849999999999995 0.070176999999999976 0.017831999999999987 0 0 3
66 uniform 3 0 0.78896599999999995 18.995972751066965 1 125 0.54096500000000003 0.015398 0.18831199999999995 0.0065769999999999995 0.0015809999999999999 0.002555 0.010222 0.18757099999999999 0.021606 0 0.026769000000000001 0.000968 0.193352 0.000388 0.0036649999999999994 0.12382599999999992 0.043489000000000014 0 0 0
66 uniform 3 7 0.66962299999999997 17.048923162436896 1 125 0.39108700000000002 0.015573 0.22064899999999993 0.0062650000000000006 0.0016789999999999999 0.002686 0.010874999999999999 0.036832999999999998 0.023876000000000001 0 0.026535 0.00088999999999999995 0.19472599999999998 0.00027300000000000002 0.0035980000000000001 0.15808900000000006 0.041270999999999967 0 0 1
66 uniform 3 15 0.48349799999999998 15.259586641764418 1 102 0.26194499999999998 0.014808 0.17162700000000003 0.0047510000000000009 0.0011589999999999999 0.0024759999999999999 0.010220999999999999 0.036382999999999999 0.021517000000000001 0 0.026068000000000001 0.00087000000000000001 0.069792000000000007 0.00025700000000000001 0.0035269999999999998 0.12464099999999999 0.030421999999999987 0 0 2
66 uniform 3 23 0.60604400000000003 13.793579360084108 1 118 0.35699399999999998 0.014707 0.19616800000000001 0.0058180000000000011 0.001503 0.0024810000000000001 0.010087 0.036276000000000003 0.021058 0 0.027036000000000001 0.000825 0.16575100000000001 0.00029999999999999997 0.0034939999999999997 0.14224299999999995 0.035277999999999997 0 0 3
66 uniform 4 0 0.371585 1.0379416222580669 1 45 0.29892400000000002 0.0098639999999999995 0.044292000000000005 0.0026900000000000001 0.00077300000000000003 0.0029889999999999999 0.012625000000000001 0.14143700000000001 0.024230999999999999 0 0.027673 0.00086799999999999996 0.0019910000000000001 0.0012470000000000001 0.0033470000000000001 0.025028000000000002 0.012247000000000004 0 0 0
66 uniform 4 7 0.257824 1.0379518677129571 1 45 0.17002600000000001 0.0086910000000000008 0.059539000000000009 0.0024169999999999999 0.00061299999999999994 0.00296 0.011797999999999999 0.01521 0.023852000000000002 0 0.027656 0.00090799999999999995 0.0020149999999999999 0.00123 0.0034160000000000006 0.040409 0.012119000000000007 0 0 1
66 uniform 4 15 0.25207800000000002 1.0379266952898711 1 45 0.16587399999999999 0.0085120000000000005 0.059862000000000026 0.0023150000000000002 0.00065000000000000008 0.0027539999999999999 0.011613 0.013905000000000001 0.024774999999999998 0 0.027132 0.00081999999999999998 0.0018739999999999998 0.001029 0.0030870000000000003 0.041025000000000006 0.011845000000000001 0 0 2
66 uniform 4 23 0.24824399999999999 1.0379032573660978 1 45 0.16264200000000001 0.0083800000000000003 0.059460000000000006 0.0022899999999999999 0.0006249999999999999 0.0025000000000000001 0.010781000000000001 0.014800000000000001 0.024294 0 0.026848 0.00073399999999999995 0.001856 0.000834 0.0030730000000000002 0.040530999999999998 0.011920000000000004 0 0 3
67 linear 0 0 0.45035799999999998 1.6974094629678766 1 79 0.256388 0.010411 0.15999499999999997 0.0042490000000000002 0.0011310000000000001 0.0030799999999999998 0.012671 0.097785999999999998 0.025850000000000001 0 0.027869000000000001 0.00077399999999999995 0.0006249999999999999 0.0012049999999999999 0.0032730000000000003 0.064187000000000022 0.025630999999999984 0.013417999999999998 0 0
67 linear 0 7 0.30019099999999999 1.6597977530295618 1 72 0.153445 0.0069220000000000002 0.11996400000000006 0.0033549999999999999 0.00088400000000000002 0.0028739999999999998 0.011089 0.0086440000000000006 0.022245999999999998 0 0.027331999999999999 0.00092500000000000004 0.00043199999999999998 0.0014270000000000001 0.0027399999999999998 0.051468999999999994 0.017942999999999994 0.010331 0 1
67 linear 0 15 0.28472399999999998 1.6135513389092793 1 72 0.14881900000000001 0.0065360000000000001 0.10978499999999994 0.0032920000000000007 0.000754 0.0030309999999999998 0.011381 0.0070689999999999998 0.021926999999999999 0 0.027413 0.00083799999999999999 0.00044800000000000005 0.0014599999999999999 0.0026619999999999999 0.042214999999999996 0.016978999999999987 0.010482000000000007 0 2
67 linear 0 23 0.27269500000000002 1.564495836528778 1 65 0.148788 0.0063350000000000004 0.099857000000000015 0.002784 0.00076000000000000004 0.0027369999999999998 0.010555 0.0063740000000000003 0.024468 0 0.026942000000000001 0.00091200000000000005 0.00042100000000000004 0.0012489999999999999 0.0026110000000000005 0.037318000000000025 0.015867000000000006 0.0095100000000000028 0 3
67 linear 1 0 0.41454999999999997 1.793043899417667 1 87 0.219282 0.0096520000000000009 0.15907499999999997 0.004274 0.0012539999999999999 0.00282 0.011075 0.070180999999999993 0.021947000000000001 0 0.027498000000000002 0.00090499999999999999 0.00059100000000000005 0.001132 0.0029240000000000008 0.05549699999999997 0.023593000000000003 0.014072999999999995 0 0
67 linear 1 7 0.36172399999999999 1.7335783857953155 1 87 0.156442 0.0094039999999999992 0.16613299999999992 0.0043100000000000005 0.0010269999999999999 0.0027039999999999998 0.010932000000000001 0.0051830000000000001 0.021644 0 0.028281000000000001 0.00084800000000000001 0.00064499999999999996 0.0010939999999999999 0.0030219999999999999 0.059839000000000003 0.024205999999999998 0.014310000000000005 0 1
67 linear 1 15 0.33951100000000001 1.6647723756024637 1 80 0.15307299999999999 0.0094330000000000004 0.153532 0.0037130000000000006 0.00098299999999999993 0.0027920000000000002 0.010753 0.0049589999999999999 0.021409999999999998 0 0.027663 0.00083699999999999996 0.00058099999999999992 0.0010189999999999999 0.0032060000000000005 0.049181000000000023 0.022616999999999984 0.013687999999999997 0 2
67 linear 1 23 0.34060099999999999 1.595451978367751 1 80 0.15159700000000001 0.0088500000000000002 0.15744399999999995 0.0034280000000000005 0.000941 0.0026480000000000002 0.010644000000000001 0.0058500000000000002 0.021243000000000001 0 0.027984999999999999 0.00079900000000000001 0.00062700000000000006 0.00090399999999999996 0.0030000000000000005 0.05366400000000001 0.021589999999999981 0.013835999999999999 0 3
67 linear 2 0 0.45219999999999999 2.4496686255999744 1 80 0.27517000000000003 0.010099 0.14182700000000001 0.0042450000000000005 0.001108 0.002911 0.011304 0.120271 0.021936000000000001 0 0.027022999999999998 0.000794 0.00063699999999999998 0.001222 0.0037399999999999998 0.084668999999999994 0.023903999999999988 0.011988000000000002 0 0
67 linear 2 7 0.463312 2.7122114177460817 1 117 0.18982299999999999 0.01304 0.22276900000000002 0.0068019999999999999 0.0012520000000000001 0.0028639999999999998 0.011410999999999999 0.024303999999999999 0.023223000000000001 0 0.02743 0.00081300000000000003 0.00081499999999999997 0.0012489999999999999 0.0039019999999999997 0.11626899999999996 0.046389999999999987 0.024441999999999995 0 1
67 linear 2 15 0.40562900000000002 3.1638560933347986 1 78 0.181753 0.009979 0.19187400000000007 0.0033509999999999998 0.00073299999999999993 0.0027799999999999999 0.011073 0.027792000000000001 0.024316000000000001 0 0.027133999999999998 0.00084800000000000001 0.00059100000000000005 0.0012229999999999999 0.0035090000000000008 0.086016999999999996 0.031006999999999979 0.015372 0 2
67 linear 2 23 0.38362400000000002 3.4395671197662105 1 78 0.179395 0.0098169999999999993 0.17327699999999999 0.0031210000000000005 0.00061600000000000001 0.0026549999999999998 0.010782999999999999 0.026246999999999999 0.023675000000000002 0 0.027217999999999999 0.00078399999999999997 0.000602 0.001268 0.0035900000000000003 0.089300999999999978 0.027208999999999994 0.014070000000000003 0 3
67 linear 3 0 0.35057700000000003 1.9162719806060562 1 60 0.226879 0.0088830000000000003 0.089449000000000015 0.0046010000000000001 0.00082299999999999995 0.002892 0.010817 0.075645000000000004 0.023538 0 0.026984999999999999 0.00085999999999999998 0.00062200000000000005 0.0012329999999999999 0.0034840000000000001 0.039477000000000012 0.021841999999999993 0.010872999999999996 0 0
67 linear 3 7 0.29513899999999998 1.9865493381538635 1 60 0.170845 0.0088149999999999999 0.090651000000000009 0.0043629999999999997 0.00076999999999999996 0.0027850000000000001 0.010628 0.014114 0.022960000000000001 0 0.027403 0.00075600000000000005 0.00059299999999999999 0.0011640000000000001 0.0034040000000000003 0.041816999999999993 0.020898999999999994 0.010804000000000001 0 1
67 linear 3 15 0.28313300000000002 2.0756002412737455 1 60 0.156471 0.0085360000000000002 0.093935000000000005 0.0040619999999999996 0.00075199999999999996 0.0026580000000000002 0.010718999999999999 0.0073619999999999996 0.022502000000000001 0 0.027903000000000001 0.00081300000000000003 0.00060800000000000003 0.001196 0.0032599999999999999 0.04492199999999999 0.021062000000000001 0.010798999999999998 0 2
67 linear 3 23 0.30001899999999998 2.1776373338832085 1 68 0.15719900000000001 0.0084810000000000007 0.10725599999999999 0.0046000000000000008 0.00087799999999999987 0.002601 0.010491 0.010714 0.022974000000000001 0 0.026976 0.000834 0.00057899999999999998 0.000968 0.0032880000000000001 0.053198000000000009 0.023469000000000004 0.011774 0 3
67 linear 4 0 0.33527899999999999 1.1934934309198346 1 60 0.22905 0.0089650000000000007 0.073583999999999983 0.0043180000000000007 0.00084900000000000004 0.0028479999999999998 0.011431999999999999 0.071296999999999999 0.02376 0 0.029562999999999999 0.00081999999999999998 0.00060899999999999995 0.0011440000000000001 0.0031030000000000003 0.035460999999999993 0.016733999999999999 0.0077000000000000011 0 0
67 linear 4 7 0.26572699999999999 1.1789745393534776 1 60 0.15737100000000001 0.0085400000000000007 0.076975000000000016 0.0036459999999999999 0.000767 0.002996 0.01145 0.005012 0.023734000000000002 0 0.029781999999999999 0.00079500000000000003 0.00058299999999999997 0.0010150000000000001 0.0029140000000000004 0.039903999999999995 0.015529999999999997 0.0077899999999999992 0 1
67 linear 4 15 0.26338800000000001 1.1641544207544414 1 60 0.15362200000000001 0.0083280000000000003 0.07912000000000001 0.0034659999999999999 0.000825 0.0025860000000000002 0.010913000000000001 0.0050410000000000003 0.023813000000000001 0 0.028982000000000001 0.000754 0.00058799999999999998 0.00088099999999999995 0.0028830000000000001 0.041884000000000011 0.015692999999999992 0.0077780000000000028 0 2
67 linear 4 23 0.26284000000000002 1.1509173708910649 1 61 0.15206600000000001 0.0084110000000000001 0.078230000000000008 0.0036519999999999999 0.00082200000000000003 0.0025720000000000001 0.010598 0.0049909999999999998 0.023621 0 0.028681999999999999 0.000754 0.00059299999999999999 0.00086600000000000002 0.002895 0.039892999999999998 0.016700000000000003 0.0078160000000000035 0 3
67 uniform 0 0 0.38198300000000002 1.6730310231535985 1 79 0.24662700000000001 0.010253999999999999 0.10227899999999998 0.003522 0.001008 0.002905 0.011074000000000001 0.095857999999999999 0.022495000000000001 0 0.027427 0.00083500000000000002 0.00062299999999999996 0.001129 0.0033410000000000002 0.064552999999999999 0.025510999999999982 0 0 0
67 uniform 0 7 0.25035099999999999 1.6373268322902914 1 64 0.15459500000000001 0.0069109999999999996 0.072661000000000017 0.0021479999999999997 0.00062 0.0027000000000000001 0.010742 0.0087720000000000003 0.022074 0 0.027796000000000001 0.00085899999999999995 0.00042599999999999995 0.001408 0.0027259999999999997 0.047195999999999995 0.015870999999999996 0 0 1
67 uniform 0 15 0.242206 1.5947731599829993 1 72 0.146902 0.0064229999999999999 0.069943999999999992 0.0027350000000000005 0.00075499999999999992 0.0027269999999999998 0.010505 0.006672 0.021755 0 0.027168999999999999 0.00082399999999999997 0.00044300000000000003 0.001312 0.0025589999999999996 0.042207999999999996 0.016945999999999999 0 0 2
67 uniform 0 23 0.23325399999999999 1.5507257072262095 1 65 0.147287 0.0064790000000000004 0.062570000000000001 0.0020690000000000001 0.00071299999999999998 0.002555 0.010041 0.0062160000000000002 0.021649000000000002 0 0.026738999999999999 0.00087200000000000005 0.00041600000000000003 0.0013010000000000001 0.0026030000000000003 0.037105000000000006 0.015787999999999993 0 0 3
67 uniform 1 0 0.34526099999999998 1.7792554039390405 1 87 0.21737999999999999 0.0094500000000000001 0.093251000000000042 0.0033779999999999999 0.0010610000000000001 0.0025430000000000001 0.010591 0.07009 0.021898999999999998 0 0.027209000000000001 0.00085400000000000005 0.00063500000000000004 0.0011130000000000001 0.0028239999999999997 0.056257999999999996 0.023721999999999993 0 0 0
67 uniform 1 7 0.28220800000000001 1.7239173805123105 1 87 0.150446 0.0092189999999999998 0.097132999999999955 0.003637 0.0010549999999999999 0.0024169999999999999 0.010193000000000001 0.0048560000000000001 0.021141 0 0.027505000000000002 0.00079100000000000004 0.00062 0.0010430000000000001 0.0028240000000000001 0.05951200000000003 0.024270999999999987 0 0 1
67 uniform 1 15 0.27107399999999998 1.660771651987639 1 80 0.15129799999999999 0.0091789999999999997 0.084637000000000018 0.0030329999999999997 0.00090700000000000004 0.0025990000000000002 0.010828000000000001 0.0050899999999999999 0.021566999999999999 0 0.028119999999999999 0.00083799999999999999 0.00058099999999999992 0.00099500000000000001 0.0030470000000000002 0.049708000000000002 0.022613999999999995 0 0 2
67 uniform 1 23 0.270123 1.5977670653192921 1 80 0.151395 0.0086110000000000006 0.08762700000000001 0.003032 0.00088200000000000008 0.002598 0.010564 0.0058409999999999998 0.021418 0 0.028516 0.00085099999999999998 0.00061300000000000005 0.00095799999999999998 0.0028219999999999999 0.053663999999999996 0.021608999999999972 0 0 3
67 uniform 2 0 0.42910500000000001 2.4830615457572756 1 80 0.272789 0.0099930000000000001 0.12143799999999996 0.003921 0.00115 0.0029160000000000002 0.011292 0.119826 0.021909000000000001 0 0.027435999999999999 0.00077899999999999996 0.00063699999999999998 0.001157 0.0035620000000000001 0.084546000000000038 0.024021999999999967 0 0 0
67 uniform 2 7 0.41456199999999999 2.7989929063697141 1 109 0.18875400000000001 0.013239000000000001 0.17964899999999998 0.0052480000000000001 0.0013449999999999998 0.002751 0.011244000000000001 0.024247999999999999 0.022062999999999999 0 0.027858000000000001 0.000803 0.00082700000000000004 0.0011199999999999999 0.0039050000000000001 0.11462300000000004 0.046497999999999998 0 0 1
67 uniform 2 15 0.338667 3.2993752359420676 1 78 0.18018000000000001 0.0099030000000000003 0.12728799999999996 0.0030320000000000004 0.00068300000000000001 0.0028649999999999999 0.011200999999999999 0.027879999999999999 0.022134000000000001 0 0.027196999999999999 0.00077399999999999995 0.00057899999999999998 0.0012179999999999999 0.003568 0.085040000000000004 0.02865899999999999 0 0 2
67 uniform 2 23 0.336289 3.5445576802595569 1 78 0.17644799999999999 0.0096509999999999999 0.12931099999999995 0.0027929999999999999 0.00062799999999999998 0.0027430000000000002 0.010501999999999999 0.026381999999999999 0.021736999999999999 0 0.026969 0.00082299999999999995 0.00061399999999999996 0.0012800000000000001 0.0034969999999999997 0.088872000000000007 0.027245999999999975 0 0 3
67 uniform 3 0 0.31419000000000002 1.9251889904305024 1 52 0.22781399999999999 0.0089589999999999999 0.056484000000000006 0.00313 0.00078899999999999999 0.0029390000000000002 0.010748000000000001 0.076012999999999997 0.025492000000000001 0 0.026741000000000001 0.00080400000000000003 0.00060099999999999997 0.001134 0.0035429999999999997 0.031183000000000006 0.016761999999999992 0 0 0
67 uniform 3 7 0.240927 1.996889870280137 1 44 0.16278799999999999 0.010014 0.050005000000000001 0.0026090000000000002 0.00058100000000000003 0.0027060000000000001 0.010461 0.014005999999999999 0.021229999999999999 0 0.026924 0.00081499999999999997 0.00059299999999999999 0.001106 0.0036880000000000003 0.028209999999999999 0.014196000000000004 0 0 1
67 uniform 3 15 0.27471600000000002 2.0881062400508505 1 60 0.161276 0.0087360000000000007 0.078515000000000015 0.0041779999999999994 0.00067099999999999994 0.002875 0.01205 0.0074250000000000002 0.025012 0 0.027813000000000001 0.00081499999999999997 0.000611 0.0010449999999999999 0.0034690000000000003 0.045840000000000006 0.021796999999999993 0 0 2
67 uniform 3 23 0.29442200000000002 2.1935835201517024 1 68 0.161936 0.0085780000000000006 0.095772999999999997 0.0046569999999999997 0.00085599999999999988 0.0027320000000000001 0.012074 0.011917000000000001 0.024594999999999999 0 0.027223000000000001 0.00076300000000000001 0.00058399999999999999 0.0010380000000000001 0.0034160000000000006 0.054602999999999999 0.028351999999999995 0 0 3
67 uniform 4 0 0.305898 1.194829793780201 1 44 0.23129 0.010201999999999999 0.048059999999999999 0.0023370000000000001 0.00067000000000000002 0.0029529999999999999 0.01264 0.072702000000000003 0.025281000000000001 0 0.029502 0.000843 0.00061600000000000001 0.00107 0.0032570000000000003 0.029043999999999997 0.012127000000000004 0 0 0
67 uniform 4 7 0.23239099999999999 1.1800598322182956 1 44 0.159023 0.0087790000000000003 0.048723000000000002 0.0020950000000000001 0.00070300000000000007 0.0028449999999999999 0.012225 0.0049690000000000003 0.024628000000000001 0 0.029398000000000001 0.00081099999999999998 0.00057399999999999997 0.001078 0.0030859999999999998 0.030689000000000001 0.011295000000000005 0 0 1
67 uniform 4 15 0.22650600000000001 1.1650311379520195 1 44 0.154006 0.0084250000000000002 0.048062999999999995 0.002287 0.00062699999999999995 0.0026610000000000002 0.011339 0.0048370000000000002 0.023591000000000001 0 0.028608000000000001 0.00077200000000000001 0.00058799999999999998 0.00097599999999999998 0.0029100000000000003 0.030269999999999998 0.011189000000000001 0 0 2
67 uniform 4 23 0.23003699999999999 1.1516398026969057 1 45 0.154194 0.0083719999999999992 0.048544000000000004 0.0025790000000000001 0.00078699999999999994 0.002643 0.010867 0.005019 0.021437999999999999 0 0.029489999999999999 0.00083799999999999999 0.00060900000000000006 0.0010549999999999999 0.002869 0.028723000000000005 0.012655999999999994 0 0 3
68 linear 0 0 0.52588999999999997 3.5187491796708055 1 96 0.323297 0.012019 0.15674799999999994 0.0059270000000000008 0.0014459999999999998 0.003578 0.012877 0.16240599999999999 0.022131000000000001 0 0.027626000000000001 0.00081099999999999998 0.00088000000000000003 0.001129 0.0035919999999999997 0.072337999999999972 0.040248999999999986 0.017721999999999995 0 0
68 linear 0 7 0.428483 3.8763603988174631 1 96 0.18928800000000001 0.011668 0.19429899999999997 0.0055530000000000006 0.0012819999999999999 0.0028960000000000001 0.010597000000000001 0.037134 0.021151 0 0.026866999999999999 0.00087200000000000005 0.00084599999999999986 0.0010640000000000001 0.0035130000000000001 0.085192999999999977 0.03765799999999999 0.01746099999999999 0 1
68 linear 0 15 0.46756399999999998 4.1603718196202211 1 104 0.19650100000000001 0.011722 0.22316800000000001 0.0061029999999999991 0.0014320000000000001 0.0029299999999999999 0.010024 0.044339999999999997 0.020773 0 0.026612 0.00067699999999999998 0.00080900000000000004 0.001085 0.0035459999999999997 0.088369999999999976 0.039378000000000003 0.018800000000000001 0 2
68 linear 0 23 0.470333 4.3702278176866729 1 104 0.190993 0.011356 0.23232299999999992 0.006012 0.0014109999999999999 0.0027320000000000001 0.010085 0.041838 0.020621 0 0.026387000000000001 0.00076999999999999996 0.00078299999999999995 0.00096299999999999999 0.0034160000000000006 0.096262000000000014 0.037072999999999939 0.017403000000000002 0 3
68 linear 1 0 0.52186699999999997 2.8688432211773316 1 80 0.30564799999999998 0.012130999999999999 0.17680500000000005 0.004398 0.001119 0.0028679999999999999 0.010433 0.149565 0.021249000000000001 0 0.026946000000000001 0.00080000000000000004 0.000825 0.00093700000000000001 0.0038409999999999998 0.088973000000000024 0.029635000000000005 0.011483 0 0
68 linear 1 7 0.44153300000000001 2.8184559771447133 1 88 0.20148199999999999 0.012187 0.19822500000000004 0.0049790000000000008 0.0011489999999999998 0.002712 0.010468999999999999 0.041121999999999999 0.023056 0 0.027793000000000002 0.000767 0.0008119999999999999 0.001065 0.0039350000000000001 0.10494299999999998 0.033350999999999999 0.012402999999999997 0 1
68 linear 1 15 0.43898599999999999 2.7558550402039654 1 88 0.19623599999999999 0.011704000000000001 0.20186000000000009 0.0047540000000000004 0.0010480000000000001 0.0027430000000000002 0.010161 0.040883000000000003 0.023015000000000001 0 0.026549 0.00077499999999999997 0.00084899999999999993 0.00098700000000000003 0.0037540000000000004 0.107407 0.031164999999999974 0.012389000000000002 0 2
68 linear 1 23 0.43879800000000002 2.6913922417336527 1 88 0.194358 0.011490999999999999 0.2039180000000001 0.0045279999999999999 0.0010350000000000001 0.002764 0.0099260000000000008 0.040070000000000001 0.022894999999999999 0 0.027039000000000001 0.00076400000000000003 0.00079900000000000001 0.00091100000000000003 0.0036710000000000002 0.098516000000000006 0.033024999999999992 0.012380999999999998 0 3
68 linear 2 0 0.41387499999999999 14.361578936181642 1 67 0.28656599999999999 0.010092 0.09223899999999996 0.0044489999999999998 0.001003 0.0028879999999999999 0.010813 0.13319800000000001 0.023286999999999999 0 0.027342999999999999 0.00087299999999999997 0.00057799999999999995 0.0012310000000000001 0.0032419999999999997 0.049272999999999977 0.018037999999999992 0.0088090000000000026 0 0
68 linear 2 7 0.32863700000000001 15.208002131526122 1 59 0.172343 0.0094739999999999998 0.12586599999999998 0.0032280000000000004 0.00089800000000000004 0.0028609999999999998 0.010848 0.019126000000000001 0.022814999999999998 0 0.027178999999999998 0.00085099999999999998 0.0006649999999999999 0.001206 0.0034170000000000003 0.084927000000000002 0.017211999999999991 0.0087860000000000039 0 1
68 linear 2 15 0.33495599999999998 16.324345751319981 1 59 0.16730100000000001 0.01013 0.13655700000000001 0.003271 0.00092299999999999999 0.002761 0.01055 0.017951000000000002 0.023179999999999999 0 0.026966 0.000834 0.00063100000000000005 0.0012979999999999999 0.0032690000000000002 0.092881000000000019 0.018269999999999998 0.0096129999999999983 0 2
68 linear 2 23 0.32410299999999997 17.727368481140882 1 59 0.16558899999999999 0.010114 0.12763599999999997 0.0033710000000000003 0.00094500000000000009 0.0025209999999999998 0.01025 0.017892000000000002 0.023539000000000001 0 0.027446999999999999 0.00084599999999999996 0.000602 0.0011379999999999999 0.0030680000000000004 0.084069000000000005 0.018129999999999983 0.009591000000000004 0 3
68 linear 3 0 0.41391800000000001 1.5753391892437048 1 61 0.30530200000000002 0.0085950000000000002 0.075068999999999983 0.0042890000000000003 0.00088699999999999998 0.0028040000000000001 0.010869999999999999 0.154361 0.023841999999999999 0 0.027532000000000001 0.00076800000000000002 0.00060600000000000009 0.0011429999999999999 0.0032060000000000001 0.036621000000000008 0.017721999999999998 0.0072630000000000038 0 0
68 linear 3 7 0.31297700000000001 1.5366367886694947 1 61 0.18423300000000001 0.0083840000000000008 0.095385999999999971 0.0042710000000000005 0.00083600000000000005 0.0026090000000000002 0.010074 0.036845999999999997 0.023878 0 0.027112000000000001 0.00078100000000000001 0.00061299999999999994 0.0010430000000000001 0.0031619999999999999 0.057338 0.017465999999999999 0.007249000000000002 0 1
68 linear 3 15 0.30715500000000001 1.5008777729090659 1 61 0.18632599999999999 0.008182 0.087986999999999968 0.0040079999999999994 0.00082100000000000012 0.002722 0.010392999999999999 0.036871000000000001 0.024060999999999999 0 0.027 0.00072400000000000003 0.00062500000000000001 0.001122 0.0032900000000000004 0.050500999999999997 0.016725 0.0074300000000000008 0 2
68 linear 3 23 0.30418299999999998 1.4717094257147834 1 61 0.182671 0.0081279999999999998 0.089198999999999959 0.0038250000000000003 0.00075200000000000017 0.0026090000000000002 0.010184 0.034927 0.023569 0 0.027518000000000001 0.00081300000000000003 0.00061499999999999999 0.0010549999999999999 0.0031379999999999997 0.052014999999999999 0.016519000000000013 0.0074160000000000025 0 3
68 linear 4 0 0.37839899999999999 9.1592122131893294 1 53 0.27193000000000001 0.0086700000000000006 0.076326999999999992 0.0034689999999999999 0.00070199999999999993 0.0027590000000000002 0.010585000000000001 0.11919299999999999 0.021784000000000001 0 0.027518999999999998 0.00096000000000000002 0.00060700000000000001 0.0012160000000000001 0.0031560000000000004 0.043768000000000008 0.014029999999999999 0.0062840000000000023 0 0
68 linear 4 7 0.29971900000000001 9.4776163408038734 1 53 0.161578 0.0084700000000000001 0.10845 0.0032880000000000001 0.00075000000000000002 0.0026229999999999999 0.010104999999999999 0.018561999999999999 0.021281000000000001 0 0.026262000000000001 0.00083799999999999999 0.00058699999999999996 0.00117 0.0030700000000000002 0.077352000000000004 0.012796000000000005 0.0062780000000000023 0 1
68 linear 4 15 0.31031300000000001 9.8636904999688415 1 60 0.15943199999999999 0.0094079999999999997 0.11966200000000002 0.0036490000000000003 0.00076000000000000004 0.002421 0.0099570000000000006 0.017434999999999999 0.020906999999999999 0 0.026821000000000001 0.000852 0.00057299999999999994 0.0010510000000000001 0.0029989999999999999 0.083638999999999977 0.015240000000000005 0.0071140000000000023 0 2
68 linear 4 23 0.324411 10.273880174015742 1 60 0.16733200000000001 0.0094719999999999995 0.12478700000000001 0.0040569999999999998 0.000776 0.002428 0.010071 0.021073000000000001 0.020961 0 0.027035 0.00078600000000000002 0.00063400000000000001 0.0011349999999999999 0.0032340000000000003 0.086783999999999972 0.017211000000000004 0.0071350000000000025 0 3
68 uniform 0 0 0.51217800000000002 3.5935953633674105 1 96 0.32066800000000001 0.013353 0.14081899999999994 0.0059480000000000002 0.001439 0.0030409999999999999 0.01057 0.16201399999999999 0.021949 0 0.026748999999999998 0.00076199999999999998 0.00084899999999999993 0.0011839999999999999 0.0040130000000000009 0.079575000000000007 0.044449000000000002 0 0 0
68 uniform 0 7 0.41674 3.9298060606517651 1 96 0.21304000000000001 0.013989 0.14672500000000005 0.005496 0.0013979999999999999 0.0032910000000000001 0.011043000000000001 0.042005000000000001 0.026381999999999999 0 0.030328999999999998 0.00091500000000000001 0.00089500000000000018 0.0011640000000000001 0.0041780000000000003 0.088054999999999981 0.041715000000000002 0 0 1
68 uniform 0 15 0.382963 4.1534775683254246 1 96 0.20441899999999999 0.011270000000000001 0.13456600000000002 0.004444 0.0013239999999999999 0.0029989999999999999 0.01167 0.049446999999999998 0.025586000000000001 0 0.026287000000000001 0.00073999999999999999 0.00079699999999999997 0.00096000000000000002 0.003586999999999999 0.083903000000000033 0.035517999999999994 0 0 2
68 uniform 0 23 0.38533400000000001 4.3072180431933562 1 104 0.190584 0.011327 0.14837499999999998 0.0052750000000000002 0.0014460000000000002 0.002588 0.0094940000000000007 0.0419 0.020653000000000001 0 0.025892999999999999 0.00081899999999999996 0.00082300000000000006 0.00089300000000000002 0.0034069999999999999 0.094919000000000017 0.037109999999999997 0 0 3
68 uniform 1 0 0.48907 3.0157410625885848 1 88 0.30979600000000002 0.012194999999999999 0.13781500000000005 0.004463 0.001116 0.0028660000000000001 0.011036000000000001 0.153502 0.021196 0 0.027144000000000001 0.00077800000000000005 0.00080800000000000002 0.00097999999999999997 0.003961000000000001 0.091500000000000067 0.032336999999999977 0 0 0
68 uniform 1 7 0.38425700000000002 2.9662221238456561 1 88 0.19481100000000001 0.011851 0.14844100000000007 0.004241 0.00107 0.002745 0.010593999999999999 0.041207000000000001 0.020986000000000001 0 0.027352000000000001 0.00077200000000000001 0.00084499999999999994 0.00094899999999999997 0.0037729999999999999 0.104238 0.030263999999999982 0 0 1
68 uniform 1 15 0.38908399999999999 2.9005622822379005 1 88 0.192082 0.011531 0.15691200000000002 0.0041010000000000005 0.001013 0.0025140000000000002 0.010015 0.040695000000000002 0.020612999999999999 0 0.026331 0.00075799999999999999 0.00083599999999999994 0.00095399999999999999 0.0036779999999999998 0.10791800000000003 0.035089000000000009 0 0 2
68 uniform 1 23 0.38129800000000003 2.8301413668441304 1 88 0.19190299999999999 0.011483999999999999 0.14880299999999999 0.0043750000000000004 0.00099700000000000006 0.002467 0.0097780000000000002 0.039994000000000002 0.020983000000000002 0 0.026935000000000001 0.00077700000000000002 0.00078399999999999997 0.00090899999999999998 0.0037369999999999999 0.10103000000000002 0.033781999999999986 0 0 3
68 uniform 2 0 0.40853800000000001 14.448096196083885 1 75 0.28220600000000001 0.010165 0.088062999999999989 0.0048170000000000001 0.0011000000000000001 0.0029640000000000001 0.011047 0.13095599999999999 0.021854999999999999 0 0.027869999999999999 0.00084999999999999995 0.00059399999999999991 0.001189 0.0032730000000000003 0.053413000000000002 0.022582999999999978 0 0 0
68 uniform 2 7 0.33383699999999999 15.313231984182162 1 75 0.169992 0.0096460000000000001 0.12685499999999997 0.004431 0.00097599999999999987 0.0027009999999999998 0.010437 0.019165000000000001 0.025089 0 0.027088000000000001 0.00083100000000000003 0.00058599999999999993 0.001178 0.0031890000000000004 0.093445000000000028 0.021359 0 0 1
68 uniform 2 15 0.31078600000000001 16.46589854852769 1 59 0.16244900000000001 0.010132 0.11739399999999992 0.0033059999999999995 0.00085099999999999998 0.0026259999999999999 0.010357999999999999 0.017977 0.021010999999999998 0 0.026419000000000002 0.00080599999999999997 0.00058500000000000002 0.0011900000000000001 0.0031759999999999996 0.088905999999999999 0.018464999999999988 0 0 2
68 uniform 2 23 0.30633199999999999 17.957020636831498 1 59 0.16375100000000001 0.0099509999999999998 0.11227800000000003 0.0029329999999999998 0.00084099999999999995 0.0027239999999999999 0.010454 0.017918 0.021693 0 0.027088999999999998 0.000812 0.00057899999999999998 0.0011590000000000001 0.0029960000000000004 0.084125000000000005 0.018171999999999997 0 0 3
68 uniform 3 0 0.38591799999999998 1.5799104099031007 1 45 0.31021900000000002 0.0086800000000000002 0.048888000000000001 0.0026169999999999995 0.000727 0.0027859999999999998 0.011194000000000001 0.158861 0.024046000000000001 0 0.027711 0.00077700000000000002 0.00062199999999999994 0.0012570000000000001 0.0033310000000000002 0.028472000000000001 0.013625000000000003 0 0 0
68 uniform 3 7 0.26857900000000001 1.540243301049657 1 45 0.182338 0.0083459999999999993 0.060317000000000003 0.0024479999999999997 0.00064400000000000004 0.002568 0.010496 0.036908999999999997 0.022918000000000001 0 0.026970999999999998 0.00081300000000000003 0.00059400000000000002 0.0011479999999999999 0.003055 0.039921999999999992 0.013616999999999995 0 0 1
68 uniform 3 15 0.26575599999999999 1.5037993138202275 1 45 0.18029100000000001 0.00826 0.059358999999999995 0.0025379999999999995 0.00060600000000000009 0.0026229999999999999 0.010047 0.036693999999999997 0.022912999999999999 0 0.026751 0.00078100000000000001 0.00062200000000000005 0.0010839999999999999 0.0030590000000000005 0.040136999999999999 0.012524 0 0 2
68 uniform 3 23 0.266818 1.4741930973188546 1 45 0.18252399999999999 0.0081480000000000007 0.058939000000000012 0.002343 0.00060100000000000008 0.0025019999999999999 0.010121 0.034736000000000003 0.023352999999999999 0 0.027385 0.00078899999999999999 0.00061499999999999999 0.00099799999999999997 0.0029629999999999995 0.039939999999999996 0.012288000000000002 0 0 3
68 uniform 4 0 0.34417500000000001 9.1793021602434468 1 37 0.26996700000000001 0.0086459999999999992 0.050788 0.002215 0.00055599999999999996 0.0026679999999999998 0.010241 0.118892 0.024327000000000001 0 0.027251999999999998 0.00085999999999999998 0.00060000000000000006 0.001152 0.0031219999999999993 0.036026999999999997 0.009222000000000001 0 0 0
68 uniform 4 7 0.25779000000000002 9.4992621998626543 1 37 0.16466700000000001 0.0085179999999999995 0.069949999999999984 0.0020379999999999999 0.00051000000000000004 0.0027859999999999998 0.010774000000000001 0.0184 0.024011000000000001 0 0.026419999999999999 0.00085099999999999998 0.00056599999999999999 0.0011999999999999999 0.0030379999999999999 0.05600999999999999 0.0083630000000000024 0 0 1
68 uniform 4 15 0.29986000000000002 9.8874090305180751 1 60 0.16200999999999999 0.0095060000000000006 0.107867 0.0036540000000000001 0.00074899999999999999 0.0025739999999999999 0.010121 0.017781000000000002 0.023636999999999998 0 0.027092999999999999 0.000825 0.00059099999999999995 0.0011050000000000001 0.0029590000000000007 0.08461500000000001 0.014269 0 0 2
68 uniform 4 23 0.27001399999999998 10.300159212389277 1 44 0.16408900000000001 0.0092779999999999998 0.081738000000000005 0.0022259999999999997 0.000562 0.0023249999999999998 0.0096780000000000008 0.021388999999999998 0.022870999999999999 0 0.027474999999999999 0.00076199999999999998 0.00056499999999999996 0.0010089999999999999 0.0030199999999999997 0.064958000000000016 0.010195000000000001 0 0 3
69 linear 0 0 0.86673699999999998 361.63671127806674 1 130 0.518814 0.0081960000000000002 0.29656099999999996 0.0099680000000000012 0.0014960000000000002 0.0028530000000000001 0.010591 0.143038 0.024516 0 0.027576 0.000892 0.22115000000000001 0.00095100000000000002 0.0031319999999999998 0.13664799999999999 0.065895999999999996 0.026824999999999988 0 0
69 linear 0 7 0.73691499999999999 361.2987716933801 1 130 0.369869 0.0078379999999999995 0.317577 0.0085939999999999992 0.001242 0.0028549999999999999 0.011362000000000001 0.015046 0.025118000000000001 0 0.027817000000000001 0.00087900000000000001 0.19966800000000001 0.00088500000000000004 0.0029780000000000006 0.16010800000000003 0.064103999999999869 0.026852999999999978 0 1
69 linear 0 15 0.643675 355.414366793787 1 130 0.27392899999999998 0.0077400000000000004 0.32130300000000006 0.0081260000000000013 0.0012880000000000001 0.0029139999999999999 0.010787 0.0074029999999999999 0.024712999999999999 0 0.027682999999999999 0.000968 0.11479900000000001 0.00086200000000000003 0.0028209999999999997 0.16470199999999993 0.063794999999999977 0.026693999999999978 0 2
69 linear 0 23 0.78081100000000003 343.51870882023343 1 137 0.34414899999999998 0.0080529999999999994 0.38604700000000008 0.0082160000000000011 0.0014169999999999999 0.0029290000000000002 0.010536 0.007378 0.024257999999999998 0 0.027796999999999999 0.00087399999999999999 0.18154700000000001 0.00085599999999999999 0.0030799999999999998 0.19001799999999991 0.071263000000000104 0.028501999999999982 0 3
69 linear 1 0 0.486541 2.2616646979825425 1 82 0.32799099999999998 0.0093130000000000001 0.11946099999999998 0.0055110000000000003 0.0011000000000000001 0.0030690000000000001 0.011557 0.17147799999999999 0.023463000000000001 0 0.026882 0.00086200000000000003 0.0034819999999999999 0.001343 0.0033480000000000003 0.04721599999999998 0.030776999999999971 0.010997 0 0
69 linear 1 7 0.393567 2.2256815104540437 1 82 0.183503 0.0097750000000000007 0.17026399999999997 0.0050199999999999993 0.0010350000000000001 0.002977 0.011008 0.024344000000000001 0.023809 0 0.026615 0.00095100000000000002 0.0039410000000000001 0.001323 0.0034509999999999996 0.094549999999999995 0.033451999999999996 0.011500000000000007 0 1
69 linear 1 15 0.357072 2.1701959065577991 1 74 0.175951 0.0096819999999999996 0.14414299999999999 0.0043569999999999998 0.00081399999999999994 0.002761 0.011334 0.023314000000000001 0.024847999999999999 0 0.026546 0.00086799999999999996 0.003058 0.0011199999999999999 0.0035149999999999995 0.084993000000000027 0.029505000000000014 0.0094559999999999974 0 2
69 linear 1 23 0.35724600000000001 2.0981153319660208 1 74 0.175318 0.0087639999999999992 0.14682799999999996 0.0039880000000000002 0.00077700000000000002 0.0031779999999999998 0.010619999999999999 0.024170000000000001 0.024565 0 0.026488000000000001 0.00088900000000000003 0.004032 0.001047 0.0034470000000000008 0.08703799999999999 0.033911999999999998 0.009378999999999995 0 3
69 linear 2 0 0.56912099999999999 1.5162843365170848 1 90 0.37460599999999999 0.011936 0.14845900000000001 0.0055700000000000003 0.001292 0.002745 0.010777 0.168985 0.024837000000000001 0 0.028405 0.00088000000000000003 0.048471999999999994 0.0010629999999999999 0.0037880000000000001 0.062916999999999973 0.049149999999999958 0.013636000000000004 0 0
69 linear 2 7 0.416238 1.5202584071196961 1 90 0.17990999999999999 0.011488999999999999 0.19099899999999992 0.0053469999999999993 0.0012650000000000001 0.0027599999999999999 0.010318000000000001 0.021557 0.022929999999999999 0 0.027047000000000002 0.00081300000000000003 0.0050990000000000002 0.0011100000000000001 0.0035259999999999996 0.11500000000000006 0.042299999999999963 0.012463999999999994 0 1
69 linear 2 15 0.40191300000000002 1.5309112716483151 1 90 0.17068900000000001 0.011011 0.18660099999999999 0.005293 0.0013669999999999999 0.00266 0.0093010000000000002 0.021045999999999999 0.021156999999999999 0 0.026335000000000001 0.000785 0.004627 0.00095600000000000004 0.0033170000000000005 0.11126600000000003 0.041645999999999982 0.012464999999999995 0 2
69 linear 2 23 0.49379200000000001 1.5497694456312705 1 90 0.26508399999999999 0.011021 0.18277300000000002 0.0051340000000000005 0.0014010000000000001 0.0024190000000000001 0.0095370000000000003 0.020903000000000001 0.020749 0 0.026536000000000001 0.000736 0.10015 0.00098900000000000008 0.0033180000000000006 0.10722999999999995 0.041882999999999955 0.012525 0 3
69 linear 3 0 0.432726 1.8455127440133794 1 61 0.31856400000000001 0.0086189999999999999 0.08093800000000001 0.0038390000000000004 0.00087799999999999998 0.0025179999999999998 0.010204 0.170594 0.022133 0 0.026362 0.00086499999999999999 0.0033830000000000002 0.0012960000000000001 0.0031919999999999995 0.03726500000000002 0.023204999999999986 0.0072280000000000027 0 0
69 linear 3 7 0.32585799999999998 1.8292070851393001 1 61 0.178036 0.0083979999999999992 0.11538200000000001 0.0037060000000000001 0.00075999999999999993 0.0026029999999999998 0.010163999999999999 0.021505 0.023779999999999999 0 0.027231000000000002 0.00092100000000000005 0.011356999999999999 0.001042 0.0032060000000000001 0.071946999999999997 0.023026999999999992 0.0072500000000000012 0 1
69 linear 3 15 0.35876599999999997 1.8147608432387001 1 61 0.215138 0.0083250000000000008 0.11114499999999998 0.0035499999999999998 0.00087600000000000004 0.0023700000000000001 0.0096579999999999999 0.021288999999999999 0.023552 0 0.027074999999999998 0.00090399999999999996 0.051066 0.001147 0.0031070000000000008 0.068766999999999995 0.022144999999999998 0.0072430000000000038 0 2
69 linear 3 23 0.31494899999999998 1.8030584705906834 1 61 0.163546 0.0081880000000000008 0.11923500000000001 0.0035100000000000001 0.00083700000000000007 0.0024550000000000002 0.0091540000000000007 0.020986999999999999 0.022904999999999998 0 0.026261 0.00084800000000000001 0.0031849999999999999 0.00096299999999999999 0.0029849999999999998 0.074465999999999991 0.024428000000000009 0.0072510000000000022 0 3
69 linear 4 0 0.42096899999999998 1.8233287908227478 1 61 0.313967 0.008071 0.074908999999999989 0.0036210000000000001 0.00080000000000000004 0.0027109999999999999 0.0097219999999999997 0.16723299999999999 0.023994999999999999 0 0.026492000000000002 0.00083900000000000001 0.0030070000000000001 0.001127 0.0031519999999999999 0.032110999999999987 0.022472999999999996 0.0072399999999999999 0 0
69 linear 4 7 0.32025900000000002 1.8281197057085128 1 61 0.16428100000000001 0.0081709999999999994 0.12384000000000002 0.003519 0.00075699999999999997 0.0026689999999999999 0.0092309999999999996 0.020827999999999999 0.025682 0 0.025849 0.00081599999999999999 0.0027729999999999999 0.0010950000000000001 0.003042 0.081469000000000014 0.022168000000000004 0.007275000000000002 0 1
69 linear 4 15 0.31187300000000001 1.8340302029836908 1 61 0.16451199999999999 0.0082570000000000005 0.11471199999999998 0.0036379999999999997 0.00076999999999999996 0.0024689999999999998 0.0090460000000000002 0.020892999999999998 0.023709000000000001 0 0.025812000000000002 0.00071199999999999996 0.002934 0.001132 0.0031340000000000001 0.070858999999999991 0.023668999999999989 0.0072660000000000025 0 2
69 linear 4 23 0.31608599999999998 1.8405076838376586 1 61 0.16168099999999999 0.0082019999999999992 0.12230400000000002 0.0035300000000000002 0.00072300000000000001 0.0023400000000000001 0.0087749999999999998 0.020822 0.023761000000000001 0 0.026206 0.00071100000000000004 0.0028800000000000002 0.0010510000000000001 0.0029960000000000004 0.079072000000000003 0.023030999999999989 0.0072630000000000047 0 3
69 uniform 0 0 0.79899799999999999 347.63939959632279 1 130 0.52496699999999996 0.0081460000000000005 0.22381099999999998 0.0093100000000000006 0.0014340000000000002 0.002928 0.011065 0.14604900000000001 0.025503000000000001 0 0.027862999999999999 0.00093199999999999999 0.22085999999999997 0.0010660000000000001 0.0030480000000000004 0.133295 0.066235000000000002 0 0 0
69 uniform 0 7 0.67254499999999995 347.3275130108841 1 130 0.37458000000000002 0.0083359999999999997 0.24870299999999998 0.0083569999999999998 0.0011919999999999999 0.0028400000000000001 0.011318999999999999 0.014664 0.023871 0 0.027798 0.00086799999999999996 0.20278500000000002 0.000892 0.0030439999999999998 0.16061400000000006 0.063863999999999949 0 0 1
69 uniform 0 15 0.58023899999999995 343.13077654374194 1 130 0.27505400000000002 0.0079710000000000007 0.25793299999999997 0.0074459999999999995 0.0011050000000000001 0.0029290000000000002 0.011181999999999999 0.00743 0.023383999999999999 0 0.027512000000000002 0.00091 0.11473800000000001 0.00088000000000000003 0.0029170000000000003 0.16505199999999995 0.063619999999999913 0 0 2
69 uniform 0 23 0.67276499999999995 334.59352888215631 1 137 0.33796100000000001 0.0080350000000000005 0.28581600000000007 0.0073299999999999997 0.001382 0.0026099999999999999 0.010434000000000001 0.0074489999999999999 0.022217000000000001 0 0.027671000000000001 0.00089599999999999999 0.18171399999999999 0.00090499999999999999 0.003166 0.18902500000000005 0.071258000000000057 0 0 3
69 uniform 1 0 0.44254399999999999 2.2567012344717421 1 66 0.33269399999999999 0.0093609999999999995 0.078429000000000013 0.0033420000000000004 0.00099600000000000014 0.003009 0.011159000000000001 0.17175499999999999 0.022013000000000001 0 0.026858 0.00083900000000000001 0.0035630000000000002 0.0012650000000000001 0.003349 0.042492999999999989 0.025990999999999993 0 0 0
69 uniform 1 7 0.305309 2.2282729594985389 1 66 0.17255400000000001 0.0088599999999999998 0.10220499999999998 0.002993 0.000843 0.0029160000000000002 0.010956 0.022128999999999999 0.021665 0 0.026799 0.00091500000000000001 0.0035040000000000002 0.001075 0.0031840000000000002 0.065305999999999989 0.026989999999999993 0 0 1
69 uniform 1 15 0.29595199999999999 2.1826489528095387 1 66 0.16722500000000001 0.0085929999999999999 0.098657999999999982 0.0029680000000000002 0.00077300000000000003 0.0027049999999999999 0.010003 0.021897 0.021255 0 0.026422999999999999 0.00092299999999999999 0.0031050000000000001 0.0010219999999999999 0.0032050000000000004 0.061256999999999992 0.02749699999999998 0 0 2
69 uniform 1 23 0.29996699999999998 2.1196144380635458 1 66 0.16533999999999999 0.0084950000000000008 0.10503899999999999 0.0028890000000000001 0.00075900000000000013 0.00263 0.0094619999999999999 0.022818000000000001 0.020858000000000002 0 0.026442 0.00086899999999999998 0.0039959999999999996 0.00098299999999999993 0.0031109999999999992 0.066670999999999966 0.028465999999999988 0 0 3
69 uniform 2 0 0.51525200000000004 1.5253553429260001 1 74 0.36549500000000001 0.011651 0.11198999999999999 0.0038190000000000003 0.0011380000000000001 0.002663 0.010444 0.167376 0.021838 0 0.027004 0.00089899999999999995 0.048460999999999997 0.00116 0.0035019999999999999 0.055888999999999994 0.043884999999999993 0 0 0
69 uniform 2 7 0.35315400000000002 1.5297346349233447 1 74 0.17743700000000001 0.011435000000000001 0.13683499999999996 0.0040200000000000001 0.001041 0.0026930000000000001 0.0099109999999999997 0.021101999999999999 0.021441999999999999 0 0.027196999999999999 0.00089800000000000004 0.0052089999999999992 0.0010709999999999999 0.0034710000000000001 0.087072999999999984 0.037933000000000029 0 0 1
69 uniform 2 15 0.34808899999999998 1.5424939996909015 1 74 0.17388600000000001 0.011148999999999999 0.13621099999999994 0.0037239999999999999 0.001111 0.0026450000000000002 0.0123 0.020660000000000001 0.020764000000000001 0 0.026415999999999999 0.00084199999999999998 0.0046639999999999997 0.00093300000000000002 0.0033869999999999998 0.086886000000000047 0.037370000000000014 0 0 2
69 uniform 2 23 0.430286 1.5655647478670918 1 74 0.264573 0.010961 0.12845799999999999 0.0036020000000000002 0.0010660000000000001 0.0024220000000000001 0.009469 0.0207 0.020730999999999999 0 0.026402999999999999 0.00076499999999999995 0.09972099999999999 0.00091299999999999997 0.0033050000000000006 0.079220000000000013 0.037362000000000006 0 0 3
69 uniform 3 0 0.41407300000000002 1.8483045041676049 1 45 0.32713199999999998 0.0098790000000000006 0.058997999999999995 0.002379 0.00077800000000000005 0.0024589999999999998 0.010109999999999999 0.171766 0.024927000000000001 0 0.030353000000000002 0.000892 0.0034259999999999998 0.0011980000000000001 0.00349 0.033303000000000006 0.018638000000000002 0 0 0
69 uniform 3 7 0.28134100000000001 1.8313284382842481 1 45 0.18205499999999999 0.0087340000000000004 0.07072699999999997 0.002653 0.00073099999999999999 0.0025070000000000001 0.010907999999999999 0.022567 0.024511000000000002 0 0.026445 0.00083199999999999995 0.011443999999999999 0.0011720000000000001 0.0034549999999999993 0.045722000000000006 0.017979999999999996 0 0 1
69 uniform 3 15 0.31246299999999999 1.8164553776235977 1 45 0.214944 0.0084930000000000005 0.070952000000000015 0.0022560000000000002 0.00066099999999999991 0.0026250000000000002 0.011698999999999999 0.022608 0.024365000000000001 0 0.026591 0.00092900000000000003 0.045720999999999998 0.0010740000000000001 0.0033649999999999991 0.045977999999999984 0.017968999999999995 0 0 2
69 uniform 3 23 0.27304499999999998 1.8044938263893562 1 45 0.16707 0.013072 0.074729000000000004 0.002359 0.00063200000000000007 0.002431 0.010675 0.022258 0.023050999999999999 0 0.026186000000000001 0.00077899999999999996 0.003114 0.00099700000000000006 0.0033470000000000001 0.048017000000000004 0.019747000000000008 0 0 3
69 uniform 4 0 0.397287 1.8245831322004298 1 45 0.31806299999999998 0.0084829999999999992 0.052492999999999991 0.0025450000000000004 0.00071900000000000002 0.002771 0.011173000000000001 0.16878000000000001 0.02197 0 0.027026999999999999 0.000843 0.0030369999999999998 0.0011590000000000001 0.0032139999999999994 0.027503 0.018113000000000001 0 0 0
69 uniform 4 7 0.270727 1.8294611798947056 1 45 0.16397300000000001 0.0082509999999999997 0.080842999999999998 0.002284 0.00060999999999999997 0.002679 0.010263 0.021085 0.021003999999999998 0 0.026734000000000001 0.00074700000000000005 0.0028019999999999998 0.001085 0.0031410000000000001 0.056418000000000017 0.017711999999999999 0 0 1
69 uniform 4 15 0.258382 1.8354826140399494 1 45 0.16047900000000001 0.0081359999999999991 0.072093000000000004 0.0023500000000000001 0.00057499999999999999 0.0023939999999999999 0.0093430000000000006 0.021003999999999998 0.020743000000000001 0 0.026554999999999999 0.00077700000000000002 0.0028019999999999998 0.00096199999999999996 0.0030190000000000004 0.043567000000000022 0.021728999999999998 0 0 2
69 uniform 4 23 0.25939200000000001 1.8420870210413889 1 45 0.15789600000000001 0.0080680000000000005 0.07623199999999998 0.0022950000000000002 0.00057499999999999999 0.002379 0.0088249999999999995 0.020761000000000002 0.020891 0 0.026064 0.00065099999999999999 0.0028280000000000002 0.00099099999999999991 0.0029179999999999996 0.051387999999999989 0.018066999999999996 0 0 3
70 linear 0 0 0.68309900000000001 12.090891267590431 1 81 0.462059 0.011502 0.18042500000000003 0.0051960000000000001 0.0012359999999999999 0.0029020000000000001 0.011498 0.19337599999999999 0.032807000000000003 0 0.026488000000000001 0.00078299999999999995 0.104162 0.0010709999999999999 0.0035780000000000005 0.063966000000000023 0.043003 0.014095000000000002 0 0
70 linear 0 7 0.436145 12.274715811903354 1 81 0.22279099999999999 0.011464999999999999 0.17397899999999999 0.0047679999999999997 0.001091 0.0027680000000000001 0.011089999999999999 0.055003999999999997 0.032073999999999998 0 0.026418000000000001 0.00081700000000000002 0.0045540000000000008 0.0011640000000000001 0.0036999999999999993 0.059094000000000035 0.044628999999999995 0.013826000000000005 0 1
70 linear 0 15 0.43054999999999999 12.279370708265635 1 81 0.215063 0.011287 0.17687699999999995 0.0044819999999999999 0.00097999999999999997 0.002679 0.010262 0.052752 0.032160000000000001 0 0.025891000000000001 0.00083100000000000003 0.0042529999999999998 0.0010449999999999999 0.0036280000000000001 0.063843000000000011 0.043355000000000005 0.013583999999999999 0 2
70 linear 0 23 0.44096400000000002 12.064644812205557 1 81 0.220445 0.010917 0.18182200000000004 0.0043720000000000009 0.00092000000000000003 0.0025850000000000001 0.0092350000000000002 0.061707999999999999 0.031538999999999998 0 0.026048000000000002 0.00083900000000000001 0.0045380000000000004 0.00088999999999999995 0.0034280000000000005 0.066597000000000003 0.043497000000000001 0.013749999999999997 0 3
70 linear 1 0 0.61899499999999996 6.8660237052911857 1 91 0.42400300000000002 0.0088800000000000007 0.15196699999999999 0.0089490000000000004 0.0011510000000000001 0.0025460000000000001 0.0096889999999999997 0.195273 0.105918 0 0.026457000000000001 0.00089300000000000002 0.002869 0.001317 0.0032770000000000004 0.052447000000000008 0.042165999999999995 0.012091000000000001 0 0
70 linear 1 7 0.448297 7.924154823162131 1 83 0.25486999999999999 0.0085339999999999999 0.15786499999999992 0.0049520000000000007 0.001346 0.0024199999999999998 0.0090659999999999994 0.058810000000000001 0.064671999999999993 0 0.025916000000000002 0.000812 0.0053 0.001016 0.0032149999999999995 0.062887999999999999 0.039026999999999978 0.010938999999999999 0 1
70 linear 1 15 0.41512700000000002 8.8907076292085883 1 74 0.22140899999999999 0.011381 0.15574299999999999 0.0043020000000000003 0.001047 0.00249 0.0092739999999999993 0.056000000000000001 0.033977 0 0.026370000000000001 0.00081599999999999999 0.0045769999999999995 0.001013 0.0035940000000000004 0.057983000000000021 0.036910000000000005 0.011358999999999998 0 2
70 linear 1 23 0.70648999999999995 9.6344639790880411 1 81 0.48571500000000001 0.011462999999999999 0.18049200000000007 0.004535 0.0010550000000000002 0.002392 0.0093290000000000005 0.057306000000000003 0.035576000000000003 0 0.026268 0.00080999999999999996 0.26866500000000004 0.0010859999999999999 0.0035789999999999997 0.066571999999999965 0.044984999999999997 0.013447000000000001 0 3
70 linear 2 0 0.48238799999999998 3.7750234459083001 1 69 0.34191300000000002 0.0084759999999999992 0.10347200000000001 0.0052230000000000002 0.000861 0.0025560000000000001 0.0094330000000000004 0.19568099999999999 0.023480999999999998 0 0.026506999999999999 0.00081499999999999997 0.002928 0.0011820000000000001 0.0031489999999999999 0.04000800000000003 0.032305999999999974 0.0077100000000000016 0 0
70 linear 2 7 0.32907999999999998 3.9456675207231351 1 53 0.20643300000000001 0.0082529999999999999 0.093173999999999979 0.003424 0.00067900000000000002 0.0024629999999999999 0.0088909999999999996 0.055278000000000001 0.033481999999999998 0 0.025566999999999999 0.00076099999999999996 0.0028510000000000002 0.001047 0.0030569999999999998 0.046574000000000004 0.023376999999999998 0.0058320000000000038 0 1
70 linear 2 15 0.33196300000000001 4.2128997137234094 1 53 0.20726800000000001 0.0081670000000000006 0.095385999999999999 0.0033700000000000002 0.00066 0.0022669999999999999 0.0086940000000000003 0.057979000000000003 0.033001000000000003 0 0.025943000000000001 0.00077099999999999998 0.0028760000000000001 0.001054 0.0030140000000000002 0.046340999999999993 0.025816000000000006 0.0058270000000000023 0 2
70 linear 2 23 0.47337099999999999 5.0001224118845 1 91 0.26568000000000003 0.0085959999999999995 0.16796900000000001 0.0056089999999999994 0.0011890000000000002 0.002287 0.0085170000000000003 0.056389000000000002 0.086651000000000006 0 0.02649 0.00084400000000000002 0.0028300000000000001 0.001181 0.0030480000000000004 0.07557899999999998 0.044668999999999993 0.011226999999999997 0 3
70 linear 3 0 0.49280299999999999 3.5362543981279999 1 69 0.34553699999999998 0.008286 0.11114299999999999 0.0042859999999999999 0.00089900000000000006 0.0026809999999999998 0.0091809999999999999 0.193519 0.032000000000000001 0 0.025772 0.00075500000000000003 0.0028280000000000002 0.001323 0.0031259999999999994 0.045953000000000015 0.036152000000000011 0.0077170000000000042 0 0
70 linear 3 7 0.35692499999999999 3.4593170636403152 1 69 0.198712 0.0080979999999999993 0.12288399999999998 0.0040809999999999996 0.00080500000000000005 0.0025010000000000002 0.0092879999999999994 0.056889000000000002 0.021117 0 0.026186000000000001 0.00073700000000000002 0.0028510000000000002 0.001085 0.0032370000000000003 0.056196000000000003 0.037734999999999984 0.0077350000000000032 0 1
70 linear 3 15 0.35230499999999998 3.3824142278669407 1 69 0.196659 0.0081869999999999998 0.120416 0.0040429999999999997 0.00071199999999999996 0.002483 0.00911 0.055692999999999999 0.021291999999999998 0 0.025755 0.000754 0.0029160000000000002 0.001044 0.0030860000000000002 0.059665000000000003 0.031735000000000006 0.0077170000000000025 0 2
70 linear 3 23 0.35605500000000001 3.3150437623493154 1 69 0.19494900000000001 0.0081320000000000003 0.12597800000000001 0.0040409999999999995 0.00069300000000000004 0.0022650000000000001 0.0087089999999999997 0.05883 0.020797 0 0.025024000000000001 0.000727 0.0027859999999999994 0.00098700000000000003 0.0030300000000000006 0.063738000000000017 0.033269000000000007 0.0077110000000000026 0 3
70 linear 4 0 0.46215499999999998 3.3177715603036764 1 53 0.33413799999999999 0.0081150000000000007 0.098983000000000002 0.003156 0.00067500000000000004 0.0023570000000000002 0.0095809999999999992 0.193712 0.021042999999999999 0 0.025891999999999998 0.00076000000000000004 0.0031849999999999999 0.001039 0.0030449999999999995 0.050163000000000006 0.024925000000000003 0.005836 0 0
70 linear 4 7 0.32730199999999998 3.3187248679225911 1 53 0.193938 0.0080099999999999998 0.10464500000000006 0.0030509999999999999 0.00058900000000000011 0.0022929999999999999 0.0092639999999999997 0.055955999999999999 0.020804 0 0.025763999999999999 0.00078200000000000003 0.0034159999999999998 0.00099099999999999991 0.0029740000000000001 0.05437199999999999 0.026287000000000005 0.0058320000000000004 0 1
70 linear 4 15 0.32501200000000002 3.3203831009449623 1 53 0.18584300000000001 0.0082740000000000001 0.10907399999999999 0.0035430000000000001 0.00067900000000000002 0.0021589999999999999 0.0089429999999999996 0.047870000000000003 0.020752 0 0.025776 0.00075100000000000004 0.0030500000000000006 0.00099400000000000009 0.0029680000000000002 0.060245000000000021 0.024680999999999995 0.0058170000000000019 0 2
70 linear 4 23 0.41972500000000001 3.3223870776958035 1 53 0.28463699999999997 0.0081239999999999993 0.10630300000000001 0.003101 0.00063600000000000006 0.0023640000000000002 0.0094590000000000004 0.048508000000000003 0.021389999999999999 0 0.025427000000000002 0.000696 0.101018 0.00098999999999999999 0.0029789999999999999 0.056663000000000005 0.025767000000000005 0.0058310000000000028 0 3
70 uniform 0 0 0.61480500000000005 11.658801543312611 1 81 0.45540399999999998 0.011667 0.119239 0.0044320000000000002 0.001235 0.0025460000000000001 0.0097660000000000004 0.19338 0.032462999999999999 0 0.026290000000000001 0.00083299999999999997 0.104141 0.001039 0.0035709999999999995 0.06094500000000002 0.045209999999999986 0 0 0
70 uniform 0 7 0.35979899999999998 11.787883519853295 1 73 0.21451300000000001 0.01132 0.10897799999999998 0.0035200000000000001 0.00087699999999999996 0.002503 0.0090399999999999994 0.054911000000000001 0.031605000000000001 0 0.025874999999999999 0.00082299999999999995 0.0044070000000000003 0.00101 0.0040210000000000003 0.056249999999999988 0.040715000000000022 0 0 1
70 uniform 0 15 0.37181399999999998 11.792128804149762 1 73 0.21918299999999999 0.012603 0.11445399999999999 0.003627 0.00082599999999999991 0.0025300000000000001 0.010094000000000001 0.053884000000000001 0.035188999999999998 0 0.025669999999999998 0.00075900000000000002 0.0042580000000000005 0.001011 0.0038610000000000003 0.062129999999999998 0.040140999999999989 0 0 2
70 uniform 0 23 0.39252900000000002 11.64327160651399 1 81 0.22630500000000001 0.012418 0.125419 0.0039700000000000004 0.0010549999999999999 0.0027049999999999999 0.010204 0.058854999999999998 0.034962 0 0.025798000000000001 0.00083000000000000001 0.0045380000000000004 0.00090200000000000002 0.0037679999999999992 0.067391999999999994 0.044746999999999981 0 0 3
70 uniform 1 0 0.56550299999999998 7.2191246186053153 1 83 0.429618 0.0090629999999999999 0.099766999999999995 0.0048299999999999992 0.0012000000000000001 0.002601 0.010421 0.196685 0.107279 0 0.026481999999999999 0.00089099999999999997 0.0028429999999999996 0.0013290000000000001 0.003627 0.04893999999999999 0.038037000000000015 0 0 0
70 uniform 1 7 0.41700300000000001 8.1569838742211829 1 91 0.25608700000000001 0.0086719999999999992 0.12370399999999997 0.0049589999999999999 0.001073 0.0022980000000000001 0.0087060000000000002 0.058904999999999999 0.062616000000000005 0 0.026113000000000001 0.00079699999999999997 0.005352 0.0011180000000000001 0.0032229999999999997 0.067763000000000032 0.042322000000000026 0 0 1
70 uniform 1 15 0.34608299999999997 8.9496993039047261 1 66 0.214394 0.011324000000000001 0.097165000000000029 0.00315 0.00093700000000000012 0.0024169999999999999 0.0085970000000000005 0.056069000000000001 0.031944 0 0.025856000000000001 0.00076000000000000004 0.0045059999999999996 0.00095399999999999999 0.0034250000000000001 0.054672000000000019 0.032285000000000022 0 0 2
70 uniform 1 23 0.64478599999999997 9.5275370287497765 1 81 0.480296 0.011391 0.12482700000000005 0.004065 0.00098800000000000016 0.0023549999999999999 0.0086890000000000005 0.057570999999999997 0.031539999999999999 0 0.025350000000000001 0.00069300000000000004 0.27091100000000001 0.00093300000000000002 0.0033469999999999997 0.066936999999999983 0.044964000000000011 0 0 3
70 uniform 2 0 0.40246900000000002 3.7903226868972633 1 37 0.33584900000000001 0.0084939999999999998 0.043246 0.0020890000000000001 0.00056400000000000005 0.0024250000000000001 0.0095259999999999997 0.19511600000000001 0.021819000000000002 0 0.026887999999999999 0.00083100000000000003 0.002859 0.0011150000000000001 0.0031489999999999999 0.020928999999999996 0.016721000000000003 0 0 0
70 uniform 2 7 0.27373199999999998 3.9672805510480211 1 37 0.202991 0.0082810000000000002 0.047843000000000011 0.0019480000000000001 0.00050799999999999999 0.0024629999999999999 0.0087379999999999992 0.055232000000000003 0.031837999999999998 0 0.025468000000000001 0.00081899999999999996 0.0029290000000000002 0.001059 0.0030299999999999997 0.027563000000000004 0.014752999999999999 0 0 1
70 uniform 2 15 0.280644 4.2493454688380563 1 37 0.20818400000000001 0.0081419999999999999 0.049916999999999996 0.0019320000000000001 0.00042299999999999998 0.0023189999999999999 0.0085620000000000002 0.060941000000000002 0.031514 0 0.026183000000000001 0.00071299999999999998 0.0028789999999999996 0.0010579999999999999 0.0030000000000000001 0.027592999999999999 0.016775000000000002 0 0 2
70 uniform 2 23 0.538462 5.2343643039287562 1 163 0.25905099999999998 0.0085360000000000002 0.20470099999999997 0.025699 0.001194 0.0021770000000000001 0.0084080000000000005 0.056348000000000002 0.085171999999999998 0 0.026168 0.000812 0.0028100000000000004 0.001018 0.0031540000000000001 0.10283200000000005 0.077353000000000061 0 0 3
70 uniform 3 0 0.42963099999999999 3.5433870938238967 1 37 0.35462500000000002 0.0085360000000000002 0.050780999999999993 0.0023419999999999995 0.00057200000000000003 0.0026389999999999999 0.0095890000000000003 0.196657 0.033885999999999999 0 0.025909999999999999 0.00076999999999999996 0.0031519999999999999 0.0013029999999999999 0.003261 0.02647 0.018753999999999996 0 0 0
70 uniform 3 7 0.27700200000000003 3.4653498110057481 1 37 0.198967 0.0083309999999999999 0.054921999999999999 0.0019849999999999998 0.00051900000000000004 0.0025349999999999999 0.0091850000000000005 0.057008999999999997 0.022858 0 0.025991 0.000745 0.0028339999999999997 0.0011150000000000001 0.0031220000000000002 0.033352000000000007 0.015952000000000004 0 0 1
70 uniform 3 15 0.27501999999999999 3.387523717951316 1 37 0.195548 0.0082520000000000007 0.056639000000000002 0.0020119999999999999 0.000513 0.0023839999999999998 0.0086779999999999999 0.055650999999999999 0.022648000000000001 0 0.025586999999999999 0.00076400000000000003 0.0028189999999999999 0.00095 0.0031149999999999997 0.034472000000000017 0.016608000000000001 0 0 2
70 uniform 3 23 0.27743400000000001 3.3194722961234548 1 37 0.19752600000000001 0.0079880000000000003 0.057538000000000006 0.0018270000000000001 0.00054900000000000001 0.0022920000000000002 0.0088570000000000003 0.058774 0.022175 0 0.024787 0.000727 0.0027530000000000002 0.00099400000000000009 0.0029679999999999997 0.0356 0.016308 0 0 3
70 uniform 4 0 0.41863899999999998 3.3241480803126202 1 37 0.33239999999999997 0.0082039999999999995 0.063486000000000001 0.001951 0.00056499999999999996 0.0023010000000000001 0.0093010000000000002 0.19115699999999999 0.022606000000000001 0 0.025857999999999999 0.00079600000000000005 0.0031640000000000001 0.00097300000000000002 0.0030000000000000001 0.041784999999999996 0.016121 0 0 0
70 uniform 4 7 0.28631899999999999 3.3253053136235473 1 37 0.195462 0.0080479999999999996 0.068483000000000016 0.00183 0.00053400000000000008 0.002258 0.0087819999999999999 0.056013 0.022693000000000001 0 0.025839000000000001 0.00073899999999999997 0.0034859999999999995 0.00095399999999999999 0.0029629999999999999 0.045392000000000002 0.017536 0 0 1
70 uniform 4 15 0.27556399999999998 3.3271862106801517 1 37 0.188886 0.008012 0.064434000000000005 0.0018969999999999998 0.00049200000000000003 0.0022039999999999998 0.0088299999999999993 0.047898999999999997 0.022523000000000001 0 0.025930999999999999 0.00073200000000000001 0.003052 0.00096699999999999998 0.0029299999999999994 0.042981999999999985 0.015872000000000004 0 0 2
70 uniform 4 23 0.371504 3.329395478260599 1 37 0.28266999999999998 0.0081410000000000007 0.066364999999999993 0.0019120000000000001 0.00049500000000000011 0.0021840000000000002 0.0085509999999999996 0.048460000000000003 0.022891000000000002 0 0.025307 0.00071500000000000003 0.101163 0.00084400000000000002 0.0029909999999999997 0.044394000000000017 0.016416 0 0 3
71 linear 0 0 0.48558299999999999 2.7754702400820119 1 74 0.32808300000000001 0.010335 0.12229599999999997 0.0043490000000000004 0.0013089999999999998 0.003153 0.011443 0.15485499999999999 0.046578000000000001 0 0.027618 0.00084000000000000003 0.00061800000000000006 0.0011019999999999999 0.0030859999999999998 0.070309999999999984 0.027089999999999993 0.0087879999999999989 0 0
71 linear 0 7 0.47290399999999999 2.8751237493962454 1 74 0.19963800000000001 0.0096460000000000001 0.23937599999999987 0.0038800000000000002 0.001137 0.0028270000000000001 0.013318 0.042317 0.034346000000000002 0 0.026098 0.00077700000000000002 0.00058299999999999997 0.0010690000000000001 0.0031259999999999999 0.18814600000000012 0.026421 0.0087880000000000007 0 1
71 linear 0 15 0.53680099999999997 2.9481659044590312 1 90 0.19670199999999999 0.0094889999999999992 0.29904899999999984 0.0057099999999999998 0.0011609999999999999 0.0026809999999999998 0.0095329999999999998 0.04607 0.033550999999999997 0 0.025579999999999999 0.00078899999999999999 0.00059900000000000003 0.00096400000000000001 0.0031329999999999995 0.22896100000000005 0.033044000000000004 0.010454000000000005 0 2
71 linear 0 23 0.56015999999999999 2.9780784868200363 1 90 0.19243199999999999 0.0095610000000000001 0.32666100000000015 0.0055560000000000002 0.0011510000000000001 0.0023869999999999998 0.0089829999999999997 0.045138999999999999 0.031474000000000002 0 0.025426000000000001 0.00081300000000000003 0.00060400000000000004 0.00097199999999999999 0.0029699999999999996 0.25981299999999996 0.033239000000000019 0.010437000000000002 0 3
71 linear 1 0 0.492315 2.2987411923893353 1 82 0.30827500000000002 0.0098270000000000007 0.14565499999999992 0.0046840000000000007 0.0011810000000000002 0.002398 0.0089859999999999992 0.15873200000000001 0.032737000000000002 0 0.026043 0.00078600000000000002 0.00060900000000000006 0.0010169999999999999 0.0030670000000000003 0.083587000000000036 0.028822999999999998 0.0095200000000000024 0 0
71 linear 1 7 0.52219800000000005 2.3389974242141003 1 82 0.197267 0.0098480000000000009 0.28568299999999996 0.0047969999999999992 0.0011739999999999999 0.0023960000000000001 0.009273 0.046253000000000002 0.032078000000000002 0 0.025714000000000001 0.00077300000000000003 0.000602 0.001088 0.0031580000000000007 0.22557800000000006 0.028863999999999976 0.0095090000000000018 0 1
71 linear 1 15 0.496639 2.3686424444209031 1 82 0.19139600000000001 0.0094879999999999999 0.26707200000000009 0.0046869999999999993 0.0011039999999999999 0.0023969999999999998 0.0089700000000000005 0.043963000000000002 0.031628999999999997 0 0.025565000000000001 0.00071299999999999998 0.00061699999999999993 0.001041 0.0029379999999999996 0.20736499999999999 0.028744999999999986 0.0095160000000000002 0 2
71 linear 1 23 0.50732100000000002 2.3831205956561523 1 82 0.19053400000000001 0.0094820000000000008 0.27911599999999998 0.004385 0.0010460000000000001 0.002346 0.0085609999999999992 0.044727000000000003 0.031289999999999998 0 0.025522 0.00067299999999999999 0.00056499999999999996 0.00097599999999999998 0.0029779999999999997 0.21958400000000006 0.028553999999999996 0.0095110000000000021 0 3
71 linear 2 0 0.51038300000000003 1.5201111600972685 1 75 0.33548899999999998 0.016074999999999999 0.13200399999999995 0.004058 0.0011670000000000001 0.0022659999999999998 0.0088400000000000006 0.16586400000000001 0.053199999999999997 0 0.025475999999999999 0.00073499999999999998 0.00059000000000000003 0.001093 0.0031489999999999999 0.073682999999999971 0.029764999999999986 0.0086670000000000011 0 0
71 linear 2 7 0.54481299999999999 1.5064749076634896 1 75 0.21735699999999999 0.010281999999999999 0.29066500000000006 0.0039550000000000002 0.000977 0.0022439999999999999 0.0086990000000000001 0.048515000000000003 0.052865000000000002 0 0.026189 0.00074100000000000001 0.00058700000000000007 0.0011100000000000001 0.0031539999999999997 0.23287300000000008 0.029149000000000001 0.0086660000000000018 0 1
71 linear 2 15 0.56834300000000004 1.4936646412728536 1 75 0.23880599999999999 0.010246999999999999 0.29121300000000011 0.0046860000000000001 0.001031 0.0022780000000000001 0.0086429999999999996 0.048697999999999998 0.072525000000000006 0 0.026155000000000001 0.00071299999999999998 0.00059199999999999997 0.001122 0.0031480000000000002 0.23111399999999996 0.030908000000000001 0.0088659999999999989 0 2
71 linear 2 23 0.533524 1.4832642091921504 1 68 0.223361 0.011516 0.27296700000000007 0.0040819999999999997 0.00099200000000000004 0.0025240000000000002 0.010702 0.049285000000000002 0.054633000000000001 0 0.02564 0.00072000000000000005 0.00058399999999999999 0.0010250000000000001 0.0032559999999999998 0.21967400000000004 0.026466000000000014 0.0080299999999999937 0 3
71 linear 3 0 0.45488200000000001 1.3763110368038105 1 61 0.330876 0.0097160000000000007 0.089433999999999986 0.0036420000000000003 0.00099100000000000013 0.0025209999999999998 0.01059 0.16328000000000001 0.046990999999999998 0 0.026072000000000001 0.00067000000000000002 0.00057399999999999997 0.001132 0.0033739999999999998 0.042778000000000024 0.022486000000000003 0.007190999999999996 0 0
71 linear 3 7 0.51320399999999999 1.3849451422070331 1 61 0.20916000000000001 0.010571000000000001 0.26904800000000006 0.0035500000000000002 0.00090799999999999995 0.0024499999999999999 0.0093209999999999994 0.046946000000000002 0.046189000000000001 0 0.025791999999999999 0.00075900000000000002 0.00056899999999999995 0.001016 0.003284 0.22297199999999995 0.022352000000000007 0.0070240000000000033 0 1
71 linear 3 15 0.52747900000000003 1.3956688247993674 1 61 0.228932 0.0092770000000000005 0.26523100000000005 0.0035300000000000002 0.000794 0.0021570000000000001 0.0085609999999999992 0.049369000000000003 0.062211000000000002 0 0.028299999999999999 0.00079699999999999997 0.00058299999999999997 0.0010640000000000001 0.0030239999999999998 0.22011799999999995 0.021360000000000007 0.0070149999999999987 0 2
71 linear 3 23 0.482159 1.407474479505666 1 61 0.19822600000000001 0.0093310000000000008 0.2508419999999999 0.003405 0.00079600000000000005 0.0022989999999999998 0.0087559999999999999 0.044220000000000002 0.041325000000000001 0 0.025180999999999999 0.00076599999999999997 0.00059299999999999999 0.00098900000000000008 0.0029789999999999999 0.20583400000000004 0.021291000000000008 0.0070170000000000033 0 3
71 linear 4 0 0.44144600000000001 1.4442392419310062 1 61 0.30730600000000002 0.0095460000000000007 0.100378 0.0034989999999999999 0.00081400000000000005 0.0022079999999999999 0.008763 0.15968299999999999 0.032890000000000003 0 0.025328 0.00071299999999999998 0.00058799999999999998 0.0011479999999999999 0.0030219999999999999 0.053393999999999976 0.023338999999999995 0.0070110000000000033 0 0
71 linear 4 7 0.47929699999999997 1.4252398371331731 1 61 0.19594500000000001 0.0093600000000000003 0.24988400000000002 0.0034769999999999996 0.00081399999999999994 0.0022309999999999999 0.0089589999999999999 0.048062000000000001 0.032229000000000001 0 0.025923000000000002 0.00074700000000000005 0.00059199999999999997 0.00095299999999999996 0.0031039999999999996 0.20332600000000003 0.022919000000000005 0.006995000000000003 0 1
71 linear 4 15 0.482491 1.4065715191721528 1 61 0.20643900000000001 0.0092049999999999996 0.2428050000000001 0.0035300000000000002 0.000794 0.0022539999999999999 0.0088030000000000001 0.046482999999999997 0.041443000000000001 0 0.026210000000000001 0.00076199999999999998 0.00057899999999999998 0.0011050000000000001 0.0030099999999999997 0.195803 0.023293999999999999 0.0070190000000000009 0 2
71 linear 4 23 0.486234 1.3904150946106055 1 61 0.197544 0.0091590000000000005 0.25549499999999997 0.0034790000000000003 0.00073499999999999998 0.0022239999999999998 0.0087779999999999993 0.042141999999999999 0.043443000000000002 0 0.025656999999999999 0.00074399999999999998 0.00060899999999999995 0.0009810000000000001 0.0029589999999999998 0.20787000000000003 0.023987999999999999 0.0070120000000000035 0 3
71 uniform 0 0 0.452121 2.7453281215595027 1 66 0.318629 0.0099710000000000007 0.10186400000000004 0.0033750000000000004 0.001078 0.0022179999999999999 0.0085439999999999995 0.15508 0.048046999999999999 0 0.025666000000000001 0.00074299999999999995 0.000611 0.0010059999999999999 0.0030739999999999999 0.067383000000000012 0.024479999999999995 0 0 0
71 uniform 0 7 0.437581 2.8196666515192073 1 66 0.188524 0.0098379999999999995 0.21757900000000008 0.0030360000000000005 0.0010350000000000001 0.0021570000000000001 0.0086130000000000009 0.042104000000000003 0.032994000000000002 0 0.025021000000000002 0.00069200000000000002 0.00062799999999999987 0.0010679999999999999 0.003052 0.18361399999999994 0.023837999999999991 0 0 1
71 uniform 0 15 0.43142900000000001 2.8732235426988937 1 66 0.191971 0.0096100000000000005 0.20865899999999998 0.0029519999999999998 0.00083500000000000002 0.0022369999999999998 0.0083940000000000004 0.046016000000000001 0.033440999999999999 0 0.025287 0.00071100000000000004 0.0005979999999999999 0.00092199999999999997 0.0029840000000000001 0.17380500000000002 0.024846999999999998 0 0 2
71 uniform 0 23 0.44828000000000001 2.8951775630901788 1 66 0.195101 0.0095759999999999994 0.22240499999999991 0.0027799999999999999 0.00074200000000000004 0.0021749999999999999 0.0085800000000000008 0.045177000000000002 0.033293999999999997 0 0.025808999999999999 0.00076099999999999996 0.00060800000000000003 0.0010499999999999999 0.0031319999999999994 0.18863700000000005 0.023857 0 0 3
71 uniform 1 0 0.45522600000000002 2.3371330406855009 1 66 0.30995499999999998 0.0098539999999999999 0.11423 0.0027739999999999996 0.001016 0.0022290000000000001 0.0088129999999999997 0.15856300000000001 0.034659000000000002 0 0.026048000000000002 0.00073800000000000005 0.00058299999999999997 0.0011150000000000001 0.0030519999999999996 0.081297000000000036 0.023078000000000005 0 0 0
71 uniform 1 7 0.428481 2.3617641400223657 1 66 0.193769 0.0094339999999999997 0.20462200000000005 0.0027169999999999998 0.00085700000000000012 0.002183 0.0087340000000000004 0.046045999999999997 0.034278999999999997 0 0.025252 0.00072599999999999997 0.00059100000000000005 0.001011 0.0029829999999999991 0.17136299999999993 0.023370000000000009 0 0 1
71 uniform 1 15 0.41577700000000001 2.3758351222743652 1 66 0.19081899999999999 0.0094509999999999993 0.19490100000000005 0.0026740000000000002 0.00071200000000000007 0.002163 0.0085979999999999997 0.043965999999999998 0.034046 0 0.025267000000000001 0.00070100000000000002 0.000611 0.00094799999999999995 0.0029400000000000003 0.16172400000000001 0.023235999999999996 0 0 2
71 uniform 1 23 0.43252299999999999 2.3775663077736406 1 66 0.20031099999999999 0.0093430000000000006 0.20228799999999997 0.0027009999999999998 0.00068099999999999996 0.0021679999999999998 0.0084899999999999993 0.048070000000000002 0.033522000000000003 0 0.028136000000000001 0.00080000000000000004 0.00056999999999999998 0.001042 0.0029269999999999999 0.16931800000000005 0.023048000000000006 0 0 3
71 uniform 2 0 0.46159600000000001 1.5224175132173658 1 59 0.33406400000000003 0.010481000000000001 0.097522000000000011 0.0026350000000000002 0.00097199999999999988 0.0022369999999999998 0.0086719999999999992 0.16550999999999999 0.053324999999999997 0 0.025347999999999999 0.00074299999999999995 0.00058600000000000004 0.001145 0.0030900000000000003 0.064141000000000004 0.024517999999999998 0 0 0
71 uniform 2 7 0.46028000000000002 1.5083803216511786 1 59 0.219805 0.010113 0.21079600000000001 0.0026420000000000003 0.00080599999999999997 0.0022330000000000002 0.0085369999999999994 0.048445000000000002 0.052468000000000001 0 0.029356 0.00069099999999999999 0.00060899999999999995 0.001 0.0030430000000000001 0.17780799999999999 0.024062999999999987 0 0 1
71 uniform 2 15 0.47931299999999999 1.4952407078383847 1 59 0.23768300000000001 0.010312999999999999 0.21135500000000004 0.0027429999999999998 0.00078199999999999993 0.0022130000000000001 0.0085500000000000003 0.048890000000000003 0.072444999999999996 0 0.026037999999999999 0.00067299999999999999 0.00057600000000000001 0.00108 0.0031909999999999998 0.17710999999999996 0.02529699999999999 0 0 2
71 uniform 2 23 0.44888099999999997 1.4846034447212251 1 52 0.21826400000000001 0.010296 0.20242299999999994 0.0023149999999999998 0.00084199999999999998 0.002287 0.0091179999999999994 0.047920999999999998 0.051036999999999999 0 0.025395999999999998 0.000687 0.00058300000000000008 0.0010989999999999999 0.0031580000000000002 0.17405500000000002 0.020497999999999985 0 0 3
71 uniform 3 0 0.400231 1.3768945448495964 1 45 0.31581199999999998 0.0096139999999999993 0.057492999999999989 0.0022690000000000002 0.00075599999999999994 0.002294 0.0090799999999999995 0.158086 0.042653999999999997 0 0.025617999999999998 0.00067699999999999998 0.00067600000000000006 0.001129 0.0030270000000000002 0.034157 0.016608000000000001 0 0 0
71 uniform 3 7 0.420074 1.3855923461091024 1 45 0.199187 0.0092759999999999995 0.19422100000000009 0.0022279999999999999 0.00063099999999999994 0.0022339999999999999 0.008404 0.045511000000000003 0.041709999999999997 0 0.025652000000000001 0.00074799999999999997 0.00056500000000000007 0.00097900000000000005 0.002944 0.17003600000000005 0.017017999999999998 0 0 1
71 uniform 3 15 0.43866699999999997 1.3964047759952534 1 45 0.22569800000000001 0.009221 0.18650800000000001 0.002307 0.000602 0.0021570000000000001 0.0084390000000000003 0.049574 0.062065000000000002 0 0.025706 0.00074200000000000004 0.00058199999999999994 0.001034 0.0030209999999999998 0.16289300000000001 0.016481000000000003 0 0 2
71 uniform 3 23 0.40250200000000003 1.4083219492869359 1 45 0.196774 0.0091140000000000006 0.17932699999999999 0.002183 0.00058299999999999997 0.0022009999999999998 0.0085109999999999995 0.044223999999999999 0.041300000000000003 0 0.025301000000000001 0.000696 0.00058099999999999992 0.0010150000000000001 0.0029129999999999998 0.15595200000000001 0.016578999999999993 0 0 3
71 uniform 4 0 0.39936700000000003 1.446004284200735 1 45 0.303118 0.0095519999999999997 0.069333000000000033 0.0022209999999999999 0.00067400000000000001 0.0021879999999999998 0.008659 0.15589800000000001 0.033146000000000002 0 0.02545 0.00075199999999999996 0.00058799999999999998 0.001018 0.0030149999999999999 0.044143000000000002 0.018354999999999989 0 0 0
71 uniform 4 7 0.39563999999999999 1.4266535763375279 1 45 0.191771 0.010782 0.17527100000000001 0.0023340000000000001 0.00065399999999999996 0.0021679999999999998 0.0084550000000000007 0.04786 0.031989999999999998 0 0.024733999999999999 0.00070100000000000002 0.00057600000000000001 0.00097799999999999992 0.0032860000000000003 0.15003300000000003 0.018221999999999995 0 0 1
71 uniform 4 15 0.41383599999999998 1.4076982643641258 1 45 0.21217900000000001 0.0094570000000000001 0.17416299999999998 0.0023210000000000001 0.00066399999999999999 0.0022369999999999998 0.010016000000000001 0.047885999999999998 0.045599000000000001 0 0.026314000000000001 0.00076000000000000004 0.00058100000000000003 0.0010150000000000001 0.003251 0.14844700000000002 0.018738999999999992 0 0 2
71 uniform 4 23 0.41250700000000001 1.3913339371213354 1 45 0.20336000000000001 0.0094330000000000004 0.18216899999999994 0.0022790000000000002 0.00061199999999999991 0.002307 0.0089460000000000008 0.043721999999999997 0.045851999999999997 0 0.025444000000000001 0.00071699999999999997 0.00059600000000000007 0.0010560000000000001 0.003277 0.15576400000000001 0.019408000000000002 0 0 3
72 linear 0 0 0.42199700000000001 700.98340914400728 1 59 0.298624 0.0092569999999999996 0.095126999999999962 0.0034600000000000004 0.00098999999999999999 0.0030609999999999999 0.011583 0.14874100000000001 0.021798999999999999 0 0.026710000000000001 0.00080199999999999998 0.00060499999999999996 0.0011440000000000001 0.0032050000000000004 0.049503999999999979 0.016948999999999988 0.0063040000000000014 0 0
72 linear 0 7 0.42392999999999997 712.73485305923487 1 59 0.18514900000000001 0.0090100000000000006 0.21136899999999997 0.0029849999999999998 0.00076900000000000004 0.002944 0.010897 0.042874000000000002 0.021291999999999998 0 0.026259999999999999 0.00076999999999999996 0.00063100000000000005 0.001103 0.003202 0.16614800000000005 0.016597999999999991 0.0063060000000000026 0 1
72 linear 0 15 0.414271 709.52241100271101 1 59 0.180425 0.0090939999999999997 0.20628399999999991 0.0029360000000000002 0.000834 0.0026419999999999998 0.01038 0.041394 0.021174999999999999 0 0.026398999999999999 0.00070200000000000004 0.00061899999999999998 0.0010200000000000001 0.0030820000000000005 0.16134000000000009 0.01656899999999999 0.0062980000000000024 0 2
72 linear 0 23 0.42103299999999999 688.54868891774277 1 59 0.182863 0.0088789999999999997 0.21082299999999998 0.0030150000000000003 0.000794 0.0026340000000000001 0.010362 0.041855999999999997 0.020733000000000001 0 0.025524000000000002 0.00077399999999999995 0.00061900000000000008 0.0011919999999999999 0.0030839999999999995 0.16607499999999997 0.016365999999999992 0.0062950000000000002 0 3
72 linear 1 0 0.484765 210.5330317153327 1 67 0.34342800000000001 0.011641 0.10636399999999999 0.0036759999999999996 0.0010820000000000001 0.0029380000000000001 0.010874999999999999 0.177814 0.032119000000000002 0 0.026131000000000001 0.00073200000000000001 0.00078699999999999994 0.0010629999999999999 0.003362 0.048973000000000017 0.022756999999999999 0.0070070000000000002 0 0
72 linear 1 7 0.49734 210.87248032174125 1 67 0.213084 0.011320999999999999 0.24968000000000004 0.0035460000000000005 0.001016 0.0026250000000000002 0.010082000000000001 0.050993999999999998 0.031763 0 0.029929000000000001 0.00070699999999999995 0.00080599999999999997 0.001031 0.00331 0.19175800000000001 0.023561999999999996 0.0070160000000000023 0 1
72 linear 1 15 0.47357700000000003 209.83280452034103 1 67 0.20561699999999999 0.011329000000000001 0.23378200000000005 0.0035110000000000002 0.00090600000000000001 0.0025330000000000001 0.0096810000000000004 0.051097999999999998 0.031433999999999997 0 0.025871000000000002 0.00075699999999999997 0.00083000000000000001 0.00095699999999999995 0.003271 0.17727700000000002 0.022192999999999987 0.0070210000000000021 0 2
72 linear 1 23 0.46585900000000002 207.12049972561138 1 67 0.20719799999999999 0.010817 0.225241 0.0033769999999999998 0.00093000000000000005 0.002405 0.0089859999999999992 0.051028999999999998 0.032903000000000002 0 0.027265000000000001 0.00078700000000000005 0.00082600000000000002 0.00095500000000000001 0.0031960000000000001 0.16811400000000004 0.022593000000000002 0.0070250000000000035 0 3
72 linear 2 0 0.60155800000000004 1.8786934370111479 1 83 0.37640899999999999 0.012621 0.18095999999999995 0.0053210000000000002 0.0012759999999999998 0.0028639999999999998 0.011048000000000001 0.169326 0.076155 0 0.026498000000000001 0.00076000000000000004 0.00081900000000000007 0.0010679999999999999 0.0033649999999999995 0.098064999999999958 0.032392999999999977 0.0083050000000000034 0 0
72 linear 2 7 0.48537599999999997 1.7552685161896486 1 61 0.22086500000000001 0.0090539999999999995 0.23052400000000001 0.0039710000000000006 0.00098800000000000016 0.0028869999999999998 0.010843999999999999 0.055371999999999998 0.043485000000000003 0 0.026259000000000001 0.00078299999999999995 0.000571 0.001353 0.0030560000000000001 0.17128099999999993 0.021069999999999992 0.0060480000000000004 0 1
72 linear 2 15 0.46993800000000002 1.7552514032257387 1 61 0.202103 0.0087410000000000005 0.23477800000000004 0.0035500000000000002 0.000861 0.0024650000000000002 0.0098759999999999994 0.051083999999999997 0.032855000000000002 0 0.025670999999999999 0.00081999999999999998 0.00057399999999999997 0.0011379999999999999 0.0029730000000000004 0.17572899999999997 0.020810999999999986 0.0060340000000000029 0 2
72 linear 2 23 0.47653600000000002 1.7552343412524722 1 61 0.20816299999999999 0.0086979999999999991 0.23577700000000004 0.0033550000000000003 0.000794 0.0023019999999999998 0.0093240000000000007 0.050106999999999999 0.043996 0 0.025418 0.00077099999999999998 0.00062000000000000011 0.001075 0.0029230000000000003 0.176172 0.021426999999999981 0.0060510000000000034 0 3
72 linear 3 0 0.45668700000000001 1.5117186176355892 1 61 0.29951699999999998 0.0095680000000000001 0.12391500000000003 0.003424 0.000883 0.002366 0.010011000000000001 0.14658199999999999 0.034958000000000003 0 0.026183000000000001 0.00084000000000000003 0.00060800000000000003 0.0011689999999999999 0.0030110000000000007 0.068170999999999995 0.020587999999999992 0.0062930000000000026 0 0
72 linear 3 7 0.479578 1.51168406265072 1 61 0.200406 0.0093720000000000001 0.24595900000000001 0.0034309999999999996 0.00083000000000000001 0.0024350000000000001 0.0093419999999999996 0.049166000000000001 0.036324000000000002 0 0.025735000000000001 0.00075100000000000004 0.00058800000000000009 0.0010939999999999999 0.002993 0.18885400000000005 0.021873999999999973 0.0062810000000000019 0 1
72 linear 3 15 0.475163 1.5116445879492386 1 61 0.198408 0.009325 0.24311799999999995 0.0035180000000000003 0.00083600000000000005 0.0023530000000000001 0.0091760000000000001 0.051027999999999997 0.032709000000000002 0 0.025569999999999999 0.00075000000000000002 0.00059200000000000008 0.0010009999999999999 0.002954 0.18707699999999997 0.020826999999999998 0.0063090000000000038 0 2
72 linear 3 23 0.47450999999999999 1.5116051310576748 1 61 0.20034199999999999 0.0091140000000000006 0.24090199999999998 0.0034090000000000001 0.00075999999999999993 0.0023249999999999998 0.0094210000000000006 0.051013000000000003 0.031639 0 0.028561 0.00078299999999999995 0.00060899999999999995 0.00098900000000000008 0.0030869999999999999 0.18395000000000003 0.021316999999999985 0.0062900000000000031 0 3
72 linear 4 0 0.541153 2.0505101102269361 1 61 0.37811099999999997 0.010168 0.12887799999999996 0.003359 0.00091900000000000011 0.0025660000000000001 0.0098490000000000001 0.17621800000000001 0.083884 0 0.025769 0.00073300000000000004 0.00062799999999999998 0.0011050000000000001 0.0030020000000000003 0.07210900000000002 0.021404999999999993 0.0063110000000000015 0 0
72 linear 4 7 0.504637 2.0500376251739514 1 61 0.24576899999999999 0.0096460000000000001 0.22539200000000001 0.0033119999999999998 0.00083699999999999996 0.0024350000000000001 0.0097769999999999992 0.051174999999999998 0.076936000000000004 0 0.026192 0.00080999999999999996 0.00059399999999999991 0.0011280000000000001 0.002967 0.16853799999999994 0.021474999999999998 0.0063099999999999988 0 1
72 linear 4 15 0.50420399999999999 2.0494986943940097 1 61 0.26087700000000003 0.0093360000000000005 0.21016299999999996 0.0034630000000000004 0.00078600000000000002 0.0022759999999999998 0.0091970000000000003 0.051097999999999998 0.094097 0 0.025724 0.00074899999999999999 0.00061399999999999996 0.001039 0.0029759999999999995 0.15336600000000003 0.021578999999999984 0.0062880000000000019 0 2
72 linear 4 23 0.54622800000000005 2.0489608824027479 1 61 0.26263599999999998 0.0098840000000000004 0.24907699999999997 0.003787 0.00083700000000000007 0.0022899999999999999 0.0090159999999999997 0.053853999999999999 0.092693999999999999 0 0.025954999999999999 0.00072999999999999996 0.00064000000000000005 0.001155 0.0029950000000000003 0.192218 0.020915999999999987 0.0063050000000000007 0 3
72 uniform 0 0 0.39319199999999999 675.25780814181655 1 59 0.29508699999999999 0.009129 0.070543999999999968 0.003078 0.00092999999999999995 0.002885 0.011053 0.14712500000000001 0.021728000000000001 0 0.026359 0.00091299999999999997 0.00060299999999999991 0.001232 0.0033149999999999994 0.044727000000000003 0.016921999999999989 0 0 0
72 uniform 0 7 0.40542299999999998 683.50472271435285 1 59 0.18754100000000001 0.0087519999999999994 0.19069799999999998 0.0027890000000000002 0.00084199999999999998 0.0027200000000000002 0.010319 0.043020000000000003 0.023921000000000001 0 0.026180999999999999 0.000843 0.00061499999999999999 0.001173 0.0032339999999999999 0.16529100000000005 0.016545999999999995 0 0 1
72 uniform 0 15 0.39303100000000002 680.91708329028108 1 59 0.179593 0.0089680000000000003 0.18654399999999996 0.0025649999999999996 0.00073899999999999997 0.0024989999999999999 0.0098750000000000001 0.041537999999999999 0.021062000000000001 0 0.026467999999999998 0.00072499999999999995 0.00064899999999999995 0.0009990000000000001 0.0031769999999999997 0.16109600000000007 0.016571000000000006 0 0 2
72 uniform 0 23 0.39943400000000001 665.42737044848059 1 59 0.17513699999999999 0.0086920000000000001 0.19737400000000002 0.0025299999999999997 0.00079199999999999995 0.0023869999999999998 0.0096439999999999998 0.038781000000000003 0.021021999999999999 0 0.025857000000000002 0.00075699999999999997 0.00064000000000000005 0.00094899999999999997 0.003045 0.17177300000000001 0.016626000000000009 0 0 3
72 uniform 1 0 0.47462399999999999 205.35870594627221 1 67 0.34920600000000002 0.012886 0.088626999999999997 0.0036089999999999998 0.001026 0.0028999999999999998 0.011644 0.17888499999999999 0.035242999999999997 0 0.026176000000000001 0.00074399999999999998 0.00082100000000000012 0.0011150000000000001 0.0037899999999999995 0.054526999999999978 0.023541000000000003 0 0 0
72 uniform 1 7 0.51898500000000003 206.79649104005887 1 67 0.21773999999999999 0.012467000000000001 0.261911 0.0035450000000000004 0.0010250000000000001 0.002849 0.01192 0.052439 0.034582000000000002 0 0.025895000000000001 0.00073700000000000002 0.000834 0.00096900000000000003 0.0035849999999999996 0.20686500000000002 0.039389000000000021 0 0 1
72 uniform 1 15 0.45828000000000002 207.29319836178578 1 67 0.212395 0.012655 0.21065500000000009 0.0029989999999999999 0.00099099999999999991 0.002542 0.010933 0.052547999999999997 0.034548000000000002 0 0.025793 0.00071100000000000004 0.00082399999999999997 0.00098299999999999993 0.0035210000000000007 0.17831299999999997 0.022276999999999998 0 0 2
72 uniform 1 23 0.44287100000000001 206.37148245842491 1 67 0.20413999999999999 0.010753 0.20548899999999998 0.0030949999999999997 0.00097400000000000004 0.002366 0.0089709999999999998 0.050980999999999999 0.031466000000000001 0 0.025773000000000001 0.00081099999999999998 0.00081800000000000004 0.00094499999999999998 0.0031289999999999994 0.17280300000000007 0.022624000000000002 0 0 3
72 uniform 2 0 0.53445799999999999 1.943569672143479 1 67 0.37407499999999999 0.012444999999999999 0.12418700000000001 0.00331 0.001116 0.0027910000000000001 0.011068 0.16943900000000001 0.074594999999999995 0 0.026397 0.00079799999999999999 0.000785 0.001067 0.0033340000000000006 0.087393000000000012 0.026820000000000014 0 0 0
72 uniform 2 7 0.39415600000000001 1.7552685519228721 1 45 0.213612 0.0090469999999999995 0.15184699999999993 0.0038379999999999998 0.00075299999999999998 0.002611 0.010451999999999999 0.050561000000000002 0.041867000000000001 0 0.026391999999999999 0.00081300000000000003 0.00059800000000000001 0.001294 0.0030769999999999999 0.12954399999999996 0.015579999999999998 0 0 1
72 uniform 2 15 0.37923000000000001 1.7552514389534259 1 45 0.201824 0.0087910000000000002 0.15108300000000002 0.0022829999999999999 0.00066500000000000001 0.002614 0.010175999999999999 0.051222999999999998 0.031987000000000002 0 0.025887 0.00079699999999999997 0.00058900000000000001 0.001103 0.0029800000000000004 0.12949499999999997 0.014877 0 0 2
72 uniform 2 23 0.38063200000000003 1.7552343769761143 1 45 0.20355000000000001 0.0087729999999999995 0.15101899999999999 0.002284 0.00060599999999999998 0.002382 0.0094199999999999996 0.048314999999999997 0.041536999999999998 0 0.025457 0.00074200000000000004 0.00063400000000000001 0.00099799999999999997 0.0029610000000000005 0.128688 0.015599999999999994 0 0 3
72 uniform 3 0 0.40373599999999998 1.5117186404761564 1 45 0.29808000000000001 0.0097260000000000003 0.078465999999999994 0.0022630000000000003 0.00067600000000000006 0.0022880000000000001 0.0097059999999999994 0.146201 0.034768 0 0.026124000000000001 0.00083199999999999995 0.00060300000000000002 0.0011069999999999999 0.0030920000000000001 0.056720999999999994 0.014963999999999996 0 0 0
72 uniform 3 7 0.39898699999999998 1.5116840854884988 1 45 0.19462299999999999 0.0093279999999999995 0.17765299999999998 0.0022050000000000004 0.00061200000000000002 0.0023909999999999999 0.0092259999999999998 0.049306999999999997 0.031321000000000002 0 0.025176 0.00079799999999999999 0.00058500000000000002 0.00099299999999999996 0.0029880000000000002 0.15440899999999999 0.016204999999999994 0 0 1
72 uniform 3 15 0.40004099999999998 1.5116446107843893 1 45 0.19681100000000001 0.0092589999999999999 0.17646299999999998 0.0022390000000000001 0.00068599999999999998 0.0022269999999999998 0.0090609999999999996 0.050970000000000001 0.032535000000000001 0 0.025253999999999999 0.00075600000000000005 0.00060400000000000004 0.0010920000000000001 0.0028830000000000001 0.15420200000000001 0.01519 0 0 2
72 uniform 3 23 0.39520499999999997 1.5116051538869246 1 45 0.200012 0.0095919999999999998 0.16790199999999994 0.0023189999999999999 0.00063999999999999994 0.0023110000000000001 0.0092510000000000005 0.051003 0.032765000000000002 0 0.025520999999999999 0.00076499999999999995 0.00066399999999999999 0.001124 0.0031380000000000002 0.14524799999999999 0.015827999999999995 0 0 3
72 uniform 4 0 0.49027599999999999 2.0505107458062768 1 45 0.38111699999999998 0.010245000000000001 0.081288000000000013 0.0022730000000000003 0.00074200000000000004 0.002431 0.0098320000000000005 0.17624899999999999 0.086578000000000002 0 0.025780999999999998 0.00073099999999999999 0.00060800000000000003 0.0011329999999999999 0.0030349999999999999 0.058347000000000003 0.01609 0 0 0
72 uniform 4 7 0.42214699999999999 2.0500382589228887 1 45 0.245339 0.0097859999999999996 0.149565 0.0022429999999999998 0.00069700000000000003 0.0023930000000000002 0.0094990000000000005 0.053328 0.075304999999999997 0 0.025693000000000001 0.00070399999999999998 0.00059800000000000001 0.001129 0.0030160000000000005 0.12680300000000003 0.015947999999999997 0 0 1
72 uniform 4 15 0.41821399999999997 2.0494993260585681 1 45 0.26290999999999998 0.0093670000000000003 0.12860899999999997 0.0021989999999999996 0.00066100000000000013 0.002238 0.0091889999999999993 0.051193000000000002 0.096906000000000006 0 0.025489000000000001 0.00075900000000000002 0.00058199999999999994 0.001067 0.0030509999999999999 0.105848 0.015979000000000004 0 0 2
72 uniform 4 23 0.45907199999999998 2.0489615119977729 1 45 0.26493299999999997 0.0098910000000000005 0.166939 0.0022599999999999999 0.00059100000000000005 0.0022169999999999998 0.0087799999999999996 0.051095000000000002 0.095448000000000005 0 0.030053 0.00072199999999999999 0.00061899999999999998 0.001016 0.0029330000000000003 0.145033 0.015125 0 0 3
73 linear 0 0 0.53800199999999998 8.3681928552385862 1 97 0.347746 0.011838 0.143043 0.0065310000000000003 0.0013799999999999999 0.002977 0.011093 0.174316 0.034657 0 0.026041999999999999 0.00084500000000000005 0.0048929999999999998 0.001109 0.0037749999999999993 0.058833000000000003 0.044722999999999992 0.013071000000000003 0 0
73 linear 0 7 0.42227999999999999 9.2919612559143232 1 89 0.220081 0.01149 0.15981800000000004 0.0051980000000000004 0.0012329999999999999 0.0028449999999999999 0.010196 0.051540999999999997 0.033651 0 0.025735000000000001 0.00077800000000000005 0.0045040000000000002 0.001077 0.0035770000000000003 0.083655000000000007 0.042321999999999985 0.012364000000000002 0 1
73 linear 0 15 0.41986299999999999 10.426923705856417 1 97 0.21318899999999999 0.011228 0.16203899999999993 0.005672 0.0014480000000000001 0.00248 0.0095340000000000008 0.052277999999999998 0.033402000000000001 0 0.025637 0.00071000000000000002 0.0043489999999999996 0.00096100000000000005 0.0035589999999999992 0.079579999999999998 0.043822000000000021 0.014686000000000003 0 2
73 linear 0 23 0.417937 11.840992943345928 1 81 0.20935999999999999 0.011011 0.16671999999999992 0.0044840000000000001 0.0010580000000000001 0.0024120000000000001 0.0092680000000000002 0.053165999999999998 0.031741999999999999 0 0.025177999999999999 0.00069800000000000005 0.0045240000000000002 0.00093499999999999996 0.0033680000000000003 0.07541100000000002 0.036648 0.013643999999999998 0 3
73 linear 1 0 0.84066700000000005 688.18418371518726 1 112 0.53225599999999995 0.0072220000000000001 0.26426399999999989 0.0070359999999999997 0.00175 0.0029619999999999998 0.011049 0.15664900000000001 0.022995000000000002 0 0.027144999999999999 0.00087100000000000003 0.22053200000000001 0.00096000000000000002 0.0032520000000000001 0.12676700000000002 0.052324999999999997 0.020791999999999988 0 0
73 linear 1 7 0.83387900000000004 640.94558164673208 1 135 0.29383300000000001 0.010272 0.48121100000000022 0.00877 0.0018089999999999998 0.002941 0.011712999999999999 0.023567000000000001 0.022568999999999999 0 0.028004999999999999 0.00099099999999999991 0.108832 0.00094200000000000002 0.0034230000000000003 0.32228700000000005 0.060889999999999986 0.024369999999999978 0 1
73 linear 1 15 0.90515500000000004 585.16069676787617 1 135 0.37099799999999999 0.010153000000000001 0.47680199999999984 0.0080770000000000008 0.0017530000000000002 0.0027590000000000002 0.010976 0.022318999999999999 0.022697999999999999 0 0.027966999999999999 0.00091799999999999998 0.18749500000000002 0.00085400000000000005 0.003235 0.31643700000000019 0.061607999999999975 0.024479000000000004 0 2
73 linear 1 23 0.88529899999999995 522.4062336034234 1 134 0.382137 0.010111 0.44692199999999976 0.0075220000000000009 0.0017700000000000001 0.0024099999999999998 0.010569 0.022268 0.022596999999999999 0 0.028438999999999999 0.00078100000000000001 0.202621 0.00083900000000000001 0.0036260000000000003 0.29138199999999992 0.059430999999999977 0.024205999999999991 0 3
73 linear 2 0 0.57330999999999999 10.286573956461389 1 104 0.37142199999999997 0.013416000000000001 0.15007099999999998 0.0068609999999999999 0.001717 0.0028839999999999998 0.011069000000000001 0.19320899999999999 0.035144000000000002 0 0.027054999999999999 0.00079299999999999998 0.0046560000000000004 0.001134 0.0040879999999999996 0.060647000000000006 0.046446000000000015 0.014297000000000004 0 0
73 linear 2 7 0.46104899999999999 10.113033441262282 1 104 0.22050900000000001 0.012964 0.19105799999999995 0.0059740000000000001 0.0014949999999999998 0.002869 0.011372 0.053532999999999997 0.034266999999999999 0 0.025780999999999998 0.00089700000000000001 0.0042490000000000002 0.00097999999999999997 0.0037080000000000008 0.103085 0.045217999999999939 0.014311999999999993 0 1
73 linear 2 15 0.456376 9.6844398153944944 1 120 0.212309 0.012684000000000001 0.19100399999999998 0.0068820000000000001 0.0017570000000000003 0.002562 0.010766 0.046900999999999998 0.035007000000000003 0 0.025089 0.00081800000000000004 0.0041180000000000001 0.001 0.0036409999999999997 0.091528999999999999 0.054478000000000019 0.016274999999999994 0 2
73 linear 2 23 0.46602900000000003 9.120572103062079 1 112 0.217941 0.014475 0.19424399999999997 0.0065150000000000008 0.0014890000000000003 0.0024729999999999999 0.0093439999999999999 0.052649000000000001 0.031514 0 0.025255 0.00071299999999999998 0.0057939999999999997 0.00075900000000000002 0.0035599999999999998 0.10088699999999995 0.049288999999999958 0.014862999999999998 0 3
73 linear 3 0 0.45714300000000002 2.7110388913342458 1 61 0.34316999999999998 0.0085120000000000005 0.08058300000000003 0.0041000000000000003 0.00085599999999999999 0.0026440000000000001 0.010123 0.17477799999999999 0.042791999999999997 0 0.026314000000000001 0.00070600000000000003 0.0027260000000000001 0.0012719999999999999 0.0032360000000000006 0.03650599999999999 0.019746 0.0070240000000000042 0 0
73 linear 3 7 0.35639399999999999 2.6954215347972488 1 61 0.21889600000000001 0.0084480000000000006 0.103989 0.0040119999999999999 0.00085300000000000013 0.0026090000000000002 0.0096249999999999999 0.055612000000000002 0.041432999999999998 0 0.025874999999999999 0.00080500000000000005 0.002679 0.0012869999999999999 0.0032829999999999999 0.057068000000000008 0.02290300000000001 0.0069900000000000014 0 1
73 linear 3 15 0.33290999999999998 2.6782231779509371 1 61 0.19645699999999999 0.0082410000000000001 0.103447 0.0038050000000000002 0.00079900000000000001 0.0023930000000000002 0.0089130000000000008 0.047453000000000002 0.030995000000000002 0 0.025384 0.00066699999999999995 0.0025850000000000001 0.0010629999999999999 0.0031289999999999998 0.057918999999999977 0.021433999999999977 0.0070459999999999993 0 2
73 linear 3 23 0.33354699999999998 2.661739113075249 1 61 0.20208599999999999 0.0083459999999999993 0.099268999999999982 0.0036129999999999999 0.00071299999999999998 0.0022169999999999998 0.0088179999999999994 0.052615000000000002 0.030796 0 0.025028999999999999 0.000754 0.0025490000000000001 0.0010889999999999999 0.0030230000000000001 0.053784000000000012 0.021437000000000001 0.0069879999999999994 0 3
73 linear 4 0 0.44101899999999999 2.6088680771107047 1 61 0.32309900000000003 0.008208 0.085039999999999977 0.0038180000000000002 0.001003 0.0027759999999999998 0.0099279999999999993 0.177949 0.021073999999999999 0 0.026808999999999999 0.00079799999999999999 0.0030360000000000001 0.0010369999999999999 0.0031440000000000001 0.038076999999999993 0.023495000000000002 0.0070160000000000023 0 0
73 linear 4 7 0.32106600000000002 2.5637961307434143 1 61 0.18418000000000001 0.0080700000000000008 0.10459500000000002 0.0036080000000000001 0.00089700000000000001 0.0026819999999999999 0.009691 0.044090999999999998 0.020898 0 0.025617000000000001 0.00073399999999999995 0.0029220000000000001 0.0010640000000000001 0.0031270000000000009 0.059075999999999997 0.022157999999999997 0.0070320000000000018 0 1
73 linear 4 15 0.33108599999999999 2.5166791773907806 1 61 0.193046 0.0080359999999999997 0.10622500000000004 0.0034530000000000003 0.00089700000000000001 0.0024520000000000002 0.0093880000000000005 0.052079 0.022364999999999999 0 0.025769 0.00067500000000000004 0.0029389999999999998 0.00099200000000000004 0.003037999999999999 0.061812999999999993 0.02103 0.0070240000000000016 0 2
73 linear 4 23 0.432556 2.4736001568459249 1 61 0.28950199999999998 0.0083700000000000007 0.10925200000000003 0.0043470000000000002 0.00081399999999999994 0.002516 0.0091520000000000004 0.04299 0.022589000000000001 0 0.025891000000000001 0.00071000000000000002 0.10607999999999999 0.001077 0.0030379999999999999 0.064888000000000001 0.021034000000000011 0.0070210000000000012 0 3
73 uniform 0 0 0.49413499999999999 8.403763010601951 1 89 0.34012199999999998 0.011762999999999999 0.11098599999999996 0.0049519999999999998 0.001235 0.002614 0.0095300000000000003 0.17378299999999999 0.033874000000000001 0 0.028017 0.00073200000000000001 0.004594 0.0010269999999999999 0.0035599999999999998 0.056314000000000003 0.040578999999999983 0 0 0
73 uniform 0 7 0.40035900000000002 9.2609244400362378 1 89 0.21049799999999999 0.011259999999999999 0.14733200000000005 0.0047020000000000005 0.00124 0.0024650000000000002 0.0091210000000000006 0.051422000000000002 0.033466999999999997 0 0.024941000000000001 0.00070100000000000002 0.0044380000000000001 0.00093300000000000002 0.0034710000000000001 0.093099999999999988 0.040133000000000002 0 0 1
73 uniform 0 15 0.38978699999999999 10.35023714140007 1 89 0.21132200000000001 0.011138 0.13707700000000003 0.0044590000000000003 0.0012720000000000001 0.0022799999999999999 0.0089669999999999993 0.052264999999999999 0.034207000000000001 0 0.024871000000000001 0.00069300000000000004 0.0043060000000000008 0.00091200000000000005 0.0033709999999999999 0.082564999999999958 0.040343999999999991 0 0 2
73 uniform 0 23 0.37531300000000001 11.773390640058475 1 81 0.21109600000000001 0.011212 0.12540299999999999 0.0039240000000000004 0.00095600000000000004 0.0023149999999999998 0.0088640000000000004 0.053323000000000002 0.034169999999999999 0 0.024891 0.00069399999999999996 0.004535 0.00087699999999999996 0.0033660000000000001 0.075723000000000026 0.036749999999999998 0 0 3
73 uniform 1 0 0.79523900000000003 672.38554488356931 1 120 0.53963799999999995 0.0072960000000000004 0.21072899999999994 0.0068300000000000001 0.0015570000000000002 0.0028310000000000002 0.010995 0.15650500000000001 0.025499000000000001 0 0.027664999999999999 0.00089899999999999995 0.22120900000000002 0.00094499999999999998 0.0032250000000000004 0.13248400000000005 0.056438999999999961 0 0 0
73 uniform 1 7 0.746282 629.63375346746011 1 127 0.29164600000000002 0.010433 0.39989900000000006 0.0074420000000000007 0.001593 0.0027179999999999999 0.010682000000000001 0.023529999999999999 0.024279999999999999 0 0.027439000000000002 0.00090499999999999999 0.10905300000000001 0.00089099999999999997 0.003359 0.32021600000000006 0.056837999999999944 0 0 1
73 uniform 1 15 0.80897600000000003 582.35366457320481 1 127 0.36518499999999998 0.0099159999999999995 0.39068800000000004 0.0070049999999999999 0.0014779999999999997 0.0025140000000000002 0.010299000000000001 0.022030000000000001 0.022601 0 0.027481999999999999 0.00091399999999999999 0.18736499999999998 0.00090200000000000002 0.0032390000000000001 0.31064099999999989 0.057536999999999922 0 0 2
73 uniform 1 23 0.81395899999999999 528.99326715513075 1 134 0.381795 0.010629 0.37466800000000006 0.0079469999999999992 0.001812 0.002405 0.010068000000000001 0.022148999999999999 0.022518 0 0.028375000000000001 0.000812 0.19831199999999999 0.00088999999999999995 0.0035650000000000005 0.29121600000000009 0.060008999999999944 0 0 3
73 uniform 2 0 0.52709899999999998 10.29195085298903 1 96 0.368008 0.012291 0.11347600000000002 0.0049979999999999998 0.001356 0.002941 0.011075 0.19350600000000001 0.032051999999999997 0 0.027154999999999999 0.000812 0.0042690000000000002 0.001091 0.0037059999999999992 0.056951000000000022 0.041396999999999989 0 0 0
73 uniform 2 7 0.42005399999999998 10.211702799535136 1 104 0.21459600000000001 0.011464 0.15876199999999988 0.0051580000000000003 0.001531 0.0029229999999999998 0.010248 0.052484000000000003 0.031635000000000003 0 0.02597 0.00075299999999999998 0.0041259999999999995 0.00094300000000000004 0.0034820000000000007 0.09680699999999999 0.045471999999999978 0 0 1
73 uniform 2 15 0.40552100000000002 9.8500899295711264 1 112 0.20415900000000001 0.011212 0.15322999999999998 0.0056310000000000006 0.0014579999999999999 0.002591 0.009757 0.045398000000000001 0.031538999999999998 0 0.025304 0.00077499999999999997 0.0041120000000000002 0.001005 0.003251 0.08553700000000003 0.04998699999999999 0 0 2
73 uniform 2 23 0.40657100000000002 9.1950974103139718 1 96 0.21762400000000001 0.014468 0.14139100000000004 0.0045739999999999991 0.001266 0.0025669999999999998 0.0096190000000000008 0.052502 0.031413999999999997 0 0.025107999999999998 0.00071400000000000001 0.0057810000000000005 0.00068999999999999997 0.0035850000000000005 0.082053999999999988 0.044032000000000002 0 0 3
73 uniform 3 0 0.421344 2.7145927345919203 1 45 0.34499299999999999 0.008848 0.048614000000000004 0.0028029999999999999 0.00072999999999999996 0.0027390000000000001 0.010408000000000001 0.17455200000000001 0.042685000000000001 0 0.026764 0.00080000000000000004 0.0028859999999999997 0.001284 0.0034429999999999999 0.027602000000000005 0.014236 0 0 0
73 uniform 3 7 0.31042700000000001 2.6988064334587021 1 45 0.22076999999999999 0.0081949999999999992 0.063655000000000003 0.0024230000000000002 0.0006420000000000001 0.0025500000000000002 0.0099290000000000003 0.058866000000000002 0.041363999999999998 0 0.025336999999999998 0.00079199999999999995 0.0025640000000000003 0.001248 0.0031909999999999998 0.041591999999999997 0.015295 0 0 1
73 uniform 3 15 0.29196299999999997 2.6814241349891592 1 45 0.19992299999999999 0.0092899999999999996 0.064722999999999989 0.0024169999999999999 0.00063600000000000006 0.002493 0.0088319999999999996 0.047319 0.033597000000000002 0 0.025245 0.00078600000000000002 0.0026310000000000001 0.0010640000000000001 0.0033270000000000001 0.042131000000000002 0.015649999999999994 0 0 2
73 uniform 3 23 0.29665200000000003 2.6647658251167043 1 45 0.20563500000000001 0.008208 0.064972999999999989 0.0022959999999999999 0.00059700000000000009 0.0023860000000000001 0.010118 0.053572000000000002 0.033624000000000001 0 0.025124 0.00080099999999999995 0.002555 0.0010549999999999999 0.0032829999999999995 0.043616000000000002 0.014436000000000001 0 0 3
73 uniform 4 0 0.42226399999999997 2.6114994484393073 1 45 0.34237899999999999 0.0083490000000000005 0.053374999999999992 0.0023960000000000001 0.00081800000000000004 0.002895 0.011383000000000001 0.182868 0.024517000000000001 0 0.028518999999999999 0.00088199999999999997 0.0032709999999999996 0.0010560000000000001 0.0035139999999999998 0.029517999999999999 0.016853 0 0 0
73 uniform 4 7 0.291404 2.5660907744544437 1 45 0.19156799999999999 0.0083059999999999991 0.073456000000000049 0.002362 0.00068700000000000011 0.0026689999999999999 0.010956 0.045519999999999998 0.024277 0 0.025665 0.00078200000000000003 0.0029569999999999996 0.0010679999999999999 0.0034350000000000001 0.050086000000000006 0.016352000000000005 0 0 1
73 uniform 4 15 0.293435 2.5186616975518397 1 45 0.19989899999999999 0.0081880000000000008 0.066960999999999979 0.0025650000000000004 0.00068499999999999995 0.002418 0.010630000000000001 0.051602000000000002 0.024323999999999998 0 0.025897 0.00072999999999999996 0.0029399999999999999 0.0010480000000000001 0.0030740000000000003 0.045360999999999992 0.014840000000000002 0 0 2
73 uniform 4 23 0.38538 2.4753298214497366 1 45 0.28770200000000001 0.0082529999999999999 0.071867 0.0023390000000000004 0.00059800000000000001 0.0025230000000000001 0.0090150000000000004 0.043047000000000002 0.020798000000000001 0 0.02861 0.00074799999999999997 0.10599499999999999 0.000968 0.0030120000000000004 0.050492000000000002 0.014611999999999993 0 0 3
74 linear 0 0 1.188185 635.70018331907909 1 99 0.77027299999999999 0.008907 0.37450099999999986 0.0085090000000000009 0.001062 0.0029369999999999999 0.010899000000000001 0.178929 0.13642099999999999 0 0.026564999999999998 0.00085400000000000005 0.32018000000000002 0.0012130000000000001 0.0034100000000000007 0.19875200000000004 0.085136000000000073 0.017989000000000005 0 0
74 linear 0 7 1.1696800000000001 637.63267966917044 1 99 0.75280800000000003 0.00894 0.37410999999999989 0.0077249999999999992 0.00080799999999999991 0.002934 0.010784 0.051249999999999997 0.135795 0 0.026908000000000001 0.00081999999999999998 0.43277200000000005 0.0012800000000000001 0.0036110000000000001 0.19893000000000008 0.085230000000000083 0.017975999999999995 0 1
74 linear 0 15 1.022913 639.83871086200145 1 99 0.60213799999999995 0.0089119999999999998 0.37964799999999999 0.0068360000000000001 0.00077300000000000003 0.0028909999999999999 0.010174000000000001 0.051201999999999998 0.147789 0 0.026002999999999998 0.00080199999999999998 0.27505400000000002 0.0011540000000000001 0.0033750000000000008 0.203509 0.085377000000000008 0.017875999999999996 0 2
74 linear 0 23 1.0632079999999999 642.04187182173052 1 99 0.65217199999999997 0.0086250000000000007 0.37014599999999992 0.0065699999999999995 0.00091200000000000005 0.0025539999999999998 0.0096830000000000006 0.051112999999999999 0.14790600000000001 0 0.026054999999999998 0.00087900000000000001 0.32251000000000002 0.0011310000000000001 0.0031669999999999997 0.19645900000000002 0.084017000000000036 0.017935000000000006 0 3
74 linear 1 0 0.54282900000000001 25.546765950950917 1 75 0.33895599999999998 0.012463 0.16436500000000001 0.0046580000000000007 0.001225 0.0029810000000000001 0.011639 0.167237 0.037817000000000003 0 0.026835000000000001 0.00086600000000000002 0.00081599999999999999 0.0011900000000000001 0.0035969999999999995 0.092100999999999988 0.028275999999999978 0.0077260000000000028 0 0
74 linear 1 7 0.54612000000000005 21.211893904118561 1 75 0.20780699999999999 0.012352999999999999 0.29964199999999996 0.0041570000000000001 0.001147 0.0026819999999999999 0.010541 0.045379999999999997 0.033849999999999998 0 0.026308999999999999 0.00090600000000000001 0.00080799999999999991 0.0011180000000000001 0.0033429999999999996 0.22732399999999994 0.02881899999999998 0.0077229999999999998 0 1
74 linear 1 15 0.53700599999999998 16.210615569424426 1 75 0.20904200000000001 0.011975 0.28998000000000002 0.0040179999999999999 0.0011669999999999999 0.0025439999999999998 0.0097879999999999998 0.048930000000000001 0.036667999999999999 0 0.025517999999999999 0.00080500000000000005 0.00077899999999999996 0.0010200000000000001 0.0033649999999999999 0.21609399999999993 0.030515999999999988 0.0077260000000000037 0 2
74 linear 1 23 0.57479800000000003 11.263239547457387 1 75 0.215395 0.012399 0.320801 0.0040420000000000005 0.0010860000000000002 0.0023549999999999999 0.0096570000000000007 0.048994999999999997 0.044427000000000001 0 0.025512 0.00078200000000000003 0.00080799999999999991 0.00098900000000000008 0.003313 0.24811199999999986 0.029298999999999974 0.0077170000000000042 0 3
74 linear 2 0 0.51968800000000004 329.05316122175509 1 83 0.29649199999999998 0.011339999999999999 0.18302700000000002 0.0054540000000000005 0.00115 0.0027529999999999998 0.011367 0.14468800000000001 0.021321 0 0.026301000000000001 0.00083600000000000005 0.00080400000000000003 0.0010430000000000001 0.0034500000000000004 0.10833000000000001 0.026765999999999977 0.0086750000000000022 0 0
74 linear 2 7 0.60659099999999999 315.39112323011761 1 99 0.19001699999999999 0.014171 0.36256099999999986 0.0066569999999999997 0.00141 0.00281 0.011183999999999999 0.036297000000000003 0.020990999999999999 0 0.026322000000000002 0.00085999999999999998 0.00099600000000000014 0.00077999999999999999 0.0034039999999999999 0.26006699999999999 0.032504999999999978 0.0095059999999999988 0 1
74 linear 2 15 0.593615 306.03791617722732 1 99 0.18401699999999999 0.01342 0.35797799999999985 0.0059819999999999995 0.001191 0.0025769999999999999 0.010008 0.035958999999999998 0.020459999999999999 0 0.025496999999999999 0.000843 0.0010040000000000001 0.00068400000000000004 0.0034859999999999995 0.25721399999999994 0.032114999999999984 0.0096450000000000008 0 2
74 linear 2 23 0.58666399999999996 298.90551259087727 1 99 0.181481 0.013122999999999999 0.34981699999999993 0.0058639999999999994 0.0013090000000000001 0.0024220000000000001 0.0092169999999999995 0.035894000000000002 0.020759 0 0.024961000000000001 0.00078399999999999997 0.00099500000000000001 0.00080500000000000005 0.0034159999999999993 0.24789500000000009 0.032530999999999977 0.0097959999999999974 0 3
74 linear 3 0 0.763073 245.83993885334212 1 45 0.62683699999999998 0.0069230000000000003 0.11185099999999999 0.0024790000000000003 0.00065400000000000007 0.0029650000000000002 0.012070000000000001 0.190079 0.075019000000000002 0 0.025656000000000002 0.00080199999999999998 0.235709 0.0014779999999999999 0.0030449999999999995 0.063794999999999977 0.013897999999999997 0.0041760000000000009 0 0
74 linear 3 7 0.67921399999999998 246.63569186638301 1 45 0.49792999999999998 0.0066579999999999999 0.15630499999999992 0.0031479999999999998 0.00055499999999999994 0.0023969999999999998 0.010128 0.051652000000000003 0.084751000000000007 0 0.025534999999999999 0.00080599999999999997 0.24207700000000001 0.001323 0.003091 0.10868600000000002 0.013537999999999993 0.0041690000000000008 0 1
74 linear 3 15 0.60613099999999998 247.54994401414686 1 45 0.425651 0.0064989999999999996 0.15645599999999998 0.0026939999999999998 0.00052899999999999996 0.0027030000000000001 0.01004 0.048312000000000001 0.073918999999999999 0 0.028829 0.00077200000000000001 0.18299000000000001 0.0011069999999999999 0.0030199999999999997 0.10907799999999999 0.013615 0.0041470000000000005 0 2
74 linear 3 23 0.61021599999999998 248.46936145318185 1 45 0.41771599999999998 0.0063889999999999997 0.16902399999999998 0.0024529999999999999 0.0005260000000000001 0.0023379999999999998 0.0088979999999999997 0.051711 0.094636999999999999 0 0.024919 0.00067400000000000001 0.15889300000000001 0.001176 0.00297 0.12163500000000003 0.013536000000000003 0.0041710000000000011 0 3
74 linear 4 0 0.44349100000000002 7.542070421306228 1 61 0.29218899999999998 0.0085859999999999999 0.11835499999999997 0.003666 0.00089700000000000001 0.0025439999999999998 0.01095 0.14500299999999999 0.023030999999999999 0 0.026626 0.00081800000000000004 0.00059400000000000002 0.00132 0.0030670000000000003 0.066352999999999981 0.01959099999999999 0.0065350000000000035 0 0
74 linear 4 7 0.41880000000000001 7.5405219075239023 1 61 0.17751500000000001 0.0082299999999999995 0.20901899999999998 0.003542 0.00078600000000000002 0.0025569999999999998 0.010201 0.036131000000000003 0.022502000000000001 0 0.026123 0.000754 0.00060599999999999998 0.001085 0.0031079999999999997 0.15602600000000003 0.020660999999999992 0.0065579999999999996 0 1
74 linear 4 15 0.414163 7.538753637276896 1 61 0.17804300000000001 0.0081980000000000004 0.20357699999999998 0.00364 0.00081900000000000007 0.0023149999999999998 0.009809 0.040319000000000001 0.022598 0 0.025485000000000001 0.000803 0.00061600000000000001 0.00098999999999999999 0.0030490000000000001 0.151061 0.020516 0.0065409999999999999 0 2
74 linear 4 23 0.42219899999999999 7.5369869219519057 1 61 0.176926 0.0081080000000000006 0.2129649999999999 0.0034839999999999997 0.00087500000000000002 0.0023800000000000002 0.0097400000000000004 0.035864 0.022579999999999999 0 0.026245000000000001 0.00074799999999999997 0.00059699999999999998 0.0011230000000000001 0.0031319999999999998 0.16155700000000001 0.019248000000000001 0.0065530000000000033 0 3
74 uniform 0 0 1.3451930000000001 607.5215112150172 1 163 0.77349400000000001 0.0088990000000000007 0.5055489999999998 0.017817 0.001346 0.0029229999999999998 0.011279000000000001 0.18343899999999999 0.13653000000000001 0 0.026515 0.00083500000000000002 0.31737100000000001 0.00116 0.0033810000000000003 0.32088699999999987 0.15344199999999958 0 0 0
74 uniform 0 7 1.3122990000000001 609.27480851499661 1 163 0.74742699999999995 0.0088199999999999997 0.49861000000000005 0.016955999999999999 0.00097100000000000007 0.0029459999999999998 0.010893999999999999 0.051164000000000001 0.13619999999999999 0 0.027102000000000001 0.00086600000000000002 0.42726200000000003 0.0012099999999999999 0.0035039999999999997 0.31295900000000004 0.15457699999999971 0 0 1
74 uniform 0 15 1.1653119999999999 611.276762768136 1 163 0.59826500000000005 0.0089789999999999991 0.50354999999999994 0.014932000000000001 0.00088499999999999994 0.0027789999999999998 0.010489999999999999 0.051242000000000003 0.14613000000000001 0 0.025897 0.00081300000000000003 0.27348899999999998 0.001178 0.0033069999999999996 0.31510299999999991 0.15565799999999957 0 0 2
74 uniform 0 23 1.2324980000000001 613.2766661962944 1 163 0.65146499999999996 0.0096509999999999999 0.51467200000000002 0.015781 0.00091700000000000017 0.0025730000000000002 0.0098989999999999998 0.051028999999999998 0.14702100000000001 0 0.025662999999999998 0.000776 0.32451799999999997 0.001057 0.0035439999999999998 0.32344299999999993 0.15900000000000047 0 0 3
74 uniform 1 0 0.52160200000000001 26.794699933169035 1 75 0.34509699999999999 0.013948 0.13508200000000001 0.0043950000000000005 0.001103 0.0030010000000000002 0.012474000000000001 0.17178299999999999 0.035673999999999997 0 0.026550000000000001 0.00082200000000000003 0.00086000000000000009 0.001219 0.003882 0.094370999999999997 0.029036999999999997 0 0 0
74 uniform 1 7 0.51339699999999999 22.779300079512545 1 75 0.208644 0.012373 0.26645700000000011 0.0035499999999999993 0.0010009999999999999 0.0027339999999999999 0.011618 0.046885999999999997 0.031524000000000003 0 0.026152999999999999 0.00084099999999999995 0.00080599999999999997 0.0011039999999999999 0.0033799999999999998 0.22660799999999998 0.028646999999999978 0 0 1
74 uniform 1 15 0.49930099999999999 17.968882354231145 1 75 0.204093 0.012114 0.25739800000000002 0.0034560000000000003 0.00097199999999999999 0.0024599999999999999 0.009698 0.049085999999999998 0.031739999999999997 0 0.025463 0.00075500000000000003 0.00080199999999999998 0.00098700000000000003 0.0033129999999999995 0.21568800000000005 0.030471999999999985 0 0 2
74 uniform 1 23 0.53743700000000005 12.930816849580992 1 75 0.21158399999999999 0.012411999999999999 0.28793500000000016 0.0035050000000000003 0.000883 0.002421 0.0095230000000000002 0.049015000000000003 0.041737999999999997 0 0.025194000000000001 0.00076900000000000004 0.000803 0.00083799999999999999 0.0032339999999999999 0.24753 0.02917599999999998 0 0 3
74 uniform 2 0 0.512602 335.66523925734447 1 99 0.29621399999999998 0.011369000000000001 0.17215700000000003 0.0059500000000000004 0.0013399999999999998 0.0027499999999999998 0.010907 0.14471500000000001 0.021232999999999998 0 0.026558999999999999 0.00086499999999999999 0.000785 0.00097300000000000002 0.0033289999999999999 0.12576799999999994 0.031520999999999966 0 0 0
74 uniform 2 7 0.49718400000000001 319.35281913909972 1 83 0.19228899999999999 0.014108000000000001 0.25836200000000004 0.0047429999999999998 0.0010070000000000001 0.0027750000000000001 0.010756999999999999 0.036135 0.021062999999999998 0 0.025807 0.00082899999999999998 0.0010059999999999999 0.00076099999999999996 0.003571 0.21881599999999998 0.027013000000000002 0 0 1
74 uniform 2 15 0.48618 308.95652300823889 1 83 0.185474 0.013428000000000001 0.25565399999999994 0.0043899999999999998 0.001003 0.002532 0.010057 0.035950000000000003 0.020496 0 0.025509 0.00082899999999999998 0.001016 0.00071000000000000002 0.0034980000000000002 0.21644699999999997 0.026484999999999977 0 0 2
74 uniform 2 23 0.42407 301.22452142199438 1 67 0.18307599999999999 0.012957 0.2028319999999999 0.0033419999999999999 0.00088199999999999997 0.0023189999999999999 0.0091999999999999998 0.035922999999999997 0.022110999999999999 0 0.024892000000000001 0.000803 0.001005 0.00066399999999999999 0.0034739999999999997 0.17155600000000001 0.020983999999999985 0 0 3
74 uniform 3 0 0.68989599999999995 245.92818468664404 1 29 0.61257499999999998 0.0067759999999999999 0.059607 0.0015679999999999999 0.000464 0.0025929999999999998 0.010664 0.18179899999999999 0.074272000000000005 0 0.025517000000000001 0.00077700000000000002 0.23508800000000002 0.001356 0.0032929999999999999 0.047037000000000016 0.0081750000000000017 0 0 0
74 uniform 3 7 0.59796400000000005 246.72498195886601 1 29 0.50064399999999998 0.0066550000000000003 0.079554 0.0014859999999999999 0.000388 0.0026129999999999999 0.010355 0.051812999999999998 0.084862000000000007 0 0.025753999999999999 0.00078799999999999996 0.24438099999999996 0.001222 0.0031150000000000001 0.067368999999999984 0.0078010000000000006 0 0 1
74 uniform 3 15 0.52213399999999999 247.64044412119918 1 29 0.42064299999999999 0.0063819999999999997 0.084384000000000001 0.001407 0.00038000000000000002 0.0023890000000000001 0.0096019999999999994 0.048320000000000002 0.074792999999999998 0 0.024691999999999999 0.00080099999999999995 0.18288499999999999 0.0010629999999999999 0.0029970000000000001 0.072411000000000003 0.0076300000000000031 0 0 2
74 uniform 3 23 0.52439999999999998 248.56108950320692 1 29 0.41888900000000001 0.0063819999999999997 0.088485999999999981 0.0013810000000000001 0.00034899999999999997 0.0021619999999999999 0.0090489999999999998 0.05185 0.096474000000000004 0 0.024839 0.00064899999999999995 0.15846200000000002 0.0010330000000000001 0.0029840000000000001 0.076348999999999986 0.007759000000000002 0 0 3
74 uniform 4 0 0.39330799999999999 7.5420820006708249 1 45 0.29317599999999999 0.0085389999999999997 0.07361700000000003 0.0023249999999999998 0.00072200000000000009 0.0025539999999999998 0.011081000000000001 0.14502999999999999 0.023550000000000001 0 0.027331000000000001 0.00083799999999999999 0.00060400000000000004 0.0012199999999999999 0.003065 0.052647999999999993 0.014238000000000004 0 0 0
74 uniform 4 7 0.35811799999999999 7.5405334720218731 1 45 0.17722299999999999 0.011254 0.15212899999999999 0.0022240000000000003 0.0006559999999999999 0.0025300000000000001 0.0098519999999999996 0.036088000000000002 0.022665000000000001 0 0.026079999999999999 0.00078399999999999997 0.00060700000000000001 0.0011379999999999999 0.003068 0.130028 0.015352999999999999 0 0 1
74 uniform 4 15 0.344777 7.5387651847885842 1 45 0.171788 0.0081630000000000001 0.14740599999999998 0.0022299999999999998 0.00058799999999999998 0.0021919999999999999 0.0092499999999999995 0.035930999999999998 0.022172999999999998 0 0.025388999999999998 0.00082899999999999998 0.000602 0.0010480000000000001 0.0030039999999999997 0.12564399999999998 0.014774000000000006 0 0 2
74 uniform 4 23 0.34711900000000001 7.5369984525251077 1 45 0.16878799999999999 0.0079869999999999993 0.15304900000000002 0.002209 0.00057899999999999998 0.002222 0.0089680000000000003 0.035534000000000003 0.020622999999999999 0 0.025755 0.00075500000000000003 0.00057299999999999994 0.00099099999999999991 0.0029579999999999997 0.132359 0.013704000000000006 0 0 3
75 linear 0 0 0.73604099999999995 32.660052686053362 1 81 0.50347600000000003 0.0095259999999999997 0.1958659999999999 0.0050489999999999997 0.0011789999999999999 0.0029229999999999998 0.010907999999999999 0.14635100000000001 0.022142999999999999 0 0.027591999999999998 0.00090200000000000002 0.205209 0.00090899999999999998 0.0031690000000000004 0.094799000000000036 0.028937999999999971 0.013510000000000001 0 0
75 linear 0 7 0.60891799999999996 32.571094779690696 1 81 0.377334 0.0090060000000000001 0.19599300000000006 0.0046010000000000009 0.001039 0.0029429999999999999 0.011086 0.0050390000000000001 0.021923999999999999 0 0.027678000000000001 0.00093999999999999997 0.221888 0.00048999999999999998 0.0026409999999999997 0.096799999999999983 0.027880999999999982 0.013379999999999998 0 1
75 linear 0 15 0.58744700000000005 32.017377242938686 1 81 0.35921399999999998 0.0087410000000000005 0.19358299999999995 0.0041089999999999998 0.00098899999999999986 0.002859 0.010555 0.0067809999999999997 0.022638999999999999 0 0.027348000000000001 0.001003 0.20505400000000001 0.00048700000000000002 0.0024779999999999997 0.095480000000000023 0.027126999999999978 0.013348 0 2
75 linear 0 23 0.62510900000000003 30.970097217715107 1 81 0.39736500000000002 0.0090959999999999999 0.19339400000000001 0.0039399999999999991 0.00097700000000000022 0.002745 0.010089000000000001 0.013816 0.022488000000000001 0 0.028119000000000002 0.00094399999999999996 0.22894900000000001 0.00071599999999999995 0.0028089999999999999 0.094643000000000005 0.027373999999999975 0.013336000000000004 0 3
75 linear 1 0 0.62591699999999995 2.1533682584854623 1 94 0.35866700000000001 0.010177 0.22875799999999993 0.0047470000000000004 0.0011290000000000002 0.0030270000000000002 0.011357000000000001 0.136436 0.021788999999999999 0 0.028438999999999999 0.00090499999999999999 0.065997 0.001392 0.0040790000000000002 0.070667000000000008 0.027420999999999994 0.0073950000000000023 0 0
75 linear 1 7 0.47137200000000001 2.0711700194428575 1 102 0.17624100000000001 0.0099220000000000003 0.25550200000000001 0.0047600000000000003 0.001353 0.0030379999999999999 0.011303000000000001 0.017908 0.021831 0 0.027479 0.00085899999999999995 0.0027789999999999998 0.001323 0.0038600000000000001 0.09072899999999999 0.029403999999999975 0.0081680000000000051 0 1
75 linear 1 15 0.61880400000000002 1.9469336084108289 1 110 0.26372299999999999 0.0097359999999999999 0.31260100000000002 0.0056970000000000007 0.0013340000000000001 0.00296 0.010928 0.017551000000000001 0.021177000000000001 0 0.026411 0.00079699999999999997 0.096562999999999996 0.0012520000000000001 0.0038849999999999996 0.10882100000000006 0.03534799999999997 0.0095299999999999968 0 2
75 linear 1 23 0.59884199999999999 1.7736169175575853 1 110 0.25910100000000003 0.011093 0.29624599999999995 0.0054219999999999997 0.0011509999999999999 0.0029420000000000002 0.01208 0.039780999999999997 0.024597999999999998 0 0.026488999999999999 0.000852 0.065657999999999994 0.001134 0.0038149999999999994 0.093833 0.037933999999999933 0.010083000000000002 0 3
75 linear 2 0 0.85001800000000005 17.635431698380128 1 125 0.53520999999999996 0.015658999999999999 0.25415099999999996 0.0070479999999999996 0.001658 0.0029789999999999999 0.012290000000000001 0.17488899999999999 0.022027000000000001 0 0.026671 0.000861 0.19164399999999998 0.00074899999999999999 0.0041620000000000008 0.12552400000000002 0.042254999999999987 0.020264999999999984 0 0
75 linear 2 7 0.67794900000000002 21.284678038688337 1 103 0.38157400000000002 0.0098139999999999998 0.25450899999999999 0.0050540000000000003 0.0012769999999999999 0.0028029999999999999 0.011155999999999999 0.029076999999999999 0.022266000000000001 0 0.026852999999999998 0.00092599999999999996 0.19950999999999999 0.0013879999999999999 0.003601 0.13644900000000004 0.037962999999999969 0.018568999999999985 0 1
75 linear 2 15 0.700322 24.313671534879273 1 103 0.433 0.0093380000000000008 0.22599200000000003 0.0051919999999999996 0.0014170000000000001 0.0027880000000000001 0.010732999999999999 0.022241 0.022159999999999999 0 0.026571000000000001 0.0009810000000000001 0.26126099999999997 0.001299 0.0035050000000000003 0.10983700000000002 0.036079000000000007 0.018578000000000004 0 2
75 linear 2 23 0.62842299999999995 26.467385138890826 1 88 0.389011 0.0095639999999999996 0.20373899999999998 0.0041999999999999997 0.0012150000000000002 0.0027859999999999998 0.010717000000000001 0.022308999999999999 0.021482000000000001 0 0.026468999999999999 0.00084699999999999999 0.21882799999999999 0.001091 0.003313 0.098652000000000017 0.029961999999999971 0.014185999999999997 0 3
75 linear 3 0 0.38121500000000003 1.2484792581824162 1 45 0.28937800000000002 0.0087869999999999997 0.06452800000000003 0.0030200000000000001 0.00080299999999999989 0.0030170000000000002 0.011502999999999999 0.13306000000000001 0.021791999999999999 0 0.027098000000000001 0.00083900000000000001 0.0020249999999999999 0.001248 0.0031979999999999999 0.033495999999999998 0.014087000000000002 0.0057620000000000024 0 0
75 linear 3 7 0.30649700000000002 1.2189986136825759 1 68 0.16727400000000001 0.0087279999999999996 0.10652600000000001 0.0047629999999999999 0.0010300000000000001 0.0028089999999999999 0.010739 0.017488 0.022568000000000001 0 0.02699 0.00086799999999999996 0.0019819999999999998 0.001163 0.00316 0.062630999999999992 0.019554999999999979 0.0084920000000000013 0 1
75 linear 3 15 0.27614300000000003 1.1909572561502073 1 52 0.16453300000000001 0.0086230000000000005 0.08426500000000002 0.003189 0.00080400000000000003 0.002813 0.010696000000000001 0.014873000000000001 0.022263000000000002 0 0.027560999999999999 0.00082299999999999995 0.0019599999999999999 0.001098 0.0031159999999999998 0.050259000000000005 0.015193000000000002 0.0064800000000000005 0 2
75 linear 3 23 0.28612599999999999 1.1679221962473869 1 60 0.161777 0.0082539999999999992 0.095068000000000055 0.0034419999999999997 0.00097800000000000014 0.0028240000000000001 0.010782999999999999 0.013939 0.022620999999999999 0 0.027132 0.00086700000000000004 0.0019909999999999997 0.0011050000000000001 0.0030660000000000006 0.053760000000000016 0.019873999999999989 0.0074900000000000001 0 3
75 linear 4 0 0.76393100000000003 8.489395821388122 1 145 0.499886 0.0094339999999999997 0.20903900000000009 0.011619000000000001 0.001591 0.0032620000000000001 0.012097 0.19139500000000001 0.023300000000000001 0 0.025631999999999999 0.00089800000000000004 0.15429999999999999 0.001186 0.0035680000000000004 0.11477400000000003 0.036649999999999953 0.017311999999999994 0 0
75 linear 4 7 0.66693499999999994 9.0309229849224621 1 104 0.39563100000000001 0.011905000000000001 0.22508000000000003 0.0061640000000000002 0.0013540000000000002 0.0028010000000000001 0.010578000000000001 0.033304 0.023498000000000002 0 0.027348000000000001 0.00093899999999999995 0.19937400000000002 0.001091 0.0038199999999999996 0.13573399999999997 0.031468999999999969 0.013384000000000002 0 1
75 linear 4 15 0.65072600000000003 9.7355098839569667 1 104 0.38435599999999998 0.011684999999999999 0.221523 0.0056699999999999997 0.0013690000000000002 0.0024979999999999998 0.010211 0.033420999999999999 0.023215 0 0.025538000000000002 0.00083000000000000001 0.19686800000000002 0.001121 0.0036959999999999996 0.13081299999999993 0.030788999999999976 0.013239000000000003 0 2
75 linear 4 23 0.66441499999999998 10.550378201228407 1 136 0.33638899999999999 0.011828 0.27127099999999987 0.0094850000000000004 0.0015220000000000001 0.0025530000000000001 0.0099209999999999993 0.034937000000000003 0.023324999999999999 0 0.024766 0.00088199999999999997 0.14542300000000002 0.0011360000000000001 0.0039150000000000001 0.164823 0.039414000000000018 0.017098000000000002 0 3
75 uniform 0 0 0.67681000000000002 30.838550065179902 1 81 0.50512199999999996 0.0092929999999999992 0.13635299999999997 0.0041749999999999999 0.0011529999999999999 0.0029580000000000001 0.010954999999999999 0.145175 0.023699999999999999 0 0.027628 0.00093599999999999998 0.20569399999999999 0.00089999999999999998 0.0033319999999999999 0.093397000000000049 0.028871000000000001 0 0 0
75 uniform 0 7 0.54622000000000004 30.779323728528972 1 81 0.36969400000000002 0.0091739999999999999 0.14200399999999996 0.0038450000000000008 0.00099200000000000004 0.0027620000000000001 0.010583 0.0051130000000000004 0.021586999999999999 0 0.027038 0.00087799999999999998 0.21890199999999999 0.00049600000000000002 0.0026780000000000003 0.095310999999999965 0.03266999999999997 0 0 1
75 uniform 0 15 0.52805999999999997 30.408810797887519 1 81 0.356549 0.0088310000000000003 0.13682900000000006 0.0040459999999999992 0.00096899999999999992 0.0025850000000000001 0.010274 0.0067460000000000003 0.022457000000000001 0 0.026870000000000002 0.00090799999999999995 0.20424999999999999 0.00049399999999999997 0.0026710000000000006 0.095884999999999998 0.027270999999999972 0 0 2
75 uniform 0 23 0.566994 29.696338636409251 1 81 0.39671000000000001 0.0091769999999999994 0.135875 0.003653 0.00086499999999999999 0.002735 0.010918000000000001 0.013566 0.022613000000000001 0 0.028660999999999999 0.00093199999999999999 0.23356100000000002 0.000776 0.0028670000000000002 0.094644000000000006 0.027530999999999976 0 0 3
75 uniform 1 0 0.50349999999999995 2.0941542288208814 1 94 0.35600199999999999 0.010155000000000001 0.11046500000000004 0.0039420000000000002 0.001109 0.003091 0.011334 0.13675000000000001 0.021590999999999999 0 0.028067000000000002 0.00087699999999999996 0.066021999999999997 0.0014120000000000001 0.0039179999999999996 0.069732000000000016 0.027712999999999991 0 0 0
75 uniform 1 7 0.35232000000000002 2.0386726670308914 1 110 0.16687399999999999 0.0097300000000000008 0.14405799999999996 0.0052090000000000001 0.001152 0.002911 0.010966 0.017821 0.02102 0 0.026269000000000001 0.00076000000000000004 0.0027099999999999997 0.0012650000000000001 0.003591 0.095334000000000002 0.033292999999999996 0 0 1
75 uniform 1 15 0.444884 1.9476367619784047 1 110 0.259214 0.0084309999999999993 0.14575299999999994 0.0049320000000000006 0.0013550000000000001 0.002666 0.010578000000000001 0.017350000000000001 0.020900999999999999 0 0.025812999999999999 0.00075500000000000003 0.096544999999999992 0.001219 0.0035469999999999998 0.097573000000000035 0.032770000000000007 0 0 2
75 uniform 1 23 0.43923699999999999 1.8002115209619973 1 110 0.25375300000000001 0.0099590000000000008 0.14477299999999996 0.0047289999999999997 0.001036 0.0026930000000000001 0.010904 0.038164999999999998 0.021187999999999999 0 0.027023999999999999 0.00079299999999999998 0.065856999999999999 0.001145 0.0038840000000000003 0.091826999999999992 0.037209999999999986 0 0 3
75 uniform 2 0 0.80724300000000004 17.977468067572236 1 125 0.53074699999999997 0.017447000000000001 0.21043699999999999 0.0072070000000000007 0.0017880000000000001 0.0028900000000000002 0.011166000000000001 0.17025100000000001 0.021832000000000001 0 0.026341 0.00085400000000000005 0.19181599999999999 0.00076199999999999998 0.0055180000000000003 0.13994600000000007 0.046689000000000015 0 0 0
75 uniform 2 7 0.69366099999999997 22.000058027159145 1 103 0.40108300000000002 0.010541999999999999 0.24886499999999986 0.0047180000000000008 0.0014020000000000003 0.003075 0.012118 0.032420999999999998 0.024438999999999999 0 0.029078 0.00097199999999999999 0.20585200000000001 0.001268 0.0038839999999999999 0.17826899999999996 0.046327999999999973 0 0 1
75 uniform 2 15 0.66088800000000003 24.701357285304304 1 103 0.43873899999999999 0.010496999999999999 0.17795400000000006 0.0049700000000000005 0.0012830000000000001 0.002771 0.011683000000000001 0.023615000000000001 0.024728 0 0.026089999999999999 0.00079799999999999999 0.26133299999999993 0.001261 0.0038599999999999993 0.11954499999999993 0.038748999999999992 0 0 2
75 uniform 2 23 0.58306400000000003 26.424574209268368 1 88 0.38975100000000001 0.0094210000000000006 0.15575100000000006 0.0041469999999999996 0.001183 0.0028570000000000002 0.01093 0.022307 0.021607999999999999 0 0.026748000000000001 0.00091 0.219387 0.0010349999999999999 0.0034280000000000001 0.10677799999999996 0.032952000000000002 0 0 3
75 uniform 3 0 0.39710299999999998 1.2589800881022808 1 45 0.315863 0.0087419999999999998 0.054109999999999998 0.0027910000000000001 0.000794 0.0032299999999999998 0.01242 0.14737 0.024343 0 0.033777000000000001 0.00098299999999999993 0.0020920000000000001 0.0011800000000000001 0.0032239999999999999 0.033374000000000001 0.013951 0 0 0
75 uniform 3 7 0.28912500000000002 1.2271937222710698 1 68 0.16466800000000001 0.0087539999999999996 0.091743000000000019 0.0043730000000000002 0.00095100000000000002 0.002715 0.010853 0.017163000000000001 0.021271999999999999 0 0.026657 0.00087399999999999999 0.001954 0.001163 0.0032920000000000007 0.062181 0.019395999999999993 0 0 1
75 uniform 3 15 0.25982699999999997 1.1971462445739325 1 52 0.161326 0.0084620000000000008 0.07201500000000001 0.0025989999999999997 0.00090600000000000001 0.002591 0.010349000000000001 0.014911000000000001 0.021075 0 0.026970000000000001 0.00084400000000000002 0.0018839999999999998 0.00108 0.0031350000000000002 0.049393999999999987 0.014869000000000004 0 0 2
75 uniform 3 23 0.26011699999999999 1.1726119662918251 1 52 0.15739700000000001 0.0085749999999999993 0.075845999999999997 0.002761 0.00073499999999999998 0.0025409999999999999 0.010383 0.013885 0.021044 0 0.026308999999999999 0.00084699999999999999 0.0021380000000000001 0.0010790000000000001 0.0029659999999999995 0.05399099999999999 0.014049000000000009 0 0 3
75 uniform 4 0 0.73767799999999994 8.5154551415475019 1 145 0.50423399999999996 0.010558 0.17822799999999991 0.0098779999999999996 0.0015340000000000002 0.0031120000000000002 0.012047 0.19126099999999999 0.025121999999999998 0 0.027518000000000001 0.00090300000000000005 0.15395799999999998 0.001232 0.003771 0.11825300000000002 0.037680999999999999 0 0 0
75 uniform 4 7 0.62978400000000001 9.0627751558746485 1 104 0.39404499999999998 0.013349 0.18818199999999996 0.0053500000000000006 0.0014430000000000003 0.0027539999999999999 0.012008 0.034775 0.02332 0 0.027143 0.00087100000000000003 0.19703699999999999 0.0010169999999999999 0.0039059999999999993 0.13942599999999991 0.032314000000000002 0 0 1
75 uniform 4 15 0.618564 9.7762458909083936 1 104 0.38845099999999999 0.011956 0.18469399999999997 0.0050570000000000007 0.0012799999999999999 0.0026450000000000002 0.011667 0.034930000000000003 0.022679999999999999 0 0.025439 0.00093000000000000005 0.19697400000000001 0.0011130000000000001 0.0038549999999999995 0.137241 0.031300999999999989 0 0 2
75 uniform 4 23 0.61655700000000002 10.603484424146759 1 136 0.33670899999999998 0.011965999999999999 0.22314899999999993 0.0090350000000000014 0.0014499999999999999 0.002594 0.0099319999999999999 0.034896999999999997 0.023925999999999999 0 0.025158 0.00088599999999999996 0.145394 0.0010709999999999999 0.0038779999999999995 0.16332099999999997 0.03915999999999998 0 0 3
76 linear 0 0 0.486958 6.4621475048799866 1 72 0.30333399999999999 0.011948 0.147394 0.0040149999999999995 0.00092500000000000004 0.0031570000000000001 0.011041 0.14205499999999999 0.023744000000000001 0 0.027782999999999999 0.00087799999999999998 0.00083600000000000005 0.001073 0.0035100000000000001 0.049796999999999987 0.03043499999999999 0.012117000000000005 0 0
76 linear 0 7 0.41571799999999998 6.4348285470555195 1 80 0.20737900000000001 0.011559 0.16994399999999998 0.0042639999999999996 0.0010560000000000001 0.0029550000000000002 0.010782 0.043756999999999997 0.034102 0 0.026890000000000001 0.00082799999999999996 0.00082499999999999989 0.0011349999999999999 0.0034779999999999998 0.065895000000000009 0.033191999999999985 0.013937999999999996 0 1
76 linear 0 15 0.41585899999999998 6.3080109742054233 1 89 0.18901699999999999 0.0091249999999999994 0.19003200000000003 0.0049410000000000001 0.0011559999999999999 0.0029190000000000002 0.010584 0.042255000000000001 0.022782 0 0.027141999999999999 0.00077800000000000005 0.00063499999999999993 0.0012030000000000001 0.0032490000000000006 0.056380000000000027 0.030710999999999981 0.015097999999999997 0 2
76 linear 0 23 0.39111499999999999 6.0744637546553024 1 89 0.19262699999999999 0.0089470000000000001 0.16130800000000001 0.005169 0.001047 0.0028370000000000001 0.010735 0.044526000000000003 0.022745000000000001 0 0.026499999999999999 0.00075000000000000002 0.00062399999999999999 0.0011019999999999999 0.0031689999999999999 0.059368999999999991 0.031889999999999974 0.013999999999999999 0 3
76 linear 1 0 0.56249499999999997 6.5485198266853937 1 96 0.332704 0.012992999999999999 0.18389799999999995 0.005679 0.0014040000000000003 0.0030730000000000002 0.011032 0.17096500000000001 0.023186999999999999 0 0.026714999999999999 0.00088800000000000001 0.00082200000000000003 0.0011050000000000001 0.0039709999999999997 0.096091999999999983 0.028496999999999984 0.013296999999999998 0 0
76 linear 1 7 0.450492 6.8684043225709752 1 96 0.207344 0.012373 0.19883000000000003 0.0051670000000000006 0.0012329999999999999 0.0027439999999999999 0.010473 0.051063999999999998 0.022963999999999998 0 0.026904999999999998 0.00084999999999999995 0.00079899999999999991 0.001059 0.0039050000000000005 0.11585200000000001 0.027382999999999977 0.013236 0 1
76 linear 1 15 0.437749 7.2661078501914051 1 96 0.19922799999999999 0.012179000000000001 0.19503000000000006 0.0048969999999999986 0.0013220000000000003 0.0026440000000000001 0.010274999999999999 0.044554000000000003 0.022724999999999999 0 0.026558999999999999 0.00078700000000000005 0.00080099999999999995 0.001044 0.0036810000000000002 0.112899 0.026613999999999974 0.013193000000000002 0 2
76 linear 1 23 0.45453500000000002 7.703583754852743 1 96 0.204346 0.012243 0.20532800000000001 0.0055069999999999997 0.0012619999999999999 0.0026250000000000002 0.010213 0.049604000000000002 0.022169000000000001 0 0.026783000000000001 0.000785 0.00077099999999999998 0.0010009999999999999 0.0037070000000000007 0.12317900000000001 0.028124999999999976 0.013225000000000002 0 3
76 linear 2 0 0.55064000000000002 7.6757586277770518 1 103 0.314689 0.013036000000000001 0.19060299999999997 0.0055899999999999995 0.0015019999999999999 0.0028180000000000002 0.011247 0.15689600000000001 0.022164 0 0.027498000000000002 0.00077499999999999997 0.00075999999999999993 0.00095600000000000004 0.0038010000000000001 0.10041600000000002 0.031413999999999977 0.014966999999999992 0 0
76 linear 2 7 0.45110299999999998 6.7058748514352695 1 96 0.203352 0.012692 0.20305100000000006 0.0053330000000000001 0.001348 0.002843 0.010931 0.047580999999999998 0.021676000000000001 0 0.027435000000000001 0.00078100000000000001 0.00081999999999999987 0.001018 0.0038119999999999999 0.12099200000000002 0.027362999999999995 0.013397000000000001 0 1
76 linear 2 15 0.45308599999999999 6.095303023513778 1 111 0.191833 0.012395 0.21438100000000007 0.0061920000000000005 0.001323 0.0025699999999999998 0.010683 0.037141 0.021606 0 0.026856999999999999 0.00069300000000000004 0.00076599999999999997 0.00091799999999999998 0.0036690000000000004 0.1236059999999999 0.031172999999999979 0.015138000000000007 0 2
76 linear 2 23 0.45302700000000001 5.6647440831038463 1 103 0.19550100000000001 0.012843 0.21144300000000002 0.0061149999999999998 0.0014789999999999998 0.0025500000000000002 0.010418 0.034417999999999997 0.021493999999999999 0 0.030803000000000001 0.00078200000000000003 0.00080500000000000005 0.0010009999999999999 0.0037920000000000007 0.12109000000000002 0.031678999999999971 0.014245999999999995 0 3
76 linear 3 0 0.41230699999999998 3.2007213465855924 1 53 0.30401600000000001 0.0085929999999999999 0.077255000000000032 0.0041190000000000003 0.00085400000000000005 0.0030379999999999999 0.011364000000000001 0.15313099999999999 0.022474000000000001 0 0.027297999999999999 0.00080199999999999998 0.00059500000000000004 0.001224 0.0032389999999999997 0.040363999999999997 0.017010999999999991 0.0073020000000000029 0 0
76 linear 3 7 0.31753999999999999 3.0298290037752151 1 61 0.186055 0.0084569999999999992 0.097290000000000015 0.0045849999999999997 0.00090600000000000001 0.0028500000000000001 0.010612 0.040240999999999999 0.021654 0 0.026932000000000001 0.00077200000000000001 0.00058600000000000004 0.0011050000000000001 0.003058 0.05617100000000002 0.018899000000000013 0.0080910000000000027 0 1
76 linear 3 15 0.30688799999999999 2.8762884356688128 1 61 0.18209400000000001 0.0082450000000000006 0.091639999999999971 0.0041609999999999998 0.00076399999999999992 0.0029480000000000001 0.010999 0.039272000000000001 0.021527999999999999 0 0.026703999999999999 0.00075299999999999998 0.00059800000000000001 0.001075 0.0030079999999999998 0.052793000000000007 0.017719999999999996 0.0074160000000000016 0 2
76 linear 3 23 0.30768200000000001 2.7507881777707475 1 61 0.181894 0.0081829999999999993 0.093155000000000002 0.0040130000000000001 0.00079199999999999995 0.0026870000000000002 0.00992 0.042831000000000001 0.021014000000000001 0 0.026591 0.00072400000000000003 0.00060599999999999998 0.0010460000000000001 0.0030100000000000005 0.05483699999999999 0.017038999999999999 0.0075620000000000036 0 3
76 linear 4 0 0.39217200000000002 2.9069358546673345 1 53 0.29789599999999999 0.0084089999999999998 0.064474000000000004 0.0035129999999999996 0.00077700000000000002 0.0027599999999999999 0.01059 0.14589199999999999 0.022445 0 0.0276 0.00080099999999999995 0.0006150000000000001 0.001145 0.0031960000000000001 0.028378 0.017935000000000003 0.0062719999999999998 0 0
76 linear 4 7 0.33235100000000001 2.9811278534906909 1 76 0.18704299999999999 0.0098820000000000002 0.10804999999999998 0.004947 0.001072 0.0026619999999999999 0.010189999999999999 0.043852000000000002 0.021606 0 0.026155000000000001 0.00075600000000000005 0.00063399999999999991 0.001031 0.003392 0.056384999999999991 0.024719999999999989 0.0092919999999999999 0 1
76 linear 4 15 0.307508 3.0793085596591232 1 60 0.18889500000000001 0.0094780000000000003 0.086803999999999992 0.0035710000000000004 0.00085700000000000001 0.0026020000000000001 0.011037 0.041457000000000001 0.024382000000000001 0 0.026851 0.00070299999999999996 0.00061900000000000008 0.0010319999999999999 0.0032850000000000002 0.046780000000000016 0.018743999999999983 0.007422999999999993 0 2
76 linear 4 23 0.31167800000000001 3.2000431025824989 1 60 0.19761799999999999 0.0085869999999999991 0.082718 0.0038090000000000003 0.00082100000000000012 0.0026059999999999998 0.010932000000000001 0.041389000000000002 0.025107999999999998 0 0.026896 0.000776 0.00064899999999999995 0.001067 0.0034250000000000001 0.042927 0.018491 0.0073419999999999952 0 3
76 uniform 0 0 0.44567499999999999 6.3345476573961728 1 80 0.30303400000000003 0.013285999999999999 0.10151199999999999 0.0042129999999999997 0.0011429999999999999 0.002797 0.012286999999999999 0.14347499999999999 0.025309000000000002 0 0.027397000000000001 0.00083199999999999995 0.00085000000000000006 0.0010920000000000001 0.0039639999999999996 0.053422000000000025 0.035222999999999977 0 0 0
76 uniform 0 7 0.358624 6.3233723355414284 1 80 0.20957999999999999 0.011488 0.11099200000000002 0.0038219999999999999 0.00095699999999999995 0.0027169999999999998 0.011606999999999999 0.045386999999999997 0.035367000000000003 0 0.026780000000000002 0.00081999999999999998 0.00080600000000000008 0.001057 0.0034250000000000001 0.065628000000000006 0.032998999999999994 0 0 1
76 uniform 0 15 0.32264900000000002 6.2379319685406056 1 89 0.18751899999999999 0.0088690000000000001 0.099392000000000064 0.0042310000000000004 0.0010629999999999999 0.0025820000000000001 0.0099489999999999995 0.044566000000000001 0.021190000000000001 0 0.027244999999999998 0.00074100000000000001 0.00062799999999999998 0.0011739999999999999 0.0031410000000000001 0.055579000000000024 0.030523999999999985 0 0 2
76 uniform 0 23 0.324133 6.068690354188802 1 89 0.18460699999999999 0.0088990000000000007 0.10354500000000001 0.0041989999999999996 0.001023 0.0027109999999999999 0.0098040000000000002 0.044345000000000002 0.021307 0 0.026699000000000001 0.000727 0.00060900000000000006 0.00098200000000000002 0.0031179999999999997 0.058534999999999983 0.031658999999999986 0 0 3
76 uniform 1 0 0.52010199999999995 6.5724097042688419 1 96 0.33128000000000002 0.012703000000000001 0.14416000000000007 0.0050180000000000008 0.0013699999999999999 0.0029719999999999998 0.011114000000000001 0.17124600000000001 0.021437999999999999 0 0.027094 0.00086899999999999998 0.00082899999999999998 0.001142 0.0038740000000000011 0.10032999999999999 0.028694999999999974 0 0 0
76 uniform 1 7 0.40415400000000001 6.8932009003080781 1 96 0.20379900000000001 0.012321 0.15698800000000002 0.0046960000000000005 0.001204 0.0027430000000000002 0.010569 0.050840000000000003 0.020930000000000001 0 0.026793000000000001 0.00084099999999999995 0.00076300000000000001 0.0010120000000000001 0.0038509999999999994 0.11436900000000001 0.027484999999999961 0 0 1
76 uniform 1 15 0.39319199999999999 7.2922124872735461 1 96 0.196324 0.011943 0.15413400000000002 0.0045750000000000001 0.0011169999999999999 0.002565 0.010074 0.044571 0.020556000000000001 0 0.027064000000000001 0.00080500000000000005 0.00080500000000000005 0.0010020000000000001 0.0036940000000000002 0.11223400000000004 0.026720999999999974 0 0 2
76 uniform 1 23 0.41147899999999998 7.7317747367727669 1 96 0.20141100000000001 0.012234 0.16678000000000007 0.0048960000000000002 0.001222 0.0051110000000000001 0.0098069999999999997 0.046776999999999999 0.020913000000000001 0 0.026936999999999999 0.00085899999999999995 0.00079000000000000001 0.00097499999999999996 0.0037910000000000001 0.12315499999999996 0.028321999999999976 0 0 3
76 uniform 2 0 0.52693699999999999 7.9857480423355822 1 119 0.31668099999999999 0.012969 0.16046899999999995 0.0063239999999999998 0.0015139999999999997 0.0028289999999999999 0.011077999999999999 0.156996 0.023689999999999999 0 0.02793 0.00073099999999999999 0.00075599999999999994 0.0010319999999999999 0.0037599999999999999 0.106224 0.035233999999999953 0 0 0
76 uniform 2 7 0.41359299999999999 6.8608066082269303 1 96 0.20668400000000001 0.012167000000000001 0.16347000000000012 0.0044050000000000001 0.0013159999999999999 0.0026090000000000002 0.010769000000000001 0.049210999999999998 0.023791 0 0.027444 0.00080900000000000004 0.00079299999999999998 0.00099700000000000006 0.0037430000000000007 0.12082300000000004 0.027432999999999982 0 0 1
76 uniform 2 15 0.38950699999999999 6.1739863764334508 1 95 0.19359899999999999 0.012390999999999999 0.155446 0.0038289999999999999 0.0010610000000000001 0.0024190000000000001 0.010743000000000001 0.03696 0.023227999999999999 0 0.026932000000000001 0.00077999999999999999 0.00077200000000000001 0.00095299999999999996 0.0036060000000000003 0.11266900000000009 0.027794000000000003 0 0 2
76 uniform 2 23 0.40985199999999999 5.7117528224547609 1 103 0.192352 0.012784999999999999 0.17249600000000004 0.005215 0.0013439999999999999 0.002467 0.010526000000000001 0.034416000000000002 0.023449000000000001 0 0.027404000000000001 0.00080099999999999995 0.00079799999999999999 0.001049 0.0038200000000000005 0.12065300000000002 0.03567399999999997 0 0 3
76 uniform 3 0 0.38181100000000001 3.2224809728191328 1 45 0.30576199999999998 0.0086750000000000004 0.048959000000000003 0.0027210000000000003 0.00075699999999999997 0.003006 0.011403 0.153277 0.023937 0 0.026962 0.00080000000000000004 0.00059699999999999998 0.0012110000000000001 0.0032719999999999997 0.029179999999999994 0.012989000000000001 0 0 0
76 uniform 3 7 0.27542699999999998 3.0449092575998371 1 45 0.18593799999999999 0.0083859999999999994 0.063297000000000006 0.0025170000000000001 0.00061699999999999993 0.0026220000000000002 0.010470999999999999 0.040335000000000003 0.022993 0 0.026627999999999999 0.00083000000000000001 0.00060599999999999998 0.001065 0.0031590000000000003 0.043438000000000004 0.013145000000000006 0 0 1
76 uniform 3 15 0.26939000000000002 2.8873601989664044 1 45 0.18349499999999999 0.0084340000000000005 0.059599000000000006 0.0025070000000000001 0.00067099999999999994 0.002614 0.010156999999999999 0.039175000000000001 0.023137000000000001 0 0.026168 0.00079600000000000005 0.00061299999999999994 0.001013 0.0029389999999999998 0.039984999999999993 0.012835000000000004 0 0 2
76 uniform 3 23 0.26939400000000002 2.7595381286023715 1 45 0.18245900000000001 0.0081010000000000006 0.061425999999999988 0.0024399999999999999 0.00060500000000000007 0.002699 0.0097660000000000004 0.042667999999999998 0.022949000000000001 0 0.026275 0.00068400000000000004 0.00059100000000000005 0.001031 0.0029359999999999994 0.042663 0.012002000000000002 0 0 3
76 uniform 4 0 0.35965000000000003 2.9153514510721776 1 37 0.29733999999999999 0.0083199999999999993 0.038364000000000016 0.0021840000000000002 0.00059400000000000002 0.0027260000000000001 0.010472 0.14526600000000001 0.024153000000000001 0 0.027608000000000001 0.00078200000000000003 0.00064700000000000001 0.0011640000000000001 0.0032580000000000009 0.020187 0.012576000000000004 0 0 0
76 uniform 4 7 0.29629899999999998 2.9911769022415076 1 60 0.19295300000000001 0.0086420000000000004 0.074243000000000031 0.00364 0.00077899999999999996 0.0027490000000000001 0.010279999999999999 0.043999000000000003 0.023467999999999999 0 0.026169999999999999 0.000825 0.00061499999999999999 0.0038679999999999999 0.0031529999999999996 0.045806999999999994 0.019432999999999995 0 0 1
76 uniform 4 15 0.28794700000000001 3.0919134117186977 1 60 0.18576400000000001 0.0083110000000000007 0.073992000000000002 0.0032560000000000002 0.00075799999999999999 0.002604 0.010182999999999999 0.040257000000000001 0.023931999999999998 0 0.027057999999999999 0.00072499999999999995 0.00060099999999999997 0.0010449999999999999 0.0031580000000000002 0.046671999999999991 0.018362000000000003 0 0 2
76 uniform 4 23 0.26073299999999999 3.2164931520690638 1 44 0.18457699999999999 0.0082450000000000006 0.052912000000000008 0.0020439999999999998 0.00063599999999999996 0.002519 0.0096690000000000005 0.040043000000000002 0.024452000000000002 0 0.027059 0.00082700000000000004 0.000611 0.00096199999999999996 0.003058 0.033226000000000006 0.013143999999999998 0 0 3
77 linear 0 0 0.70782400000000001 7.9636456331750489 1 97 0.45774900000000002 0.012803999999999999 0.20186999999999994 0.0064809999999999989 0.0015990000000000002 0.0031570000000000001 0.011931000000000001 0.15341199999999999 0.032802999999999999 0 0.026690999999999999 0.00080999999999999996 0.13356000000000001 0.0010269999999999999 0.0035739999999999999 0.086585999999999996 0.046624999999999986 0.016068000000000002 0 0
77 linear 0 7 0.63959900000000003 7.9143682364127281 1 89 0.33704800000000001 0.01235 0.25838000000000005 0.0049719999999999999 0.00117 0.0030829999999999998 0.010962 0.039190999999999997 0.032238999999999997 0 0.026904000000000001 0.00084999999999999995 0.13357100000000002 0.0010039999999999999 0.0035009999999999998 0.152229 0.042653999999999997 0.014942999999999998 0 1
77 linear 0 15 0.49183199999999999 7.7269228279786821 1 89 0.19433800000000001 0.012045999999999999 0.25453799999999993 0.0045029999999999992 0.0011259999999999998 0.0026150000000000001 0.010067 0.035860999999999997 0.031553999999999999 0 0.026379 0.00079799999999999999 0.0018829999999999999 0.00096000000000000002 0.0033749999999999995 0.14318199999999995 0.042827000000000018 0.014857999999999996 0 2
77 linear 0 23 0.66062200000000004 7.392692515695928 1 89 0.32886500000000002 0.01196 0.28902500000000003 0.0046690000000000004 0.0010320000000000001 0.0025000000000000001 0.0093740000000000004 0.040959000000000002 0.031226 0 0.025673999999999999 0.00080599999999999997 0.13426000000000002 0.00096199999999999996 0.0032779999999999997 0.17594899999999999 0.043333000000000038 0.014834 0 3
77 linear 1 0 0.42618400000000001 8.4106832477887554 1 67 0.30176700000000001 0.0089759999999999996 0.093185000000000004 0.003388 0.001132 0.0027299999999999998 0.011036000000000001 0.15726799999999999 0.022078 0 0.026315999999999999 0.00082700000000000004 0.00059000000000000003 0.001067 0.0030680000000000004 0.047201999999999987 0.023185999999999995 0.007988000000000002 0 0
77 linear 1 7 0.42935600000000002 8.385988136840588 1 67 0.17766100000000001 0.0086199999999999992 0.22042500000000009 0.0035560000000000001 0.00096499999999999993 0.0025339999999999998 0.0099629999999999996 0.037318999999999998 0.021271999999999999 0 0.026716 0.00073099999999999999 0.00063199999999999997 0.0010740000000000001 0.0030459999999999997 0.17121700000000006 0.023192999999999988 0.011183999999999994 0 1
77 linear 1 15 0.42951299999999998 8.3523997003360826 1 67 0.18291199999999999 0.0088500000000000002 0.21543500000000002 0.0032909999999999997 0.00090300000000000005 0.0024139999999999999 0.0098340000000000007 0.041078000000000003 0.021343000000000001 0 0.026696999999999999 0.00082899999999999998 0.00060800000000000003 0.001132 0.003156 0.16916300000000001 0.023146 0.0079720000000000017 0 2
77 linear 1 23 0.45963799999999999 8.3135099485811512 1 67 0.17719399999999999 0.0087270000000000004 0.2508749999999999 0.0035409999999999994 0.0010250000000000001 0.0024199999999999998 0.0095479999999999992 0.039537999999999997 0.021062000000000001 0 0.026109 0.00074200000000000004 0.00058599999999999993 0.00106 0.003117 0.19823999999999994 0.026225999999999989 0.0083109999999999972 0 3
77 linear 2 0 0.49737300000000001 54.463459945146916 1 98 0.29802000000000001 0.017378999999999999 0.14143300000000011 0.0068849999999999996 0.001586 0.002947 0.012300999999999999 0.13134199999999999 0.024643000000000002 0 0.026193000000000001 0.00086300000000000005 0.0010789999999999999 0.00076900000000000004 0.0040879999999999996 0.067674999999999999 0.035767000000000014 0.013803999999999997 0 0
77 linear 2 7 0.62080999999999997 57.30171940920571 1 98 0.20291999999999999 0.016877 0.36073400000000011 0.0070850000000000002 0.0013760000000000001 0.0027049999999999999 0.011877 0.039126000000000001 0.024612999999999999 0 0.026582000000000001 0.00084500000000000005 0.00099399999999999987 0.000785 0.0041130000000000003 0.28418000000000004 0.038142000000000016 0.013783000000000002 0 1
77 linear 2 15 0.58725000000000005 61.636594228691848 1 98 0.18631800000000001 0.014855 0.34741599999999995 0.0063169999999999997 0.0013739999999999998 0.0025969999999999999 0.0098230000000000001 0.033624000000000001 0.020712000000000001 0 0.026636 0.00072499999999999995 0.001023 0.00072199999999999999 0.003594 0.27550300000000005 0.034849999999999964 0.013419999999999996 0 2
77 linear 2 23 0.585476 69.69204549186091 1 98 0.17763300000000001 0.012663000000000001 0.36080200000000007 0.0061200000000000004 0.001302 0.0024910000000000002 0.0096659999999999992 0.032925000000000003 0.021083999999999999 0 0.026030999999999999 0.00076499999999999995 0.00087000000000000001 0.0010870000000000001 0.0033220000000000003 0.29043200000000002 0.033490999999999979 0.013430000000000001 0 3
77 linear 3 0 0.41121799999999997 2.0788853584384244 1 61 0.29789100000000002 0.0090139999999999994 0.079395999999999967 0.0041720000000000004 0.00088299999999999989 0.0029120000000000001 0.011039999999999999 0.14938000000000001 0.021707000000000001 0 0.026155000000000001 0.000892 0.00059599999999999996 0.001294 0.0031049999999999997 0.037653999999999979 0.020970999999999983 0.0072340000000000026 0 0
77 linear 3 7 0.43305100000000002 2.0802138527319793 1 61 0.18610699999999999 0.0090650000000000001 0.21246700000000002 0.0042950000000000002 0.00088199999999999997 0.0027290000000000001 0.010597000000000001 0.041189000000000003 0.021026 0 0.025725999999999999 0.00089800000000000004 0.00058399999999999999 0.0011440000000000001 0.003104 0.17002100000000003 0.021280999999999984 0.0072610000000000027 0 1
77 linear 3 15 0.425707 2.0817490682920767 1 61 0.18171399999999999 0.0086320000000000008 0.21074799999999994 0.0039460000000000007 0.000852 0.0027160000000000001 0.010538 0.040978000000000001 0.021278999999999999 0 0.025155 0.00076599999999999997 0.00065700000000000003 0.001003 0.003032 0.16792900000000005 0.021802999999999989 0.007229000000000001 0 2
77 linear 3 23 0.41070200000000001 2.0833026472908571 1 61 0.181009 0.0087580000000000002 0.196686 0.003594 0.00086699999999999993 0.0023930000000000002 0.0094490000000000008 0.044004000000000001 0.020889000000000001 0 0.025635999999999999 0.000687 0.00060100000000000008 0.00094600000000000001 0.00296 0.15538199999999999 0.020417999999999974 0.0072470000000000008 0 3
77 linear 4 0 0.44325700000000001 12.077790256886981 1 53 0.349775 0.0081220000000000007 0.064236000000000001 0.0033080000000000002 0.0007980000000000001 0.0029499999999999999 0.011391999999999999 0.19222500000000001 0.034113999999999998 0 0.025485000000000001 0.000776 0.00062299999999999996 0.001075 0.003212 0.030512000000000001 0.016015000000000005 0.0063010000000000019 0 0
77 linear 4 7 0.33288899999999999 12.017184439311231 1 53 0.20306399999999999 0.0081040000000000001 0.10063100000000003 0.0030609999999999999 0.00070399999999999998 0.0026519999999999998 0.010109999999999999 0.051142 0.033433999999999998 0 0.025430000000000001 0.00081700000000000002 0.00060599999999999998 0.001067 0.0031820000000000004 0.067061999999999997 0.015987000000000005 0.0063130000000000009 0 1
77 linear 4 15 0.35318699999999997 11.947863114821635 1 53 0.221111 0.0089759999999999996 0.099764999999999993 0.0032180000000000004 0.00070299999999999985 0.0024989999999999999 0.0096469999999999993 0.051253 0.03295 0 0.042133999999999998 0.000736 0.00064600000000000009 0.0010820000000000001 0.0034580000000000001 0.063871000000000011 0.017237999999999996 0.0067270000000000029 0 2
77 linear 4 23 0.329239 11.878539736865063 1 53 0.20206099999999999 0.0081880000000000008 0.09708600000000002 0.0037229999999999997 0.00064700000000000001 0.0024229999999999998 0.0093539999999999995 0.051063999999999998 0.033897999999999998 0 0.025062999999999998 0.00071699999999999997 0.00059699999999999998 0.00094899999999999997 0.003078 0.062894999999999993 0.016609999999999996 0.0063040000000000023 0 3
77 uniform 0 0 0.65051999999999999 7.6606969272770442 1 89 0.46281899999999998 0.014973 0.14052200000000001 0.0055479999999999991 0.001475 0.0027399999999999998 0.011065 0.15360099999999999 0.035378 0 0.026370000000000001 0.00076199999999999998 0.139761 0.0012229999999999999 0.0039750000000000002 0.082475999999999994 0.043856999999999972 0 0 0
77 uniform 0 7 0.57038800000000001 7.6368325233288497 1 81 0.33635500000000002 0.012408000000000001 0.192916 0.0041849999999999995 0.001036 0.002846 0.010532 0.039192999999999999 0.033857999999999999 0 0.027193999999999999 0.00082700000000000004 0.133378 0.0010300000000000001 0.003542 0.14022499999999996 0.03981999999999998 0 0 1
77 uniform 0 15 0.42847800000000003 7.5163576101659713 1 81 0.197459 0.012151 0.19061500000000003 0.0039459999999999999 0.00090699999999999993 0.0025850000000000001 0.00958 0.035869999999999999 0.033326000000000001 0 0.026467000000000001 0.00070500000000000001 0.0041060000000000003 0.00092500000000000004 0.0034599999999999991 0.137958 0.039620999999999976 0 0 2
77 uniform 0 23 0.58630499999999997 7.2865461303660384 1 81 0.33044800000000002 0.011982 0.216638 0.0036700000000000001 0.00096400000000000001 0.0024729999999999999 0.009195 0.041228000000000001 0.032814999999999997 0 0.025597999999999999 0.00077899999999999996 0.13444800000000001 0.00098799999999999995 0.0032890000000000003 0.16415499999999994 0.039291 0 0 3
77 uniform 1 0 0.41739599999999999 8.5353650410028905 1 67 0.30593999999999999 0.0089090000000000003 0.08052800000000003 0.0032470000000000003 0.001062 0.002568 0.010699 0.16036300000000001 0.023389 0 0.026152999999999999 0.00081499999999999997 0.00059500000000000004 0.001225 0.0031130000000000003 0.047289000000000005 0.023219999999999994 0 0 0
77 uniform 1 7 0.41124100000000002 8.4932518153458467 1 67 0.177338 0.008515 0.20357499999999998 0.0029920000000000003 0.00088199999999999997 0.0024299999999999999 0.0098069999999999997 0.037270999999999999 0.021086000000000001 0 0.026394000000000001 0.00071000000000000002 0.00066700000000000006 0.001108 0.0030500000000000006 0.170403 0.023116000000000005 0 0 1
77 uniform 1 15 0.41638900000000001 8.440770369257697 1 67 0.17888399999999999 0.0088070000000000006 0.20664399999999997 0.0031970000000000002 0.00093099999999999997 0.002261 0.0096249999999999999 0.041024999999999999 0.020820000000000002 0 0.026287999999999999 0.00080599999999999997 0.00061499999999999999 0.0010020000000000001 0.0031159999999999998 0.17347400000000007 0.023105000000000007 0 0 2
77 uniform 1 23 0.41476099999999999 8.3841031874636549 1 67 0.17782100000000001 0.0087410000000000005 0.20633699999999994 0.0030229999999999996 0.00091100000000000013 0.0023860000000000001 0.0099349999999999994 0.039544000000000003 0.021326999999999999 0 0.026512999999999998 0.000785 0.00059500000000000004 0.001031 0.0030310000000000003 0.17315900000000004 0.023135999999999993 0 0 3
77 uniform 2 0 0.44148399999999999 54.707592924340254 1 82 0.29028199999999998 0.015994999999999999 0.10338700000000001 0.004666 0.0012390000000000001 0.0027780000000000001 0.011266999999999999 0.13032199999999999 0.021305000000000001 0 0.026669000000000002 0.00083199999999999995 0.0010429999999999999 0.00076900000000000004 0.0037919999999999998 0.060940000000000001 0.029325999999999994 0 0 0
77 uniform 2 7 0.52075800000000005 57.643945555254852 1 82 0.19122 0.015471 0.28237000000000001 0.0045170000000000002 0.001191 0.0025079999999999998 0.01031 0.037932 0.020753000000000001 0 0.026404 0.00084900000000000004 0.0010020000000000001 0.00070699999999999995 0.0036890000000000004 0.23871300000000006 0.030540999999999992 0 0 1
77 uniform 2 15 0.51098100000000002 62.204758696314357 1 82 0.18779499999999999 0.015049 0.27572800000000014 0.0048589999999999996 0.0012430000000000002 0.002431 0.0099959999999999997 0.033772000000000003 0.020587999999999999 0 0.026549 0.00078399999999999997 0.0010710000000000001 0.00074600000000000003 0.0037230000000000002 0.2332570000000001 0.029454999999999985 0 0 2
77 uniform 2 23 0.56291800000000003 71.289386521154597 1 98 0.17865700000000001 0.012714 0.33709299999999992 0.0057609999999999988 0.0012409999999999999 0.0024529999999999999 0.0097050000000000001 0.033056000000000002 0.021117 0 0.026015 0.000803 0.00085900000000000006 0.001111 0.0033750000000000004 0.28734900000000008 0.03353999999999998 0 0 3
77 uniform 3 0 0.378772 2.0789102560387058 1 45 0.29724299999999998 0.0088240000000000002 0.050489999999999993 0.002529 0.00077300000000000003 0.0028059999999999999 0.010943 0.14960999999999999 0.021742000000000001 0 0.025905999999999998 0.000852 0.00058500000000000002 0.0012080000000000001 0.0031780000000000003 0.02807500000000001 0.015591999999999995 0 0 0
77 uniform 3 7 0.35255500000000001 2.0802391231784449 1 45 0.18412200000000001 0.0089770000000000006 0.14182500000000001 0.0023530000000000001 0.00066299999999999996 0.002725 0.010323000000000001 0.041227 0.020961 0 0.025651 0.00086200000000000003 0.00061800000000000006 0.0011440000000000001 0.0031019999999999997 0.11906900000000002 0.015878000000000003 0 0 1
77 uniform 3 15 0.35556199999999999 2.0817747754389702 1 45 0.18629699999999999 0.0086840000000000007 0.14236200000000002 0.0023350000000000003 0.00066200000000000005 0.0024510000000000001 0.010982 0.042166000000000002 0.023106999999999999 0 0.025257000000000002 0.00074700000000000005 0.00063199999999999997 0.0010610000000000001 0.0033430000000000005 0.11833399999999998 0.016227000000000002 0 0 2
77 uniform 3 23 0.35191800000000001 2.0833288028152874 1 45 0.19068299999999999 0.0089460000000000008 0.13282899999999997 0.002581 0.00072900000000000005 0.0024099999999999998 0.010602 0.045411 0.024478 0 0.025725999999999999 0.00074799999999999997 0.00059299999999999999 0.001139 0.0033719999999999996 0.110212 0.015576 0 0 3
77 uniform 4 0 0.40651799999999999 12.12088588293607 1 37 0.34431200000000001 0.0083960000000000007 0.038797000000000005 0.0020590000000000001 0.00058 0.0029859999999999999 0.012407 0.18076200000000001 0.035681999999999998 0 0.026946999999999999 0.000785 0.00061799999999999995 0.001165 0.0035070000000000006 0.022361000000000002 0.010706000000000002 0 0 0
77 uniform 4 7 0.29842999999999997 12.059425571201061 1 37 0.209371 0.0080739999999999996 0.066458000000000003 0.0019750000000000002 0.00048700000000000002 0.0028149999999999998 0.010066 0.052639999999999999 0.034938999999999998 0 0.026991999999999999 0.00082100000000000001 0.00058900000000000001 0.0010679999999999999 0.0037129999999999997 0.049949999999999994 0.010915999999999997 0 0 1
77 uniform 4 15 0.28379900000000002 11.989124931705799 1 37 0.200235 0.0080879999999999997 0.061168000000000007 0.0017960000000000001 0.00053200000000000003 0.0024529999999999999 0.0092569999999999996 0.051123000000000002 0.030925999999999999 0 0.025526 0.00076800000000000002 0.00063299999999999999 0.0010640000000000001 0.0030740000000000003 0.044715000000000012 0.010906000000000002 0 0 2
77 uniform 4 23 0.28356500000000001 11.918821768649904 1 37 0.19749800000000001 0.0080009999999999994 0.063750000000000001 0.001799 0.000457 0.0022989999999999998 0.0089189999999999998 0.051089000000000002 0.031229 0 0.025104000000000001 0.00072900000000000005 0.00060299999999999991 0.001011 0.0030130000000000001 0.046959999999999995 0.011211000000000004 0 0 3
78 linear 0 0 0.45488800000000001 4.3293617412717618 1 82 0.30044399999999999 0.012864 0.11237399999999993 0.005189 0.0013269999999999998 0.0029650000000000002 0.011173000000000001 0.14780099999999999 0.022485000000000002 0 0.027237000000000001 0.00085400000000000005 0.00082700000000000004 0.0010529999999999999 0.003473 0.05824 0.026686000000000015 0.0097390000000000029 0 0
78 linear 0 7 0.50201899999999999 4.3463319972117862 1 82 0.20186599999999999 0.012347 0.25987400000000005 0.0044930000000000005 0.0011380000000000001 0.0028839999999999998 0.010638 0.048395000000000001 0.024473999999999999 0 0.027543000000000002 0.000776 0.00078899999999999999 0.0010640000000000001 0.00331 0.20526900000000003 0.027203000000000008 0.0097300000000000008 0 1
78 linear 0 15 0.47342899999999999 4.3679717548056898 1 82 0.19178100000000001 0.012004000000000001 0.24185800000000007 0.0042550000000000001 0.001212 0.002594 0.0099349999999999994 0.044408000000000003 0.021135000000000001 0 0.026786000000000001 0.00083299999999999997 0.00078299999999999984 0.0010009999999999999 0.0032709999999999996 0.18836899999999995 0.026280000000000008 0.009726000000000002 0 2
78 linear 0 23 0.45652900000000002 4.3921645405517991 1 82 0.184312 0.011913 0.23281000000000002 0.0042309999999999995 0.001057 0.0025600000000000002 0.0093749999999999997 0.038051000000000001 0.023844000000000001 0 0.025992999999999999 0.00077099999999999998 0.0008160000000000001 0.00096400000000000001 0.0031479999999999998 0.178342 0.027051000000000002 0.0097319999999999993 0 3
78 linear 1 0 0.61934999999999996 82.499472448436777 1 103 0.34669499999999998 0.013396 0.22672800000000001 0.0059179999999999996 0.001351 0.0028939999999999999 0.010609 0.17837900000000001 0.032334000000000002 0 0.026203000000000001 0.00078700000000000005 0.00081399999999999994 0.0010330000000000001 0.0037559999999999998 0.11256300000000001 0.046426000000000023 0.018604999999999993 0 0
78 linear 1 7 0.54914799999999997 85.032775036340183 1 103 0.220249 0.013263 0.28241999999999995 0.0058079999999999998 0.001188 0.0027339999999999999 0.010743000000000001 0.051098999999999999 0.033661999999999997 0 0.02724 0.00080400000000000003 0.00079699999999999997 0.001083 0.0039229999999999994 0.17085799999999995 0.047381000000000013 0.018626000000000004 0 1
78 linear 1 15 0.52533300000000005 86.98842140121593 1 103 0.21464 0.012744999999999999 0.26092400000000004 0.0055560000000000002 0.001062 0.0024740000000000001 0.010226000000000001 0.051225 0.032781999999999999 0 0.027338999999999999 0.00083000000000000001 0.00080200000000000009 0.001024 0.0036830000000000001 0.15015200000000009 0.044953999999999973 0.018664 0 2
78 linear 1 23 0.52005100000000004 88.284349994933578 1 103 0.21191599999999999 0.012479000000000001 0.26405699999999999 0.0052050000000000004 0.00098999999999999978 0.0023909999999999999 0.0096900000000000007 0.051152999999999997 0.032835999999999997 0 0.026629 0.00072300000000000001 0.000803 0.00095799999999999998 0.0035800000000000003 0.15310500000000005 0.04537199999999994 0.018708999999999996 0 3
78 linear 2 0 0.42662899999999998 5.3661182420275368 1 53 0.32637300000000002 0.0085459999999999998 0.069525999999999977 0.0038640000000000002 0.00073799999999999994 0.0028449999999999999 0.010401000000000001 0.17694199999999999 0.023688000000000001 0 0.026758000000000001 0.00080500000000000005 0.00061499999999999999 0.0011640000000000001 0.0032199999999999998 0.031630999999999999 0.019973000000000001 0.0063060000000000008 0 0
78 linear 2 7 0.31997900000000001 5.367347691839182 1 53 0.19350600000000001 0.0083929999999999994 0.096276000000000028 0.0034809999999999997 0.00071899999999999991 0.0025739999999999999 0.0099810000000000003 0.051059 0.022956000000000001 0 0.025905000000000001 0.00071000000000000002 0.00060500000000000007 0.0011559999999999999 0.0030769999999999999 0.062304999999999978 0.016216000000000005 0.006314000000000001 0 1
78 linear 2 15 0.31511099999999997 5.3689308370662774 1 53 0.19592899999999999 0.0082369999999999995 0.089707000000000051 0.0032789999999999998 0.00063400000000000001 0.0025439999999999998 0.010267999999999999 0.051196999999999999 0.023772999999999999 0 0.026350999999999999 0.000803 0.00061200000000000002 0.001083 0.0030540000000000003 0.056036999999999997 0.015934000000000004 0.0062880000000000002 0 2
78 linear 2 23 0.317907 5.3707043757052402 1 53 0.192576 0.0081060000000000004 0.092921999999999977 0.0032259999999999997 0.0006330000000000001 0.0023609999999999998 0.0095340000000000008 0.051194999999999997 0.023626999999999999 0 0.026345 0.000794 0.00058599999999999993 0.001044 0.0028779999999999999 0.058828000000000005 0.016262999999999996 0.0063190000000000017 0 3
78 linear 3 0 0.418041 1.8274825416961944 1 61 0.30517300000000003 0.0097310000000000001 0.078811999999999993 0.003712 0.00085999999999999998 0.0029099999999999998 0.011291000000000001 0.15431900000000001 0.025101999999999999 0 0.027616999999999999 0.00089700000000000001 0.00059400000000000002 0.001189 0.0031810000000000002 0.037296999999999997 0.020950999999999997 0.0072280000000000027 0 0
78 linear 3 7 0.445303 1.8187391404094857 1 61 0.192299 0.0093290000000000005 0.21943299999999993 0.0036810000000000002 0.00077399999999999995 0.0029099999999999998 0.010411999999999999 0.048481000000000003 0.023348000000000001 0 0.026637999999999998 0.00080000000000000004 0.00058 0.001139 0.0031150000000000001 0.17785400000000001 0.020990999999999999 0.0072360000000000037 0 1
78 linear 3 15 0.430365 1.8089282734786731 1 61 0.18077099999999999 0.0094389999999999995 0.215388 0.0038890000000000001 0.00079799999999999999 0.0026489999999999999 0.0099000000000000008 0.040447999999999998 0.020955999999999999 0 0.026608 0.00080699999999999999 0.00058499999999999991 0.001088 0.0029969999999999997 0.17357499999999995 0.021174999999999989 0.0072629999999999995 0 2
78 linear 3 23 0.43875399999999998 1.799306530472931 1 61 0.18535499999999999 0.0091610000000000007 0.21958600000000009 0.0037810000000000001 0.00073499999999999998 0.002696 0.010292000000000001 0.042525 0.022046 0 0.027674000000000001 0.00086799999999999996 0.00058399999999999988 0.001039 0.0030369999999999998 0.17768200000000003 0.020846999999999997 0.0072570000000000013 0 3
78 linear 4 0 0.41529300000000002 9.2537413030363798 1 53 0.316523 0.0088389999999999996 0.068247000000000002 0.0033760000000000001 0.00073200000000000001 0.002849 0.010831 0.17156299999999999 0.021597999999999999 0 0.027151999999999999 0.00082600000000000002 0.00060599999999999998 0.0012049999999999999 0.0031880000000000003 0.033994999999999997 0.016341999999999999 0.0062640000000000031 0 0
78 linear 4 7 0.35739799999999999 9.5393136387091904 1 53 0.185865 0.0086140000000000001 0.141731 0.0032929999999999999 0.00064199999999999999 0.0026029999999999998 0.010121 0.045894999999999998 0.021048999999999998 0 0.026658999999999999 0.00086499999999999999 0.00058600000000000004 0.0010510000000000001 0.0031779999999999998 0.10777900000000001 0.016000999999999998 0.0063100000000000014 0 1
78 linear 4 15 0.36551800000000001 9.9094241686892257 1 53 0.18729499999999999 0.0084530000000000004 0.14862700000000001 0.0031520000000000003 0.00063500000000000004 0.0023280000000000002 0.0097900000000000001 0.051699000000000002 0.020778000000000001 0 0.026183000000000001 0.00082100000000000001 0.00061600000000000001 0.0010579999999999999 0.003081 0.11444900000000001 0.016213999999999992 0.0062910000000000006 0 2
78 linear 4 23 0.35645100000000002 10.338611688807285 1 53 0.183138 0.0081010000000000006 0.14368600000000001 0.00347 0.00065000000000000008 0.0024680000000000001 0.0093380000000000008 0.045647 0.020865000000000002 0 0.026432000000000001 0.00074899999999999999 0.00065399999999999996 0.0010430000000000001 0.0030590000000000001 0.11019200000000001 0.015507 0.0063000000000000018 0 3
78 uniform 0 0 0.43934299999999998 4.2453562390264343 1 82 0.30180600000000002 0.012841 0.096505000000000007 0.0043299999999999996 0.0014199999999999998 0.002686 0.011195999999999999 0.14796699999999999 0.022557000000000001 0 0.027231000000000002 0.00084099999999999995 0.00079500000000000013 0.0010690000000000001 0.0034840000000000001 0.057539000000000021 0.026628000000000023 0 0 0
78 uniform 0 7 0.48477999999999999 4.2621659541034074 1 82 0.200428 0.012304000000000001 0.24428700000000006 0.0041969999999999993 0.0011620000000000001 0.0026519999999999998 0.0099100000000000004 0.048257000000000001 0.021149999999999999 0 0.026932000000000001 0.00087299999999999997 0.00079100000000000004 0.0010449999999999999 0.0033440000000000006 0.20489099999999999 0.027069000000000003 0 0 1
78 uniform 0 15 0.45512599999999998 4.2836227012376487 1 82 0.189197 0.012074 0.226492 0.0038470000000000006 0.0011789999999999999 0.0025920000000000001 0.0094249999999999994 0.044250999999999999 0.020892999999999998 0 0.026429000000000001 0.00085599999999999999 0.00080800000000000002 0.00085899999999999995 0.0031919999999999995 0.18786199999999997 0.026339000000000015 0 0 2
78 uniform 0 23 0.44294 4.3076305782691424 1 82 0.18448400000000001 0.012016000000000001 0.21924399999999997 0.0037269999999999998 0.0010400000000000001 0.0023600000000000001 0.0092300000000000004 0.038220999999999998 0.020902 0 0.026020999999999999 0.00073499999999999998 0.00080000000000000004 0.00088599999999999996 0.0068580000000000004 0.17939800000000009 0.027289999999999998 0 0 3
78 uniform 1 0 0.59697 82.403635200603574 1 111 0.35481099999999999 0.014737999999999999 0.19067000000000006 0.0063810000000000004 0.001542 0.0029810000000000001 0.011948 0.179923 0.035718 0 0.026518 0.00084000000000000003 0.000803 0.001132 0.0038429999999999996 0.11970200000000002 0.050783999999999996 0 0 0
78 uniform 1 7 0.55587299999999995 84.695025182693044 1 111 0.227496 0.01431 0.27736000000000011 0.005849 0.0012409999999999999 0.0029350000000000001 0.012368000000000001 0.052630000000000003 0.034685000000000001 0 0.031348000000000001 0.00084099999999999995 0.00080200000000000009 0.0010120000000000001 0.0036639999999999989 0.20471200000000006 0.050996999999999994 0 0 1
78 uniform 1 15 0.49692599999999998 86.165010259435419 1 111 0.21457699999999999 0.012843 0.23502599999999998 0.0053319999999999999 0.0012719999999999999 0.0028080000000000002 0.011483999999999999 0.052664000000000002 0.031230999999999998 0 0.027459999999999998 0.00082799999999999996 0.00080199999999999998 0.0010330000000000001 0.0035780000000000005 0.16883500000000004 0.046881999999999965 0 0 2
78 uniform 1 23 0.50307299999999999 86.952627102157933 1 111 0.21315000000000001 0.012453000000000001 0.24349099999999996 0.0049959999999999996 0.0011460000000000001 0.0024269999999999999 0.0096050000000000007 0.054004000000000003 0.031505999999999999 0 0.026578000000000001 0.000727 0.00083099999999999992 0.00099099999999999991 0.0035870000000000003 0.17663900000000002 0.04755999999999997 0 0 3
78 uniform 2 0 0.387436 5.3663597183074474 1 37 0.32424599999999998 0.008371 0.039948999999999998 0.0021090000000000002 0.00055800000000000001 0.0027820000000000002 0.010170999999999999 0.17725399999999999 0.021822000000000001 0 0.027151000000000002 0.00078899999999999999 0.00063900000000000003 0.0011789999999999999 0.0031809999999999998 0.023243 0.011076999999999995 0 0 0
78 uniform 2 7 0.28322999999999998 5.3675866103712195 1 37 0.19638700000000001 0.0083059999999999991 0.063169000000000003 0.0021459999999999999 0.00055899999999999993 0.0025829999999999998 0.0099989999999999992 0.051144000000000002 0.020959999999999999 0 0.0263 0.000794 0.00060000000000000006 0.0012279999999999999 0.0031719999999999999 0.04695499999999999 0.010716999999999999 0 0 1
78 uniform 2 15 0.27352599999999999 5.369166905437698 1 37 0.19129099999999999 0.0081980000000000004 0.05958200000000001 0.0019070000000000001 0.000484 0.0025790000000000001 0.0099769999999999998 0.051083000000000003 0.020877 0 0.025850999999999999 0.00081499999999999997 0.00059800000000000001 0.0010269999999999999 0.0030639999999999999 0.043191 0.010755000000000001 0 0 2
78 uniform 2 23 0.26791599999999999 5.3709376707299628 1 37 0.18851699999999999 0.0081279999999999998 0.05680300000000002 0.001786 0.000457 0.0023479999999999998 0.0093159999999999996 0.051028999999999998 0.020992 0 0.025773000000000001 0.000745 0.000602 0.0009990000000000001 0.0029909999999999997 0.040584000000000002 0.010646000000000001 0 0 3
78 uniform 3 0 0.38794699999999999 1.8316692163165302 1 45 0.306419 0.0095490000000000002 0.05411599999999997 0.0023349999999999998 0.00075900000000000002 0.0029150000000000001 0.011225000000000001 0.15471799999999999 0.022606000000000001 0 0.027328000000000002 0.00083699999999999996 0.000602 0.001206 0.0032560000000000002 0.032023999999999997 0.015362999999999998 0 0 0
78 uniform 3 7 0.36057899999999998 1.8226716933658151 1 45 0.191021 0.0093349999999999995 0.14240099999999997 0.0023770000000000002 0.00068599999999999998 0.0027880000000000001 0.010397 0.048626000000000003 0.021451999999999999 0 0.026768 0.00084500000000000005 0.00058799999999999998 0.00106 0.0031339999999999996 0.12012799999999997 0.015502000000000002 0 0 1
78 uniform 3 15 0.34736800000000001 1.8125921643915981 1 45 0.181336 0.0093109999999999998 0.13914099999999996 0.0022769999999999995 0.00064400000000000004 0.002604 0.010139 0.037967000000000001 0.022971999999999999 0 0.027290999999999999 0.00077800000000000005 0.00059399999999999991 0.00099500000000000001 0.0030370000000000002 0.11662400000000003 0.015557999999999999 0 0 2
78 uniform 3 23 0.35705599999999998 1.8027229048409878 1 45 0.18834400000000001 0.0092779999999999998 0.14208699999999991 0.0022930000000000003 0.00059400000000000002 0.0024009999999999999 0.0093270000000000002 0.042629 0.022922000000000001 0 0.027092999999999999 0.00079500000000000003 0.00060999999999999997 0.00092500000000000004 0.0029410000000000005 0.12003299999999999 0.015079999999999998 0 0 3
78 uniform 4 0 0.38052999999999998 9.2709823521498205 1 37 0.31704599999999999 0.0086920000000000001 0.040270999999999994 0.001867 0.00055099999999999995 0.0027390000000000001 0.011022000000000001 0.16897799999999999 0.023074000000000001 0 0.027722 0.00076499999999999995 0.00059999999999999995 0.001196 0.0031840000000000006 0.023804000000000002 0.010862999999999998 0 0 0
78 uniform 4 7 0.30160900000000002 9.5598696668340057 1 37 0.186917 0.008482 0.091886999999999983 0.001797 0.00050600000000000005 0.0024680000000000001 0.010399 0.045969000000000003 0.022898000000000002 0 0.027002999999999999 0.000803 0.00060700000000000001 0.001062 0.0032010000000000003 0.075312000000000004 0.010940999999999999 0 0 1
78 uniform 4 15 0.306786 9.9350029577007888 1 37 0.19262499999999999 0.0084899999999999993 0.091443999999999998 0.001768 0.00047599999999999997 0.0023389999999999999 0.0097230000000000007 0.051549999999999999 0.025859 0 0.026238000000000001 0.00074899999999999999 0.00060499999999999996 0.001057 0.0030179999999999998 0.074772000000000019 0.011102000000000001 0 0 2
78 uniform 4 23 0.30528899999999998 10.371184767385392 1 37 0.185942 0.0083990000000000002 0.096116000000000007 0.002039 0.00047000000000000004 0.0023400000000000001 0.0094369999999999992 0.045578 0.022880999999999999 0 0.026672999999999999 0.00077200000000000001 0.00063399999999999991 0.0010020000000000001 0.0031280000000000001 0.080127000000000004 0.010447000000000001 0 0 3
79 linear 0 0 0.73153199999999996 125.8681325520937 1 133 0.40826200000000001 0.013159000000000001 0.26625499999999996 0.0085890000000000011 0.00198 0.0030219999999999999 0.011076000000000001 0.13501299999999999 0.035267 0 0.026565999999999999 0.00077399999999999995 0.10085 0.0011000000000000001 0.0039199999999999999 0.13828799999999994 0.050196999999999999 0.019483999999999991 0 0
79 linear 0 7 0.660528 132.06942347531648 1 133 0.31760500000000003 0.013138 0.28710999999999998 0.0076970000000000007 0.001781 0.0026440000000000001 0.010655 0.029531000000000002 0.023817999999999999 0 0.026009000000000001 0.00084400000000000002 0.13108300000000001 0.001114 0.003699 0.16089800000000001 0.050247999999999966 0.019455000000000004 0 1
79 linear 0 15 0.68892799999999998 138.05514943668589 1 148 0.295464 0.013350000000000001 0.33185699999999979 0.0087819999999999999 0.0021550000000000002 0.002575 0.010475 0.0339 0.023342999999999999 0 0.026835999999999999 0.00077899999999999996 0.10158300000000001 0.001109 0.0039189999999999997 0.18752399999999997 0.057980999999999977 0.022191000000000016 0 2
79 linear 0 23 0.69973300000000005 143.51409911235282 1 140 0.32820199999999999 0.013169 0.31382899999999991 0.0073869999999999995 0.0020210000000000002 0.0028509999999999998 0.010437 0.032913999999999999 0.021336000000000001 0 0.026078 0.00074399999999999998 0.13775699999999999 0.0010660000000000001 0.007646 0.17725599999999997 0.057326999999999982 0.022081999999999984 0 3
79 linear 1 0 0.44640099999999999 59.973709089549317 1 82 0.28891699999999998 0.012828000000000001 0.11383699999999997 0.0055630000000000002 0.0011550000000000002 0.0027269999999999998 0.010477 0.134657 0.02171 0 0.027126999999999998 0.00086899999999999998 0.00079900000000000012 0.001122 0.0035749999999999996 0.058074999999999981 0.026113000000000004 0.010570000000000005 0 0
79 linear 1 7 0.41128999999999999 65.572352285122435 1 82 0.18704999999999999 0.012756 0.18212400000000009 0.004973 0.0013270000000000001 0.0027420000000000001 0.010538 0.029145000000000001 0.021240999999999999 0 0.026890000000000001 0.00082600000000000002 0.00080599999999999997 0.0010560000000000001 0.0035799999999999998 0.12409500000000001 0.026098999999999987 0.011586000000000003 0 1
79 linear 1 15 0.46603099999999997 73.996789825438242 1 97 0.184978 0.012616 0.23339600000000005 0.0056470000000000001 0.001464 0.0025950000000000001 0.010231000000000001 0.034960999999999999 0.021037 0 0.027036000000000001 0.000803 0.00079000000000000001 0.0010070000000000001 0.0034149999999999996 0.15799899999999995 0.035072999999999979 0.015082000000000003 0 2
79 linear 1 23 0.36802800000000002 85.515979700683175 1 74 0.17433999999999999 0.0094940000000000007 0.16035099999999994 0.0039549999999999993 0.001114 0.0024290000000000002 0.0098849999999999997 0.032175000000000002 0.021326999999999999 0 0.026367000000000002 0.000883 0.00067400000000000001 0.0011069999999999999 0.0030860000000000002 0.10492700000000002 0.024994999999999989 0.011429999999999996 0 3
79 linear 2 0 0.76220100000000002 76.76160998007758 1 151 0.407939 0.012852000000000001 0.29043900000000006 0.011695000000000001 0.002003 0.002503 0.01069 0.12543599999999999 0.022407 0 0.027439999999999999 0.00084599999999999996 0.12415400000000001 0.00099099999999999991 0.0036459999999999999 0.14656299999999989 0.059448999999999953 0.021735999999999991 0 0
79 linear 2 7 0.60082500000000005 64.589645371744325 1 112 0.287684 0.012566000000000001 0.26227499999999998 0.0068010000000000006 0.0015370000000000002 0.0028709999999999999 0.011568999999999999 0.022941 0.022565999999999999 0 0.028771000000000001 0.00090600000000000001 0.10117200000000001 0.0009810000000000001 0.0037010000000000007 0.14916600000000002 0.042076000000000002 0.015248999999999999 0 1
79 linear 2 15 0.53380700000000003 58.773638492414463 1 112 0.17653199999999999 0.011953999999999999 0.30701400000000012 0.0066449999999999999 0.0014900000000000002 0.0027230000000000002 0.011202999999999999 0.015751999999999999 0.022075999999999998 0 0.028583000000000001 0.00092000000000000003 0.0018259999999999999 0.00093899999999999995 0.0036289999999999998 0.1791809999999999 0.048353999999999994 0.018671999999999994 0 2
79 linear 2 23 0.54894200000000004 54.150439442214577 1 119 0.189085 0.013924000000000001 0.30410399999999982 0.0078539999999999999 0.0016929999999999998 0.002813 0.012612999999999999 0.022995999999999999 0.024534 0 0.027883999999999999 0.00087600000000000004 0.00083000000000000001 0.00096400000000000001 0.003839 0.18085099999999998 0.046381999999999972 0.016812000000000007 0 3
79 linear 3 0 0.495952 1.6321744577110495 1 61 0.37104900000000002 0.012940999999999999 0.085811000000000012 0.0045330000000000006 0.0009990000000000001 0.0032750000000000001 0.013528999999999999 0.16880700000000001 0.025773999999999998 0 0.027300999999999999 0.000861 0.045093000000000001 0.001242 0.0035430000000000001 0.039757000000000015 0.024583999999999984 0.0074050000000000001 0 0
79 linear 3 7 0.59416199999999997 1.6077368337311528 1 61 0.41011599999999998 0.0084989999999999996 0.15006600000000006 0.0045710000000000004 0.00092099999999999994 0.0028479999999999998 0.010873000000000001 0.042391999999999999 0.021436 0 0.026622 0.00084000000000000003 0.22548700000000002 0.0011820000000000001 0.0031469999999999996 0.10588899999999998 0.023410999999999994 0.0072540000000000018 0 1
79 linear 3 15 0.62841499999999995 1.5872647072188326 1 61 0.45441999999999999 0.0083510000000000008 0.14118999999999998 0.0038380000000000003 0.00080399999999999992 0.0026749999999999999 0.010496 0.040982999999999999 0.021649000000000002 0 0.027175999999999999 0.00074700000000000005 0.26997800000000005 0.0011460000000000001 0.0029870000000000001 0.098332999999999976 0.022093999999999996 0.0072400000000000042 0 2
79 linear 3 23 0.62168100000000004 1.5714297019304313 1 61 0.44629400000000002 0.0082290000000000002 0.14319399999999999 0.0037460000000000002 0.00072599999999999997 0.0026610000000000002 0.010043 0.044537 0.020981 0 0.026627000000000001 0.00077499999999999997 0.262797 0.001137 0.0030000000000000005 0.10030199999999999 0.022075999999999991 0.0072630000000000021 0 3
79 linear 4 0 0.65937000000000001 1.3622764834258305 1 61 0.54153200000000001 0.0084119999999999993 0.085458999999999993 0.0037330000000000002 0.00072099999999999996 0.002611 0.010512000000000001 0.132609 0.021797 0 0.026832999999999999 0.000785 0.26682899999999998 0.0011410000000000001 0.0030599999999999998 0.040582999999999987 0.024115999999999995 0.0072120000000000005 0 0
79 linear 4 7 0.50524100000000005 1.3543452922933732 1 61 0.33320300000000003 0.0082190000000000006 0.13982600000000001 0.003666 0.00074500000000000011 0.0025000000000000001 0.0097769999999999992 0.020211 0.020958999999999998 0 0.025711000000000001 0.00070799999999999997 0.17659100000000003 0.001091 0.0029969999999999997 0.096876999999999949 0.02224700000000001 0.0072269999999999999 0 1
79 linear 4 15 0.47607300000000002 1.3462459778291382 1 61 0.30787199999999998 0.0082950000000000003 0.13551199999999999 0.0039769999999999996 0.00074299999999999995 0.002294 0.0098040000000000002 0.030783999999999999 0.022627000000000001 0 0.025536 0.00076099999999999996 0.13854899999999998 0.0010950000000000001 0.0030130000000000001 0.093095999999999998 0.021753000000000002 0.0072420000000000019 0 2
79 linear 4 23 0.46335799999999999 1.3390550963406005 1 61 0.29331200000000002 0.0081759999999999992 0.13573900000000003 0.0036410000000000001 0.00079599999999999994 0.002369 0.0099279999999999993 0.020736999999999998 0.022936000000000002 0 0.026408999999999998 0.00076400000000000003 0.13329899999999997 0.001005 0.002918 0.093248999999999985 0.021891999999999988 0.0072390000000000015 0 3
79 uniform 0 0 0.67073300000000002 124.51584841161869 1 133 0.409497 0.013246000000000001 0.20587699999999989 0.0073340000000000011 0.001823 0.0028509999999999998 0.011368 0.135264 0.034769000000000001 0 0.02681 0.000861 0.10076499999999999 0.001078 0.0039640000000000005 0.13436000000000001 0.050053999999999967 0 0 0
79 uniform 0 7 0.62852699999999995 129.72907953516957 1 141 0.32042500000000002 0.013072 0.25082399999999994 0.007208 0.0017589999999999999 0.0027590000000000002 0.010904 0.029593999999999999 0.022634999999999999 0 0.026126 0.000794 0.13338300000000003 0.0010889999999999999 0.0038639999999999998 0.171206 0.056493999999999989 0 0 1
79 uniform 0 15 0.62320399999999998 135.05154239327393 1 148 0.29443399999999997 0.013471 0.26979799999999993 0.0070430000000000006 0.001877 0.0026440000000000001 0.010883 0.030755000000000001 0.022897000000000001 0 0.026828000000000001 0.000785 0.101551 0.001119 0.004033000000000001 0.185557 0.060177000000000001 0 0 2
79 uniform 0 23 0.62192599999999998 140.57607584440208 1 132 0.32855800000000002 0.013096999999999999 0.23907199999999992 0.0058230000000000001 0.0016930000000000001 0.0027490000000000001 0.010710000000000001 0.032939000000000003 0.023275000000000001 0 0.026525 0.00080000000000000004 0.13766400000000001 0.0010070000000000001 0.003718 0.16489400000000004 0.052542999999999986 0 0 3
79 uniform 1 0 0.43690600000000002 61.470568920348036 1 82 0.29640899999999998 0.012817 0.097117000000000009 0.0050360000000000005 0.0011440000000000001 0.002758 0.010914999999999999 0.13525499999999999 0.023088999999999998 0 0.027949000000000002 0.00088599999999999996 0.00080900000000000004 0.001091 0.0034990000000000004 0.058140000000000039 0.026156999999999989 0 0 0
79 uniform 1 7 0.415912 67.153641012539595 1 90 0.18044099999999999 0.012430999999999999 0.18962900000000005 0.0054159999999999998 0.0012470000000000001 0.0026129999999999999 0.010433 0.029123 0.021148 0 0.026970000000000001 0.00078899999999999999 0.00079400000000000011 0.00095500000000000001 0.0035759999999999998 0.14647700000000005 0.028643000000000023 0 0 1
79 uniform 1 15 0.48363400000000001 75.923647956430159 1 113 0.18426799999999999 0.012484 0.24609999999999999 0.0061110000000000001 0.001663 0.0025699999999999998 0.010219000000000001 0.034987999999999998 0.020965999999999999 0 0.027106999999999999 0.00075699999999999997 0.00080499999999999994 0.00093300000000000002 0.003395 0.18663800000000003 0.04097399999999999 0 0 2
79 uniform 1 23 0.34658800000000001 87.604431854589834 1 74 0.17455499999999999 0.0093589999999999993 0.13961799999999999 0.0034910000000000002 0.00099799999999999997 0.002529 0.0097870000000000006 0.032178999999999999 0.021468000000000001 0 0.026637000000000001 0.00089400000000000005 0.00066600000000000003 0.0011069999999999999 0.0031149999999999997 0.10244299999999999 0.024981000000000003 0 0 3
79 uniform 2 0 0.70391800000000004 80.385692319486978 1 151 0.40734700000000001 0.012695 0.23432699999999992 0.010521000000000001 0.001869 0.0024710000000000001 0.010777999999999999 0.12517900000000001 0.021964000000000001 0 0.027431000000000001 0.00097199999999999999 0.12411 0.00096699999999999998 0.0036349999999999998 0.15076099999999998 0.059272999999999881 0 0 0
79 uniform 2 7 0.54163099999999997 65.538812871121308 1 112 0.283773 0.012437999999999999 0.20827000000000012 0.006017999999999999 0.0014070000000000003 0.0028400000000000001 0.011494000000000001 0.022855 0.022289 0 0.028428999999999999 0.00092100000000000005 0.10108200000000001 0.00092599999999999996 0.0036489999999999995 0.14860399999999999 0.041955000000000013 0 0 1
79 uniform 2 15 0.44918999999999998 59.302402825936177 1 112 0.17485300000000001 0.011785 0.22603199999999998 0.0055379999999999995 0.0013940000000000001 0.002624 0.01108 0.015727999999999999 0.021845 0 0.028434999999999998 0.00088000000000000003 0.0017720000000000001 0.00092599999999999996 0.0035600000000000007 0.16512599999999988 0.042633999999999991 0 0 2
79 uniform 2 23 0.46008399999999999 54.500073588338616 1 119 0.18173900000000001 0.012477 0.226075 0.006613 0.001691 0.002712 0.011294999999999999 0.021680999999999999 0.021569000000000001 0 0.028060999999999999 0.00091 0.00085100000000000009 0.00091699999999999995 0.0036489999999999999 0.16475799999999999 0.042098999999999991 0 0 3
79 uniform 3 0 0.44942500000000002 1.6361562222099206 1 45 0.36685099999999998 0.0086730000000000002 0.055499999999999994 0.0028579999999999999 0.00076000000000000004 0.0031150000000000001 0.012326 0.16756699999999999 0.022268 0 0.027479 0.00084900000000000004 0.04863 0.001183 0.0032079999999999999 0.031299999999999988 0.017423000000000001 0 0 0
79 uniform 3 7 0.55125299999999999 1.6104313836867046 1 45 0.411306 0.0095750000000000002 0.111523 0.0026719999999999999 0.00075599999999999994 0.0029039999999999999 0.011133000000000001 0.042388000000000002 0.021364000000000001 0 0.026280000000000001 0.00080500000000000005 0.22579400000000002 0.00115 0.0034010000000000004 0.084076000000000012 0.019136999999999994 0 0 1
79 uniform 3 15 0.57959499999999997 1.5892149828574416 1 45 0.46057100000000001 0.0084440000000000001 0.092611000000000013 0.0024910000000000002 0.00064199999999999999 0.002797 0.011705 0.04215 0.024136999999999999 0 0.026131000000000001 0.00076300000000000001 0.27205400000000007 0.0011150000000000001 0.0033369999999999997 0.068607000000000015 0.017044000000000004 0 0 2
79 uniform 3 23 0.58268500000000001 1.5729585304347724 1 45 0.45686399999999999 0.0085859999999999999 0.098114000000000007 0.002911 0.00069099999999999999 0.0026380000000000002 0.011651999999999999 0.046051000000000002 0.024527 0 0.026499000000000002 0.00071900000000000002 0.263295 0.0011670000000000001 0.0032869999999999996 0.073008000000000045 0.017471999999999991 0 0 3
79 uniform 4 0 0.632683 1.3633148848348668 1 45 0.54807099999999997 0.0085389999999999997 0.058427 0.0023779999999999999 0.00062500000000000001 0.0029239999999999999 0.012237 0.13641600000000001 0.021833000000000002 0 0.026599000000000001 0.00077700000000000002 0.26723799999999998 0.001129 0.0031179999999999997 0.03246700000000001 0.019187000000000003 0 0 0
79 uniform 4 7 0.44719900000000001 1.3552529875631425 1 45 0.33307700000000001 0.0084449999999999994 0.088288999999999979 0.002264 0.00056999999999999998 0.0027109999999999999 0.0098239999999999994 0.020098000000000001 0.021186 0 0.025579000000000001 0.00070200000000000004 0.17618600000000001 0.001096 0.0030030000000000005 0.063734000000000013 0.017828 0 0 1
79 uniform 4 15 0.42122399999999999 1.3470318187082608 1 45 0.30699599999999999 0.0081099999999999992 0.088833999999999996 0.0022299999999999998 0.00056599999999999999 0.002434 0.0092790000000000008 0.033751999999999997 0.020982000000000001 0 0.025616 0.00066399999999999999 0.13848799999999997 0.0011199999999999999 0.0029239999999999999 0.064672999999999981 0.017395000000000008 0 0 2
79 uniform 4 23 0.40049899999999999 1.3397424668907767 1 45 0.28726099999999999 0.0080890000000000007 0.087982000000000005 0.0022759999999999998 0.00054900000000000001 0.0024510000000000001 0.009025 0.020580000000000001 0.0206 0 0.025758 0.00075199999999999996 0.13322500000000001 0.0010150000000000001 0.0029620000000000002 0.063794000000000003 0.017476999999999996 0 0 3
80 linear 0 0 0.51325100000000001 79.208901621083783 1 67 0.33890100000000001 0.011745999999999999 0.13824600000000001 0.0045100000000000001 0.0011119999999999999 0.0029529999999999999 0.01102 0.17396700000000001 0.032328000000000003 0 0.025883 0.00084099999999999995 0.000803 0.0011310000000000001 0.0034740000000000001 0.078632000000000021 0.020703000000000006 0.0067830000000000008 0 0
80 linear 0 7 0.49342000000000003 79.903964594317159 1 67 0.2094 0.011299999999999999 0.24908499999999997 0.0038959999999999997 0.0010709999999999999 0.0030249999999999999 0.010707 0.047577000000000001 0.031516000000000002 0 0.026765000000000001 0.00082200000000000003 0.00079900000000000001 0.001062 0.003398 0.18929499999999996 0.020635000000000011 0.006777 0 1
80 linear 0 15 0.48844599999999999 80.693714977183149 1 67 0.20816000000000001 0.011454000000000001 0.245727 0.0035979999999999996 0.00088500000000000004 0.002666 0.010107 0.048294999999999998 0.032174000000000001 0 0.025857999999999999 0.00078399999999999997 0.00077699999999999991 0.001059 0.0032980000000000002 0.18704799999999991 0.020035000000000015 0.006778000000000001 0 2
80 linear 0 23 0.46005000000000001 81.478476770475737 1 67 0.19044800000000001 0.011546000000000001 0.235181 0.003503 0.00090700000000000004 0.002408 0.0095049999999999996 0.045768000000000003 0.022355 0 0.025444999999999999 0.000843 0.00081099999999999998 0.00101 0.0032239999999999994 0.17643899999999998 0.020465999999999998 0.0067420000000000006 0 3
80 linear 1 0 0.53186800000000001 581.83611033365946 1 66 0.315465 0.012501 0.18179600000000001 0.003601 0.00096999999999999994 0.0026050000000000001 0.010763999999999999 0.16103999999999999 0.026757 0 0.026030999999999999 0.00086200000000000003 0.00082299999999999995 0.00099200000000000004 0.003375 0.12225 0.01877499999999999 0.0066500000000000023 0 0
80 linear 1 7 0.42508699999999999 604.60148831799029 1 66 0.18709600000000001 0.012288 0.20346500000000015 0.0036340000000000001 0.00086200000000000014 0.0025110000000000002 0.010166 0.039876000000000002 0.022884999999999999 0 0.025453 0.00083100000000000003 0.00077200000000000012 0.00096100000000000005 0.0033029999999999999 0.14443799999999996 0.018592999999999995 0.0066510000000000024 0 1
80 linear 1 15 0.41739700000000002 614.0832531898094 1 66 0.18305299999999999 0.012059 0.20047299999999996 0.0031770000000000001 0.00087600000000000004 0.0026259999999999999 0.010319 0.036749999999999998 0.023037999999999999 0 0.026365 0.00085499999999999997 0.00077600000000000011 0.00089899999999999995 0.003235 0.14152400000000001 0.018657 0.0066300000000000022 0 2
80 linear 1 23 0.42152299999999998 608.97545135839459 1 66 0.18590899999999999 0.012019 0.20228300000000007 0.0031539999999999997 0.0008389999999999999 0.0022720000000000001 0.0096930000000000002 0.043208000000000003 0.023098 0 0.025451999999999999 0.00078399999999999997 0.0007899999999999999 0.00079500000000000003 0.0032910000000000001 0.14362999999999998 0.018328999999999998 0.0066320000000000016 0 3
80 linear 2 0 0.74345700000000003 164.26028334424149 1 67 0.53583899999999995 0.0126 0.17142299999999996 0.0036770000000000001 0.0010370000000000002 0.0024710000000000001 0.0099839999999999998 0.181949 0.023817999999999999 0 0.025522 0.00080900000000000004 0.20358300000000001 0.00098200000000000002 0.0033400000000000001 0.11187499999999999 0.019975000000000007 0.0067760000000000016 0 0
80 linear 2 7 0.63745099999999999 73.344187754671353 1 67 0.40165400000000001 0.012243 0.20032799999999995 0.0034600000000000004 0.00098700000000000003 0.0024130000000000002 0.0097649999999999994 0.051435000000000002 0.022884000000000002 0 0.025606 0.000812 0.20363199999999998 0.00093999999999999997 0.0032299999999999998 0.13573199999999996 0.020811000000000007 0.0067920000000000012 0 1
80 linear 2 15 0.48492099999999999 28.991936093168079 1 53 0.29572199999999998 0.0089210000000000001 0.15814600000000004 0.0038780000000000004 0.00069099999999999999 0.0023530000000000001 0.0091369999999999993 0.051112999999999999 0.021465999999999999 0 0.025281999999999999 0.00082700000000000004 0.10777600000000001 0.0011980000000000001 0.0030059999999999991 0.10572100000000004 0.016421000000000002 0.0050940000000000013 0 2
80 linear 2 23 0.57813099999999995 29.003307656427481 1 53 0.38383600000000001 0.0087600000000000004 0.16400999999999996 0.0037879999999999997 0.00065200000000000002 0.002415 0.0090240000000000008 0.051220000000000002 0.021080999999999999 0 0.024656999999999998 0.00073700000000000002 0.19902800000000001 0.0010859999999999999 0.0029719999999999994 0.11211300000000003 0.015810999999999995 0.0051080000000000006 0 3
80 linear 3 0 0.79876199999999997 786.5239556350831 1 91 0.50919599999999998 0.015679999999999999 0.23753800000000008 0.0062070000000000007 0.0012340000000000001 0.0024880000000000002 0.0097470000000000005 0.182395 0.031898999999999997 0 0.025533 0.00078100000000000001 0.16392499999999996 0.00077499999999999997 0.003434 0.16446099999999997 0.026328000000000011 0.0096980000000000018 0 0
80 linear 3 7 0.73724699999999999 808.53672311118908 1 91 0.41990300000000003 0.015353 0.26594799999999996 0.0058539999999999998 0.001078 0.0024480000000000001 0.0098549999999999992 0.053934000000000003 0.031268999999999998 0 0.025557 0.00086499999999999999 0.20353599999999999 0.00077499999999999997 0.003520999999999999 0.19286700000000007 0.026286999999999994 0.0097250000000000027 0 1
80 linear 3 15 0.73952300000000004 836.59820851092547 1 91 0.43098500000000001 0.015082999999999999 0.2580610000000001 0.0055440000000000003 0.0011070000000000001 0.0023909999999999999 0.0092919999999999999 0.051248000000000002 0.031322999999999997 0 0.025086000000000001 0.00080099999999999995 0.22076200000000001 0.00064999999999999997 0.0034719999999999998 0.18526899999999999 0.025993999999999982 0.0097080000000000031 0 2
80 linear 3 23 0.62045700000000004 868.54220957482642 1 91 0.30830600000000002 0.014968 0.2623479999999998 0.0053950000000000005 0.0010280000000000001 0.002173 0.0086859999999999993 0.051091999999999999 0.021139000000000002 0 0.025467 0.00083500000000000002 0.110484 0.00058600000000000004 0.003439999999999999 0.18911600000000003 0.026401999999999995 0.0097230000000000025 0 3
80 linear 4 0 0.558419 93.400248426140237 1 83 0.32000000000000001 0.01555 0.19023400000000001 0.0048389999999999996 0.001304 0.0024580000000000001 0.010181000000000001 0.160496 0.024733000000000002 0 0.026026000000000001 0.00086799999999999996 0.00099699999999999984 0.00069800000000000005 0.0037729999999999994 0.114691 0.027345000000000015 0.0088869999999999973 0 0
80 linear 4 7 0.54700599999999999 92.81683744919232 1 83 0.201046 0.015672999999999999 0.297539 0.0047519999999999993 0.0012259999999999999 0.0024729999999999999 0.011072 0.045337000000000002 0.024398 0 0.025441999999999999 0.00079799999999999999 0.00096000000000000002 0.000602 0.0036989999999999996 0.221523 0.026500999999999983 0.0091709999999999951 0 1
80 linear 4 15 0.53039999999999998 92.166071179423241 1 83 0.203125 0.014388 0.27929699999999991 0.005228 0.0011510000000000001 0.0023670000000000002 0.0094190000000000003 0.045249999999999999 0.024091000000000001 0 0.026738000000000001 0.00079100000000000004 0.00099899999999999989 0.00067400000000000001 0.0040059999999999991 0.20383999999999999 0.02700099999999999 0.008845999999999998 0 2
80 linear 4 23 0.52475300000000002 91.53162678310548 1 83 0.19143099999999999 0.013772 0.28750300000000001 0.0048520000000000004 0.001075 0.002617 0.0090930000000000004 0.043899000000000001 0.020840999999999998 0 0.025125999999999999 0.00083199999999999995 0.00096499999999999993 0.00067400000000000001 0.0033569999999999997 0.21134 0.029176999999999963 0.0086660000000000036 0 3
80 uniform 0 0 0.47361900000000001 78.836661545447285 1 67 0.33067200000000002 0.011514 0.10847899999999998 0.0035429999999999997 0.00097900000000000005 0.0026129999999999999 0.0099249999999999998 0.171712 0.031835000000000002 0 0.025884000000000001 0.00076000000000000004 0.00077399999999999995 0.0011720000000000001 0.0032750000000000006 0.077939999999999995 0.02052600000000001 0 0 0
80 uniform 0 7 0.456816 79.444492554749559 1 67 0.201403 0.013733 0.21883900000000001 0.0032239999999999999 0.00086600000000000002 0.0023739999999999998 0.0095180000000000004 0.047273999999999997 0.031108 0 0.025359 0.00082600000000000002 0.00075600000000000005 0.001024 0.003202 0.18820900000000002 0.020577999999999996 0 0 1
80 uniform 0 15 0.45052599999999998 80.134928397096473 1 67 0.20056099999999999 0.011292 0.21610399999999999 0.003235 0.00081100000000000009 0.0022460000000000002 0.0092060000000000006 0.048332 0.030658000000000001 0 0.025589000000000001 0.00075900000000000002 0.00079300000000000009 0.00099500000000000001 0.0031340000000000001 0.18620700000000004 0.019850000000000003 0 0 2
80 uniform 0 23 0.43277599999999999 80.82083255511975 1 67 0.18915699999999999 0.011566999999999999 0.20970099999999997 0.003107 0.00091799999999999998 0.0023140000000000001 0.0094820000000000008 0.045558000000000001 0.020485 0 0.025708999999999999 0.00076099999999999996 0.00083799999999999999 0.0010150000000000001 0.0031329999999999999 0.17922799999999994 0.020438000000000001 0 0 3
80 uniform 1 0 0.49359799999999998 587.88465951616058 1 66 0.30949900000000002 0.01256 0.15004800000000001 0.0030200000000000001 0.00085499999999999997 0.0026549999999999998 0.010381 0.160856 0.02171 0 0.026032 0.00080099999999999995 0.00082900000000000009 0.00097400000000000004 0.003251 0.121394 0.01876499999999998 0 0 0
80 uniform 1 7 0.39440900000000001 601.60292475337167 1 66 0.18431500000000001 0.012191 0.17650199999999996 0.0030500000000000002 0.00077399999999999995 0.0024299999999999999 0.0091979999999999996 0.039722 0.023272999999999999 0 0.025273 0.00076000000000000004 0.00079899999999999991 0.00090499999999999999 0.003241 0.14802599999999996 0.018499999999999999 0 0 1
80 uniform 1 15 0.37879000000000002 602.32928708642521 1 66 0.179287 0.011939999999999999 0.16677999999999998 0.0028 0.0007310000000000001 0.002271 0.0089890000000000005 0.036657000000000002 0.022688 0 0.025717 0.00078100000000000001 0.0007890000000000001 0.00091699999999999995 0.0031889999999999996 0.138261 0.018595 0 0 2
80 uniform 1 23 0.38800899999999999 591.27127845961752 1 66 0.18333099999999999 0.011908 0.17191400000000001 0.0027599999999999999 0.00071200000000000007 0.002199 0.0091489999999999991 0.042846000000000002 0.022393 0 0.025152000000000001 0.00066799999999999997 0.00078300000000000006 0.00087200000000000005 0.0031989999999999996 0.14349100000000004 0.018390999999999994 0 0 3
80 uniform 2 0 0.70284999999999997 196.45982411164579 1 59 0.53639199999999998 0.012579999999999999 0.13392699999999996 0.0028400000000000001 0.00081999999999999998 0.0023800000000000002 0.0094879999999999999 0.18479000000000001 0.023394999999999999 0 0.025356 0.00075199999999999996 0.20147600000000002 0.0010480000000000001 0.003307 0.10771699999999999 0.017298000000000008 0 0 0
80 uniform 2 7 0.60842499999999999 90.016733845988597 1 67 0.40168900000000002 0.012253999999999999 0.17188599999999996 0.003186 0.00093599999999999998 0.0024710000000000001 0.0099570000000000006 0.051534000000000003 0.023251999999999998 0 0.025950999999999998 0.00078899999999999999 0.20288800000000001 0.0010200000000000001 0.0032679999999999996 0.14119000000000004 0.020729000000000004 0 0 1
80 uniform 2 15 0.40966900000000001 28.991950121878553 1 37 0.29646600000000001 0.0089969999999999998 0.089769000000000002 0.0018890000000000001 0.00055999999999999995 0.0024160000000000002 0.0095119999999999996 0.051315 0.022834 0 0.024981 0.00082600000000000002 0.107822 0.0011659999999999999 0.0030210000000000002 0.073081000000000007 0.011137000000000001 0 0 2
80 uniform 2 23 0.50031599999999998 29.003321698577444 1 37 0.38613500000000001 0.0086680000000000004 0.091210999999999987 0.0018709999999999998 0.00054000000000000001 0.0023349999999999998 0.0090810000000000005 0.051180999999999997 0.022459 0 0.024618000000000001 0.00070299999999999996 0.19923100000000002 0.0010549999999999999 0.0029289999999999997 0.074970999999999996 0.010626999999999996 0 0 3
80 uniform 3 0 0.68574400000000002 788.93881657369002 1 59 0.50811700000000004 0.015514 0.13973699999999997 0.0030720000000000005 0.00080400000000000003 0.0023760000000000001 0.0095469999999999999 0.181954 0.032982999999999998 0 0.025352 0.00078799999999999996 0.16385300000000003 0.000678 0.0034199999999999999 0.11380399999999997 0.016529999999999996 0 0 0
80 uniform 3 7 0.60473200000000005 811.35115053555774 1 59 0.41526600000000002 0.015088000000000001 0.15239599999999995 0.0029719999999999998 0.00073499999999999998 0.0023240000000000001 0.0093259999999999992 0.051073 0.031392999999999997 0 0.025156999999999999 0.00079299999999999998 0.20343600000000003 0.00072900000000000005 0.0033459999999999991 0.12677400000000003 0.016701999999999998 0 0 1
80 uniform 3 15 0.62012500000000004 840.00398120040734 1 59 0.42651600000000001 0.015023 0.156304 0.0031430000000000004 0.00077300000000000003 0.002183 0.0086660000000000001 0.051262000000000002 0.031583 0 0.024719000000000001 0.00078399999999999997 0.21843399999999999 0.00068999999999999997 0.0033379999999999998 0.13071399999999997 0.016660000000000001 0 0 2
80 uniform 3 23 0.49991799999999997 872.75140308759705 1 59 0.30866399999999999 0.014852000000000001 0.15454999999999997 0.0029850000000000002 0.00076000000000000004 0.0022339999999999999 0.0090550000000000005 0.051049999999999998 0.021253999999999999 0 0.025409000000000001 0.00084900000000000004 0.11045099999999999 0.000678 0.00329 0.12875299999999998 0.016943 0 0 3
80 uniform 4 0 0.48584899999999998 93.598598298440265 1 67 0.31430900000000001 0.014080000000000001 0.13241099999999995 0.0032799999999999995 0.00099599999999999992 0.002542 0.010147 0.15984300000000001 0.021451000000000001 0 0.026179999999999998 0.00090300000000000005 0.0010089999999999999 0.00067500000000000004 0.0033860000000000006 0.09807600000000001 0.021207999999999994 0 0 0
80 uniform 4 7 0.428041 93.008055716444673 1 67 0.19292200000000001 0.014111 0.19600799999999988 0.0032959999999999995 0.000852 0.0024450000000000001 0.0095849999999999998 0.043982 0.020952999999999999 0 0.025429 0.00084800000000000001 0.001016 0.00070200000000000004 0.0033910000000000004 0.16557900000000006 0.020145999999999987 0 0 1
80 uniform 4 15 0.41491800000000001 92.349588761918994 1 67 0.19034100000000001 0.013857 0.18573499999999996 0.0032889999999999998 0.00077899999999999996 0.0022490000000000001 0.0090310000000000008 0.043475 0.020816000000000001 0 0.025337999999999999 0.00075799999999999999 0.000977 0.000562 0.0033660000000000001 0.15556099999999998 0.019918000000000002 0 0 2
80 uniform 4 23 0.423545 91.707887845576693 1 67 0.19383300000000001 0.013656 0.19133800000000004 0.0031750000000000003 0.00081400000000000005 0.002428 0.0092549999999999993 0.046393999999999998 0.021194000000000001 0 0.025642999999999999 0.00082299999999999995 0.00098999999999999999 0.00066200000000000005 0.0034039999999999995 0.16018000000000002 0.021045999999999995 0 0 3
81 linear 0 0 0.40437299999999998 8.4354583225805388 1 81 0.24946399999999999 0.0093819999999999997 0.11976799999999999 0.0047369999999999999 0.0013140000000000001 0.0027260000000000001 0.010184 0.102476 0.021999999999999999 0 0.028118000000000001 0.00084800000000000001 0.00059900000000000003 0.00123 0.0032059999999999996 0.064749000000000015 0.021732000000000015 0.012225999999999999 0 0
81 linear 0 7 0.33254699999999998 8.3181598158977934 1 73 0.172706 0.010402 0.12601799999999994 0.0038910000000000004 0.0010499999999999999 0.002807 0.011308 0.020355000000000002 0.024722999999999998 0 0.027546999999999999 0.00077800000000000005 0.00059000000000000003 0.001235 0.0036069999999999995 0.06994000000000003 0.024533000000000013 0.011679999999999998 0 1
81 linear 0 15 0.37015900000000002 8.0792379988221672 1 98 0.168962 0.0092860000000000009 0.15934000000000001 0.0066860000000000001 0.0012539999999999999 0.0025539999999999998 0.011476999999999999 0.016282999999999999 0.024837999999999999 0 0.027383000000000001 0.00075500000000000003 0.00058900000000000001 0.001225 0.0034830000000000004 0.086276999999999979 0.029754999999999979 0.016503000000000004 0 2
81 linear 0 23 0.32971699999999998 7.7375367680960894 1 82 0.172235 0.0091830000000000002 0.120046 0.0048979999999999996 0.001072 0.002748 0.010536999999999999 0.018090999999999999 0.025069999999999999 0 0.029855 0.00082200000000000003 0.00059800000000000001 0.001031 0.0032499999999999999 0.066595999999999975 0.021289000000000002 0.011774999999999997 0 3
81 linear 1 0 0.36087000000000002 1.9805964460162369 1 67 0.24516199999999999 0.0089479999999999994 0.082057000000000005 0.0042810000000000001 0.00083299999999999997 0.0030230000000000001 0.011391 0.090051999999999993 0.022032 0 0.030731999999999999 0.00089400000000000005 0.00062300000000000007 0.0012800000000000001 0.0031900000000000001 0.039249000000000006 0.019697999999999997 0.0079640000000000041 0 0
81 linear 1 7 0.31653700000000001 2.1224573320644331 1 82 0.156667 0.0089449999999999998 0.12207000000000003 0.0049929999999999992 0.001232 0.0028019999999999998 0.010609 0.010037000000000001 0.021263000000000001 0 0.027175000000000001 0.00082299999999999995 0.00062799999999999998 0.00096699999999999998 0.003166 0.06553299999999998 0.023799999999999995 0.010075999999999995 0 1
81 linear 1 15 0.32105699999999998 2.2648342885556971 1 82 0.16011500000000001 0.0087060000000000002 0.12423399999999998 0.0044809999999999997 0.0009990000000000001 0.0028340000000000001 0.010678999999999999 0.010527999999999999 0.021489999999999999 0 0.026709 0.00081499999999999997 0.00058900000000000001 0.001206 0.0032780000000000001 0.064280000000000004 0.022665999999999985 0.010585000000000004 0 2
81 linear 1 23 0.31572299999999998 2.3857128220962038 1 74 0.15712300000000001 0.0083949999999999997 0.126333 0.0037770000000000004 0.0010450000000000001 0.0027339999999999999 0.010305 0.0097579999999999993 0.021207 0 0.026585000000000001 0.00077899999999999996 0.00062900000000000011 0.0010679999999999999 0.0030989999999999998 0.049877999999999992 0.020422999999999997 0.01068100000000001 0 3
81 linear 2 0 0.332704 1.5158067120204062 1 61 0.23098199999999999 0.0084139999999999996 0.068737000000000006 0.00396 0.00087599999999999993 0.002947 0.010718999999999999 0.083169999999999994 0.021610999999999998 0 0.027817999999999999 0.00079299999999999998 0.00061700000000000004 0.0011329999999999999 0.0032850000000000002 0.030406999999999993 0.017374999999999998 0.0072589999999999998 0 0
81 linear 2 7 0.272455 1.5188406018584157 1 61 0.16351099999999999 0.0082749999999999994 0.076564000000000007 0.0038789999999999996 0.00080199999999999998 0.0028050000000000002 0.010286999999999999 0.019810999999999999 0.020962000000000001 0 0.027193999999999999 0.000812 0.00059099999999999995 0.0010740000000000001 0.0031139999999999996 0.039075999999999993 0.016659000000000011 0.0072500000000000021 0 1
81 linear 2 15 0.27060400000000001 1.5246696529841341 1 61 0.16426399999999999 0.0083090000000000004 0.073902999999999996 0.003679 0.00078600000000000002 0.0028019999999999998 0.010056000000000001 0.019952000000000001 0.021007000000000001 0 0.027323 0.00080599999999999997 0.00064799999999999992 0.00101 0.0030209999999999998 0.037591000000000013 0.015631000000000009 0.0072680000000000045 0 2
81 linear 2 23 0.32513199999999998 1.6073310827165963 1 82 0.17563899999999999 0.011462999999999999 0.10660299999999999 0.0054689999999999999 0.0012259999999999999 0.0026809999999999998 0.010055 0.022478000000000001 0.021576000000000001 0 0.027324000000000001 0.00078700000000000005 0.00085899999999999995 0.001292 0.003457 0.05272000000000001 0.025978999999999978 0.0097490000000000025 0 3
81 linear 3 0 0.36630499999999999 3.0154553514010227 1 60 0.23899999999999999 0.0092189999999999998 0.093661999999999995 0.004154999999999999 0.00086499999999999999 0.0029729999999999999 0.011698 0.087607000000000004 0.022027999999999999 0 0.027588000000000001 0.00081300000000000003 0.00062 0.0012329999999999999 0.0035789999999999997 0.043506999999999983 0.022491999999999995 0.010802000000000003 0 0
81 linear 3 7 0.29760399999999998 3.073510725610666 1 67 0.15043200000000001 0.0090620000000000006 0.11274199999999997 0.0042629999999999994 0.00091299999999999997 0.002826 0.011122999999999999 0.0066169999999999996 0.021243999999999999 0 0.026653 0.00081499999999999997 0.00059900000000000003 0.0011659999999999999 0.0033 0.059884000000000007 0.022935999999999977 0.011610000000000006 0 1
81 linear 3 15 0.27099000000000001 3.138861860048821 1 59 0.15137800000000001 0.008541 0.089389999999999983 0.003431 0.001093 0.0027030000000000001 0.010807000000000001 0.0054720000000000003 0.023179000000000002 0 0.025964999999999998 0.00080400000000000003 0.00061499999999999999 0.001119 0.0032259999999999997 0.048479000000000008 0.01745300000000001 0.0087819999999999999 0 2
81 linear 3 23 0.27585599999999999 3.2027927388397504 1 59 0.14963699999999999 0.0085050000000000004 0.096187999999999982 0.0034260000000000002 0.00092599999999999996 0.0025409999999999999 0.010612 0.0066249999999999998 0.022505000000000001 0 0.026148000000000001 0.00081400000000000005 0.00061200000000000002 0.0011230000000000001 0.0031809999999999998 0.055856000000000017 0.016742999999999997 0.0087680000000000015 0 3
81 linear 4 0 0.33674500000000002 1.4317300384148473 1 61 0.22531399999999999 0.0085749999999999993 0.077343000000000009 0.0044070000000000003 0.00091999999999999992 0.0029849999999999998 0.011167 0.073235999999999996 0.023191 0 0.026984999999999999 0.00078899999999999999 0.00062500000000000001 0.0011620000000000001 0.0034319999999999997 0.039305000000000014 0.017204999999999991 0.0072640000000000005 0 0
81 linear 4 7 0.26546700000000001 1.4429973604185733 1 61 0.15223 0.0084650000000000003 0.080235000000000001 0.0039870000000000001 0.00077999999999999999 0.0029619999999999998 0.011072 0.0051960000000000001 0.022645999999999999 0 0.026772000000000001 0.00089499999999999996 0.00062200000000000005 0.0011000000000000001 0.0032500000000000003 0.044243999999999999 0.015360000000000007 0.0072470000000000017 0 1
81 linear 4 15 0.266822 1.4582983623328105 1 61 0.15374099999999999 0.0081860000000000006 0.08060500000000001 0.0037399999999999994 0.00086700000000000004 0.0026580000000000002 0.010777999999999999 0.0066499999999999997 0.022953999999999999 0 0.026953999999999999 0.00075100000000000004 0.00059900000000000003 0.001078 0.0031129999999999999 0.044523999999999994 0.015547999999999994 0.0072300000000000038 0 2
81 linear 4 23 0.25973299999999999 1.4769398976999442 1 61 0.15040100000000001 0.0081679999999999999 0.07733000000000001 0.0037689999999999998 0.00082100000000000012 0.0025179999999999998 0.010329 0.005986 0.023134999999999999 0 0.027068999999999999 0.00077200000000000001 0.00057600000000000001 0.001044 0.0030299999999999993 0.040344000000000005 0.016298000000000003 0.0072410000000000044 0 3
81 uniform 0 0 0.38208700000000001 8.251033617698722 1 81 0.25748599999999999 0.0093419999999999996 0.089901999999999996 0.0041770000000000002 0.0012079999999999999 0.0027560000000000002 0.010959 0.105877 0.024046999999999999 0 0.027400000000000001 0.00088000000000000003 0.00058900000000000001 0.001194 0.003238 0.055432000000000009 0.02120600000000002 0 0 0
81 uniform 0 7 0.33043499999999998 8.1405076167034238 1 89 0.17185400000000001 0.0092060000000000006 0.12179700000000004 0.004744 0.0010730000000000002 0.0028549999999999999 0.010588999999999999 0.018526000000000001 0.023324000000000001 0 0.027215 0.00077499999999999997 0.00057899999999999998 0.0011670000000000001 0.0034360000000000003 0.079119000000000009 0.027545999999999991 0 0 1
81 uniform 0 15 0.33099699999999999 7.9252839830888515 1 98 0.16351199999999999 0.0089960000000000005 0.12796899999999997 0.0050860000000000002 0.0012229999999999999 0.0026159999999999998 0.01057 0.014581 0.02393 0 0.027196000000000001 0.00082200000000000003 0.0006249999999999999 0.0010839999999999999 0.0032299999999999994 0.082721000000000031 0.028776999999999997 0 0 2
81 uniform 0 23 0.30318299999999998 7.6191544885971574 1 82 0.16928499999999999 0.0090349999999999996 0.097601000000000007 0.0042380000000000004 0.0010349999999999999 0.0026120000000000002 0.0099780000000000008 0.017391 0.023764 0 0.027989 0.00081300000000000003 0.00062799999999999998 0.001137 0.0029820000000000003 0.06397499999999999 0.020697000000000007 0 0 3
81 uniform 1 0 0.33183099999999999 2.0147313609646909 1 59 0.24175199999999999 0.0088760000000000002 0.06054699999999999 0.0031710000000000002 0.00087300000000000008 0.0028240000000000001 0.010808 0.088520000000000001 0.024601000000000001 0 0.02664 0.00084699999999999999 0.00062300000000000007 0.0012880000000000001 0.0031969999999999993 0.034478999999999996 0.017152000000000001 0 0 0
81 uniform 1 7 0.27303500000000003 2.143848156491865 1 66 0.16247400000000001 0.0089510000000000006 0.080000000000000002 0.0030689999999999997 0.00087000000000000011 0.0029120000000000001 0.011058 0.010293999999999999 0.023529000000000001 0 0.027907000000000001 0.00082299999999999995 0.00061299999999999994 0.0011839999999999999 0.0030909999999999996 0.050689000000000005 0.01944799999999999 0 0 1
81 uniform 1 15 0.26847799999999999 2.2676611941869846 1 66 0.16000200000000001 0.0086859999999999993 0.078436999999999965 0.0029319999999999997 0.00083400000000000011 0.0026900000000000001 0.01026 0.010769000000000001 0.022932000000000001 0 0.026661000000000001 0.00083699999999999996 0.00062100000000000002 0.001114 0.0030110000000000002 0.050174999999999997 0.018385000000000006 0 0 2
81 uniform 1 23 0.26492900000000003 2.3703368234245947 1 74 0.15182799999999999 0.0087089999999999997 0.081052000000000041 0.0032840000000000005 0.00091799999999999998 0.0026879999999999999 0.010144 0.0098270000000000007 0.021114000000000001 0 0.02647 0.00080199999999999998 0.00064700000000000001 0.00097400000000000004 0.0030409999999999999 0.049622999999999994 0.020417000000000001 0 0 3
81 uniform 2 0 0.298236 1.5187883494478969 1 45 0.22892299999999999 0.008463 0.042865 0.0024100000000000002 0.00075100000000000004 0.002797 0.010560999999999999 0.082996 0.021499000000000001 0 0.027916 0.00089300000000000002 0.00059800000000000001 0.0011180000000000001 0.003153 0.023195999999999998 0.012926000000000005 0 0 0
81 uniform 2 7 0.237265 1.5217410632907524 1 45 0.163434 0.0082579999999999997 0.047836000000000004 0.0023180000000000002 0.00063800000000000011 0.0027569999999999999 0.010283 0.019972 0.020920000000000001 0 0.026831000000000001 0.00083100000000000003 0.00059800000000000001 0.00097099999999999997 0.003052 0.026283999999999995 0.012464000000000003 0 0 1
81 uniform 2 15 0.233871 1.5275255055844879 1 45 0.16342699999999999 0.0082129999999999998 0.044223999999999992 0.0025400000000000002 0.00065999999999999989 0.0026879999999999999 0.0098659999999999998 0.019990000000000001 0.021087999999999999 0 0.027692999999999999 0.00076999999999999996 0.00064899999999999995 0.00098799999999999995 0.0030439999999999998 0.025642000000000005 0.011849999999999999 0 0 2
81 uniform 2 23 0.285721 1.6384360119591985 1 66 0.17629600000000001 0.011449000000000001 0.074496000000000021 0.0034130000000000002 0.001039 0.002748 0.01059 0.022872 0.021846999999999998 0 0.027515000000000001 0.00082700000000000004 0.000843 0.0010970000000000001 0.0032929999999999999 0.043056000000000004 0.021539999999999993 0 0 3
81 uniform 3 0 0.34653400000000001 3.0213102328270711 1 60 0.23697099999999999 0.009025 0.076371999999999995 0.0039509999999999997 0.00079699999999999997 0.0029390000000000002 0.011688 0.087423000000000001 0.022065999999999999 0 0.027382 0.00094300000000000004 0.00059800000000000001 0.00133 0.0032600000000000003 0.043369999999999999 0.022388000000000002 0 0 0
81 uniform 3 7 0.265596 3.0801041864191587 1 59 0.153394 0.0091819999999999992 0.081668999999999992 0.0031579999999999998 0.00091 0.002761 0.011009 0.0064799999999999996 0.022304000000000001 0 0.027165999999999999 0.00082700000000000004 0.00060599999999999998 0.0011800000000000001 0.0032799999999999999 0.054224000000000008 0.017826999999999996 0 0 1
81 uniform 3 15 0.25678600000000001 3.1464642611567957 1 59 0.14987400000000001 0.0087559999999999999 0.076061999999999991 0.0033199999999999996 0.00093600000000000009 0.0026020000000000001 0.010658000000000001 0.0056490000000000004 0.021167999999999999 0 0.026027000000000002 0.00084000000000000003 0.00059899999999999992 0.0011180000000000001 0.0032929999999999999 0.048988999999999998 0.017449000000000003 0 0 2
81 uniform 3 23 0.263463 3.2116314681851232 1 59 0.15141299999999999 0.0086449999999999999 0.082360000000000058 0.0028830000000000001 0.00073200000000000001 0.002673 0.010775 0.0067600000000000004 0.021763999999999999 0 0.026960000000000001 0.00087799999999999998 0.00061899999999999998 0.00109 0.0031410000000000001 0.055921999999999999 0.016822999999999994 0 0 3
81 uniform 4 0 0.29397699999999999 1.4330517800677414 1 45 0.22265799999999999 0.0084499999999999992 0.042265999999999998 0.0025950000000000001 0.00070199999999999993 0.0029009999999999999 0.011356 0.073258000000000004 0.021956 0 0.027824000000000002 0.00076999999999999996 0.00059999999999999995 0.001116 0.0032229999999999997 0.022877999999999999 0.012554999999999998 0 0 0
81 uniform 4 7 0.21904499999999999 1.4444274208028034 1 45 0.14867900000000001 0.0083540000000000003 0.044379999999999989 0.0023600000000000001 0.00065899999999999997 0.0025720000000000001 0.01051 0.0051029999999999999 0.021281000000000001 0 0.026661000000000001 0.00076499999999999995 0.00061200000000000002 0.001065 0.0030820000000000001 0.026405999999999995 0.011231000000000008 0 0 1
81 uniform 4 15 0.22275600000000001 1.4599157521559758 1 45 0.15235699999999999 0.0081790000000000005 0.044330000000000001 0.0026210000000000001 0.00063999999999999994 0.0026840000000000002 0.010151 0.0069829999999999996 0.021014999999999999 0 0.02648 0.00080199999999999998 0.00057499999999999999 0.0011460000000000001 0.0031830000000000001 0.026123999999999998 0.011471999999999998 0 0 2
81 uniform 4 23 0.221419 1.4788596160343559 1 45 0.15090899999999999 0.0082459999999999999 0.044475999999999995 0.0024009999999999999 0.00065600000000000001 0.0027100000000000002 0.010392 0.0061029999999999999 0.021588 0 0.027650000000000001 0.00081599999999999999 0.00058699999999999996 0.0010529999999999999 0.0031409999999999997 0.025795999999999993 0.011954000000000001 0 0 3
82 linear 0 0 0.60663199999999995 24.848322785395307 1 88 0.31638300000000003 0.010302 0.25360399999999994 0.0050249999999999991 0.0012999999999999999 0.0031129999999999999 0.011114000000000001 0.15851999999999999 0.022675000000000001 0 0.027414999999999998 0.00083000000000000001 0.0020760000000000002 0.001173 0.0036209999999999997 0.10063199999999999 0.035915999999999955 0.015367000000000009 0 0
82 linear 0 7 0.53858899999999998 25.574624026785376 1 114 0.16752400000000001 0.010253999999999999 0.32146400000000008 0.0094859999999999996 0.0012100000000000001 0.003042 0.012298 0.0063499999999999997 0.025377 0 0.026497 0.00088999999999999995 0.0021190000000000002 0.0011800000000000001 0.0034189999999999997 0.12450100000000003 0.050758999999999943 0.023192000000000015 0 1
82 linear 0 15 0.51899600000000001 26.05049834445126 1 114 0.155525 0.0098799999999999999 0.31512799999999991 0.0085110000000000012 0.001201 0.0028909999999999999 0.010893999999999999 0.0061799999999999997 0.012919999999999999 0 0.030700000000000002 0.00079500000000000003 0.0019499999999999999 0.00098799999999999995 0.0031300000000000004 0.12009 0.049685999999999904 0.023056000000000017 0 2
82 linear 0 23 0.52519000000000005 26.157405735587368 1 114 0.16247600000000001 0.0098309999999999995 0.31542299999999984 0.0083260000000000001 0.0012250000000000002 0.0029169999999999999 0.010725999999999999 0.0058820000000000001 0.025333999999999999 0 0.028473999999999999 0.00085300000000000003 0.0019750000000000002 0.00089700000000000001 0.0030990000000000006 0.12306599999999994 0.048966000000000037 0.02350699999999999 0 3
82 linear 1 0 0.438191 1.1004672563965994 1 59 0.314861 0.0066039999999999996 0.095298000000000022 0.0040379999999999999 0.00076800000000000013 0.0030360000000000001 0.011694 0.16784299999999999 0.021992000000000001 0 0.028691999999999999 0.00088699999999999998 0.0017490000000000001 0.00158 0.0030990000000000002 0.034825999999999996 0.017220999999999997 0.008739000000000002 0 0
82 linear 1 7 0.30072900000000002 1.0981224827607461 1 66 0.16292400000000001 0.0064900000000000001 0.10879400000000003 0.0039299999999999995 0.00078600000000000002 0.0028470000000000001 0.010684000000000001 0.021458000000000001 0.021839000000000001 0 0.028011000000000001 0.00091399999999999999 0.0016120000000000002 0.001343 0.0029150000000000005 0.042629999999999994 0.020492999999999997 0.009858999999999998 0 1
82 linear 1 15 0.29292899999999999 1.0950315241870079 1 66 0.15919900000000001 0.0060489999999999997 0.10545599999999998 0.0036820000000000004 0.00074399999999999998 0.0025990000000000002 0.010524 0.021359 0.021760999999999999 0 0.027897000000000002 0.000852 0.00166 0.001299 0.002758 0.038672999999999999 0.022838999999999974 0.0099309999999999989 0 2
82 linear 1 23 0.26177099999999998 1.0914450190915546 1 66 0.14758299999999999 0.0060350000000000004 0.085548000000000055 0.003705 0.00080300000000000011 0.002513 0.010311000000000001 0.0097359999999999999 0.021394 0 0.027650000000000001 0.00077499999999999997 0.0016580000000000002 0.001389 0.0028170000000000001 0.039486000000000014 0.020460999999999993 0.0089640000000000032 0 3
82 linear 2 0 0.58548699999999998 1.0725103071871649 1 73 0.41174100000000002 0.0091579999999999995 0.13866499999999995 0.004215 0.00081099999999999998 0.002859 0.011405 0.15889400000000001 0.022158000000000001 0 0.028702999999999999 0.00079600000000000005 0.105556 0.001042 0.003027999999999999 0.062753999999999976 0.028766000000000021 0.010083000000000003 0 0
82 linear 2 7 0.34542499999999998 1.0685768408628975 1 81 0.17194599999999999 0.0089519999999999999 0.13722699999999999 0.0046259999999999999 0.00088600000000000007 0.0027889999999999998 0.010833000000000001 0.022846000000000002 0.021787999999999998 0 0.028098000000000001 0.00075000000000000002 0.003222 0.00097300000000000002 0.0028429999999999996 0.068509000000000014 0.03592600000000002 0.012098999999999999 0 1
82 linear 2 15 0.32812599999999997 1.0659015556835267 1 81 0.16539499999999999 0.0087139999999999995 0.12679699999999999 0.0045109999999999994 0.00092399999999999991 0.0026949999999999999 0.010758 0.019064999999999999 0.021309000000000002 0 0.028018999999999999 0.00080099999999999995 0.0030279999999999999 0.00086200000000000003 0.0028549999999999999 0.059765000000000019 0.035654000000000019 0.011619000000000001 0 2
82 linear 2 23 0.310562 1.0639955448774905 1 74 0.16494500000000001 0.0088629999999999994 0.11208499999999996 0.003999 0.00095500000000000001 0.0025699999999999998 0.010685 0.020295000000000001 0.020899999999999998 0 0.028389000000000001 0.00074799999999999997 0.0029870000000000001 0.000901 0.0027910000000000001 0.060118999999999999 0.026650000000000014 0.0090989999999999977 0 3
82 linear 3 0 0.43009500000000001 1.0860953480656048 1 60 0.32672000000000001 0.0085970000000000005 0.072542999999999982 0.0037850000000000002 0.00087100000000000003 0.0028839999999999998 0.010969 0.169659 0.023445000000000001 0 0.028608999999999999 0.00085499999999999997 0.0024810000000000001 0.0011800000000000001 0.0030269999999999997 0.033376999999999997 0.018766999999999982 0.0071180000000000019 0 0
82 linear 3 7 0.27729900000000002 1.0847845688618944 1 60 0.16542399999999999 0.0083320000000000009 0.081838999999999995 0.0034509999999999996 0.00070199999999999993 0.0028080000000000002 0.0099389999999999999 0.015559999999999999 0.022851 0 0.028223000000000002 0.00090600000000000001 0.0023630000000000001 0.001031 0.0030540000000000003 0.042796999999999981 0.018734999999999998 0.0071270000000000049 0 1
82 linear 3 15 0.27878900000000001 1.0832221207843162 1 60 0.16500899999999999 0.0082590000000000007 0.084094000000000016 0.0035010000000000002 0.00067599999999999995 0.0026029999999999998 0.0095960000000000004 0.019071000000000001 0.022911000000000001 0 0.028201 0.00076099999999999996 0.0023570000000000002 0.00090700000000000004 0.00298 0.045504000000000017 0.018387999999999988 0.0071220000000000007 0 2
82 linear 3 23 0.27428999999999998 1.0816032326298395 1 60 0.160134 0.0081770000000000002 0.084940000000000029 0.0032100000000000002 0.00067100000000000005 0.002604 0.0096740000000000003 0.013429 0.023175999999999999 0 0.029921 0.00080900000000000004 0.0023600000000000001 0.00089099999999999997 0.0029160000000000002 0.046653999999999994 0.018019999999999984 0.0071430000000000018 0 3
82 linear 4 0 0.46699099999999999 1.0817224977268491 1 66 0.31930799999999998 0.0091170000000000001 0.11396800000000001 0.0043999999999999994 0.00078199999999999993 0.0028400000000000001 0.011106 0.16223599999999999 0.023761000000000001 0 0.028915 0.00098999999999999999 0.0033000000000000004 0.00082899999999999998 0.0032670000000000004 0.066550000000000026 0.022922999999999968 0.0082360000000000037 0 0
82 linear 4 7 0.32780900000000002 1.0796055694427789 1 66 0.173878 0.0086920000000000001 0.122257 0.003784 0.00059900000000000003 0.0027079999999999999 0.010747 0.020974 0.023649 0 0.029742000000000001 0.000852 0.0031350000000000002 0.00073999999999999999 0.0031540000000000001 0.074061999999999989 0.023869999999999988 0.0080300000000000024 0 1
82 linear 4 15 0.32803100000000002 1.077226206267498 1 66 0.17567099999999999 0.0084989999999999996 0.12149500000000002 0.0034640000000000001 0.00060299999999999991 0.0024940000000000001 0.010272 0.018612 0.023684 0 0.028504000000000002 0.00082700000000000004 0.011550000000000001 0.000638 0.0030980000000000005 0.076522000000000021 0.021822999999999971 0.008007000000000002 0 2
82 linear 4 23 0.32427699999999998 1.0749012741172799 1 66 0.16892599999999999 0.0091420000000000008 0.123641 0.0033180000000000002 0.00058900000000000001 0.0024239999999999999 0.010147 0.020629999999999999 0.023602000000000001 0 0.027088999999999998 0.00087600000000000004 0.003179 0.001049 0.0032929999999999995 0.078413000000000052 0.021986999999999975 0.0079880000000000003 0 3
82 uniform 0 0 0.52571900000000005 23.595024044344445 1 96 0.32107000000000002 0.010383 0.16548699999999997 0.0052500000000000003 0.0012409999999999999 0.0029199999999999999 0.011023 0.15886600000000001 0.024691000000000001 0 0.028849 0.00080099999999999995 0.0018469999999999999 0.0013290000000000001 0.0037490000000000006 0.108031 0.039945999999999975 0 0 0
82 uniform 0 7 0.41072500000000001 24.078178834312141 1 114 0.168821 0.010016000000000001 0.19385899999999992 0.0080010000000000012 0.001111 0.0033470000000000001 0.012406 0.0068380000000000003 0.024971 0 0.030182 0.00088800000000000001 0.0018560000000000002 0.001188 0.0034240000000000008 0.12280899999999999 0.049981999999999964 0 0 1
82 uniform 0 15 0.389015 24.390161505832264 1 114 0.15210699999999999 0.009809 0.19062899999999999 0.0071789999999999996 0.0010630000000000001 0.0028670000000000002 0.010936 0.006228 0.012859000000000001 0 0.031569 0.00080699999999999999 0.0018979999999999999 0.00091799999999999998 0.0031210000000000001 0.12017799999999995 0.049399999999999916 0 0 2
82 uniform 0 23 0.39695999999999998 24.459722351380876 1 114 0.158555 0.0097079999999999996 0.19281300000000001 0.0068690000000000001 0.0010280000000000001 0.002794 0.011003000000000001 0.006071 0.022537000000000001 0 0.029047 0.00087100000000000003 0.001823 0.00088699999999999998 0.003101 0.12238 0.049249999999999891 0 0 3
82 uniform 1 0 0.38114300000000001 1.098610901065505 1 43 0.31259599999999998 0.0066100000000000004 0.047588000000000019 0.0021050000000000001 0.00052599999999999999 0.0031719999999999999 0.011690000000000001 0.16744100000000001 0.022069999999999999 0 0.027833 0.00084800000000000001 0.001794 0.00167 0.0030039999999999997 0.028132999999999995 0.012925999999999997 0 0 0
82 uniform 1 7 0.24524199999999999 1.0966189670613611 1 50 0.167825 0.006522 0.05574999999999998 0.0019870000000000001 0.000522 0.003078 0.010973999999999999 0.021363 0.023921000000000001 0 0.028563000000000002 0.00085899999999999995 0.0016620000000000001 0.001286 0.0028250000000000003 0.032659000000000001 0.015626999999999999 0 0 1
82 uniform 1 15 0.23322799999999999 1.0940482846005868 1 50 0.16034799999999999 0.00611 0.051975000000000007 0.0018349999999999998 0.00050599999999999994 0.0026350000000000002 0.010517 0.021350000000000001 0.023733000000000001 0 0.027792000000000001 0.00089899999999999995 0.0016389999999999998 0.00123 0.002751 0.028881 0.015625999999999998 0 0 2
82 uniform 1 23 0.22015799999999999 1.0910679384005348 1 50 0.14668100000000001 0.0059439999999999996 0.052937000000000019 0.0017570000000000001 0.00049100000000000001 0.0024130000000000002 0.01 0.010019999999999999 0.023327000000000001 0 0.027691 0.00079699999999999997 0.0015660000000000001 0.0012199999999999999 0.0026320000000000002 0.030110000000000001 0.015367999999999995 0 0 3
82 uniform 2 0 0.53252299999999997 1.0735627061398951 1 57 0.41341600000000001 0.0093050000000000008 0.091233000000000022 0.0024980000000000002 0.00066399999999999999 0.0026440000000000001 0.010347 0.15910199999999999 0.023823 0 0.028206999999999999 0.00082299999999999995 0.10855100000000001 0.001049 0.003081 0.056869999999999969 0.025413000000000012 0 0 0
82 uniform 2 7 0.30116999999999999 1.0691691474099805 1 65 0.169539 0.0090650000000000001 0.10244200000000001 0.0029570000000000004 0.00069800000000000005 0.002581 0.010373 0.022853999999999999 0.023872999999999998 0 0.027598999999999999 0.00080699999999999999 0.0032560000000000002 0.00098700000000000003 0.0029810000000000001 0.06009500000000001 0.031935999999999985 0 0 1
82 uniform 2 15 0.29515599999999997 1.06625655566681 1 65 0.17130000000000001 0.0091000000000000004 0.093896000000000007 0.0032910000000000001 0.00069899999999999997 0.0025370000000000002 0.010567999999999999 0.018845000000000001 0.024114 0 0.028081999999999999 0.00081800000000000004 0.0031329999999999999 0.00097400000000000004 0.0030430000000000001 0.051543000000000005 0.031957999999999986 0 0 2
82 uniform 2 23 0.29691800000000002 1.0642350871472346 1 58 0.184834 0.0088599999999999998 0.085278999999999994 0.0026549999999999998 0.00070199999999999993 0.0028990000000000001 0.010659 0.022749999999999999 0.023466000000000001 0 0.032316999999999999 0.00093000000000000005 0.0031979999999999999 0.00095799999999999998 0.0029520000000000002 0.053976000000000024 0.022482000000000012 0 0 3
82 uniform 3 0 0.39367400000000002 1.0862029552559069 1 44 0.32295499999999999 0.0086420000000000004 0.046953999999999996 0.0022269999999999998 0.00059800000000000001 0.0029680000000000002 0.010659999999999999 0.168488 0.023498000000000002 0 0.031064999999999999 0.00089099999999999997 0.0023609999999999998 0.0010859999999999999 0.002957 0.026393999999999994 0.013998 0 0 0
82 uniform 3 7 0.24234600000000001 1.0848882994564348 1 44 0.16441 0.0084740000000000006 0.054595999999999985 0.0020159999999999996 0.00059000000000000003 0.002836 0.0098049999999999995 0.015452 0.023390000000000001 0 0.027734000000000002 0.00095100000000000002 0.0023219999999999998 0.0009990000000000001 0.0027530000000000002 0.033619000000000017 0.014404 0 0 1
82 uniform 3 15 0.241036 1.0833192508466676 1 44 0.162858 0.0084589999999999995 0.054369000000000015 0.002366 0.00059200000000000008 0.0026619999999999999 0.0094780000000000003 0.019157 0.021011999999999999 0 0.027734000000000002 0.00082700000000000004 0.0024130000000000002 0.00096299999999999999 0.0027859999999999998 0.034063999999999997 0.013712999999999994 0 0 2
82 uniform 3 23 0.242289 1.0816927201448729 1 44 0.16156899999999999 0.0082039999999999995 0.057885000000000027 0.0020240000000000002 0.00051099999999999995 0.0027409999999999999 0.012664999999999999 0.013849999999999999 0.021343999999999998 0 0.028494999999999999 0.00087500000000000002 0.0023609999999999998 0.00092599999999999996 0.0028470000000000001 0.037600000000000015 0.013678999999999998 0 0 3
82 uniform 4 0 0.42178300000000002 1.0819260340363921 1 50 0.31567299999999998 0.0090159999999999997 0.081155999999999992 0.0022919999999999998 0.00048700000000000002 0.0030070000000000001 0.011221999999999999 0.16306599999999999 0.021812999999999999 0 0.028750000000000001 0.00097900000000000005 0.0032490000000000002 0.00082100000000000001 0.0030950000000000001 0.055856000000000003 0.017797999999999998 0 0 0
82 uniform 4 7 0.282831 1.079827251485614 1 50 0.16905200000000001 0.0086879999999999995 0.089432000000000053 0.0021160000000000003 0.00044399999999999995 0.0027109999999999999 0.010865 0.020896999999999999 0.020851999999999999 0 0.029395999999999999 0.00083699999999999996 0.0031139999999999996 0.00068900000000000005 0.0030469999999999998 0.064502999999999991 0.017420999999999999 0 0 1
82 uniform 4 15 0.29088000000000003 1.0774704348439192 1 50 0.17549400000000001 0.0085640000000000004 0.091554000000000024 0.002003 0.00041400000000000003 0.0026689999999999999 0.010534999999999999 0.021915 0.021090000000000001 0 0.028420999999999998 0.00070200000000000004 0.011626000000000001 0.00067500000000000004 0.0029389999999999998 0.066524000000000028 0.01752999999999999 0 0 2
82 uniform 4 23 0.303701 1.075164463342799 1 58 0.169048 0.0090200000000000002 0.106988 0.002846 0.00072900000000000005 0.0025100000000000001 0.010285000000000001 0.020761000000000002 0.0223 0 0.027238999999999999 0.00083100000000000003 0.0031440000000000001 0.00093499999999999996 0.003251 0.078181 0.020110999999999997 0 0 3
83 linear 0 0 0.88137799999999999 2.9539654934306379 1 98 0.59095200000000003 0.096032000000000006 0.15786500000000001 0.006966 0.0016130000000000001 0.0029940000000000001 0.01172 0.195299 0.024809999999999999 0 0.027723000000000001 0.00080599999999999997 0.23961700000000002 0.0010970000000000001 0.0036160000000000003 0.065241000000000007 0.048643999999999979 0.010751000000000004 0 0
83 linear 0 7 0.81180300000000005 3.1146315135833249 1 98 0.44450400000000001 0.095542000000000002 0.23570299999999997 0.006757 0.0013870000000000002 0.0028319999999999999 0.011436999999999999 0.046835000000000002 0.023831999999999999 0 0.027722 0.000861 0.24293500000000001 0.001091 0.0032560000000000002 0.14290599999999995 0.048621999999999971 0.010698999999999997 0 1
83 linear 0 15 0.736873 3.2882956853287091 1 82 0.42318600000000001 0.088595999999999994 0.19652699999999998 0.0047459999999999994 0.0012930000000000001 0.002715 0.010928999999999999 0.047676000000000003 0.023584000000000001 0 0.027529000000000001 0.000812 0.223245 0.00097300000000000002 0.0033580000000000007 0.11968999999999999 0.043528999999999984 0.0092570000000000031 0 2
83 linear 0 23 0.808392 3.4492254005518301 1 82 0.49593399999999999 0.088978000000000002 0.19492200000000007 0.004548 0.0012589999999999999 0.002748 0.01025 0.051200000000000002 0.023283999999999999 0 0.026967000000000001 0.00072199999999999999 0.29675200000000002 0.00095100000000000002 0.003362 0.11730199999999999 0.044257999999999985 0.0093019999999999995 0 3
83 linear 1 0 0.55324499999999999 3.3165676568775204 1 60 0.36384699999999998 0.066212999999999994 0.10216699999999998 0.0034660000000000003 0.0010460000000000001 0.0026519999999999998 0.010234999999999999 0.197798 0.024324999999999999 0 0.027220000000000001 0.00085899999999999995 0.019996 0.0012520000000000001 0.0032060000000000001 0.046175000000000015 0.028912000000000007 0.0066660000000000027 0 0
83 linear 1 7 0.51084499999999999 3.5136856959080429 1 74 0.239287 0.064188999999999996 0.18252399999999999 0.0040590000000000001 0.0012070000000000002 0.0025739999999999999 0.010011000000000001 0.051381999999999997 0.022110999999999999 0 0.026544999999999999 0.00081999999999999998 0.047076 0.0012470000000000001 0.0032199999999999998 0.11392800000000004 0.036827000000000013 0.0083130000000000027 0 1
83 linear 1 15 0.49391699999999999 3.7290052831546627 1 74 0.235344 0.063973000000000002 0.17013399999999995 0.0038009999999999997 0.00092200000000000008 0.0025330000000000001 0.0094319999999999994 0.050222999999999997 0.021864999999999999 0 0.026439000000000001 0.00084000000000000003 0.047184999999999998 0.001194 0.0031159999999999998 0.10144200000000006 0.036982999999999995 0.0082989999999999991 0 2
83 linear 1 23 0.53464900000000004 3.933686359110165 1 74 0.27419700000000002 0.066754999999999995 0.16873199999999999 0.004235 0.0011709999999999999 0.002496 0.0094280000000000006 0.045760000000000002 0.022142999999999999 0 0.026006000000000001 0.00077800000000000005 0.08857000000000001 0.00116 0.0031789999999999995 0.10105100000000002 0.035595000000000009 0.0083270000000000028 0 3
83 linear 2 0 0.73258000000000001 1.749905757543488 1 84 0.46387499999999998 0.090357000000000007 0.14313299999999993 0.006169 0.0012080000000000001 0.0027160000000000001 0.0095189999999999997 0.195131 0.022612 0 0.027049 0.00074100000000000001 0.120313 0.001091 0.0034009999999999999 0.064486000000000016 0.039397000000000001 0.0090309999999999991 0 0
83 linear 2 7 0.56086000000000003 1.7410971255794634 1 61 0.31428899999999999 0.064973000000000003 0.15628199999999995 0.0040829999999999998 0.00096299999999999999 0.0027060000000000001 0.0094610000000000007 0.047412000000000003 0.022360000000000001 0 0.026488000000000001 0.00084599999999999996 0.122847 0.001372 0.0033459999999999996 0.099864000000000022 0.02525100000000001 0.0063060000000000026 0 1
83 linear 2 15 0.64328200000000002 1.7373910171179807 1 61 0.39668500000000001 0.061846999999999999 0.16001699999999999 0.0038070000000000001 0.00087500000000000002 0.00249 0.0093170000000000006 0.052214999999999998 0.021718000000000001 0 0.026984000000000001 0.00086600000000000002 0.20430300000000001 0.001134 0.0032170000000000002 0.10390899999999997 0.025062999999999998 0.006317000000000004 0 2
83 linear 2 23 0.53212899999999996 1.7337246681213538 1 61 0.28023500000000001 0.059901999999999997 0.16783900000000004 0.0036890000000000004 0.00076000000000000004 0.0024480000000000001 0.0090900000000000009 0.052866999999999997 0.021436 0 0.026606000000000001 0.00076300000000000001 0.089376999999999998 0.001052 0.0031250000000000002 0.11048599999999999 0.026308000000000002 0.0063130000000000026 0 3
83 linear 3 0 0.56625300000000001 1.7386148844575842 1 61 0.388131 0.040884999999999998 0.11185199999999999 0.0041109999999999992 0.00098999999999999999 0.0027070000000000002 0.0096670000000000002 0.195046 0.026037000000000001 0 0.027057000000000001 0.00078899999999999999 0.046093000000000002 0.0010920000000000001 0.0034380000000000001 0.050585999999999978 0.02638200000000001 0.0064489999999999981 0 0
83 linear 3 7 0.47847200000000001 1.7625622892598591 1 61 0.213476 0.038075999999999999 0.20043800000000003 0.003901 0.00088100000000000006 0.0027169999999999998 0.011084999999999999 0.052470000000000003 0.025243999999999999 0 0.026669999999999999 0.00073800000000000005 0.011714 0.001129 0.0033819999999999996 0.13518600000000003 0.029113000000000014 0.0066819999999999935 0 1
83 linear 3 15 0.46329500000000001 1.7952987998586336 1 61 0.242146 0.037801000000000001 0.15884800000000002 0.0037559999999999998 0.00077099999999999998 0.0024759999999999999 0.010566000000000001 0.050207000000000002 0.024648 0 0.02673 0.00074399999999999998 0.046068999999999999 0.0010820000000000001 0.0033409999999999998 0.096599999999999991 0.027876000000000019 0.0064689999999999982 0 2
83 linear 3 23 0.42130400000000001 1.8362646469455064 1 61 0.201433 0.035570999999999998 0.16061300000000001 0.0036329999999999995 0.00077500000000000008 0.002477 0.010586 0.047620000000000003 0.025104999999999999 0 0.026501 0.00086399999999999997 0.011575999999999999 0.00098799999999999995 0.0029659999999999999 0.10179899999999999 0.025369999999999986 0.006283000000000003 0 3
83 linear 4 0 0.89162399999999997 1.4389591115756817 1 61 0.70078200000000002 0.063432000000000002 0.10309699999999997 0.0035699999999999994 0.00085300000000000003 0.0023999999999999998 0.0097050000000000001 0.19556399999999999 0.022074 0 0.026596999999999999 0.00078299999999999995 0.36658299999999999 0.0011670000000000001 0.0030479999999999999 0.044853000000000011 0.024513 0.0063130000000000018 0 0
83 linear 4 7 0.65129700000000001 1.4354456603803676 1 61 0.39745900000000001 0.064799999999999996 0.16494099999999998 0.0037480000000000005 0.00080399999999999992 0.0024599999999999999 0.0097359999999999999 0.045179999999999998 0.021468000000000001 0 0.026289 0.00078899999999999999 0.21249099999999999 0.001201 0.0031219999999999993 0.10338100000000003 0.027986999999999991 0.0063090000000000004 0 1
83 linear 4 15 0.55514399999999997 1.4317364146436236 1 61 0.306556 0.061563 0.16315699999999994 0.0034690000000000003 0.00081800000000000004 0.0024450000000000001 0.0096690000000000005 0.046164999999999998 0.020912 0 0.025918 0.00074799999999999997 0.12427000000000001 0.0011310000000000001 0.003009 0.10467400000000002 0.024834999999999989 0.0063170000000000006 0 2
83 linear 4 23 0.88342299999999996 1.4283368132665961 1 61 0.632687 0.060024000000000001 0.16638000000000006 0.00382 0.000794 0.0022669999999999999 0.0088120000000000004 0.043108 0.020826999999999998 0 0.025950999999999998 0.00075600000000000005 0.45624500000000001 0.001021 0.0029919999999999999 0.10795400000000001 0.02473599999999998 0.0062990000000000025 0 3
83 uniform 0 0 0.81267999999999996 2.9807302175585613 1 74 0.58796800000000005 0.092164999999999997 0.10584999999999999 0.0042929999999999999 0.0011769999999999999 0.0025140000000000002 0.0096190000000000008 0.19534399999999999 0.024036999999999999 0 0.026558999999999999 0.00080400000000000003 0.242008 0.00095600000000000004 0.0033810000000000003 0.055382999999999988 0.039170999999999977 0 0 0
83 uniform 0 7 0.71816800000000003 3.1235085361927206 1 74 0.44048700000000002 0.091394000000000003 0.16040199999999993 0.0038209999999999997 0.001057 0.002581 0.010323000000000001 0.046816000000000003 0.023552 0 0.026897000000000001 0.00077099999999999998 0.243143 0.0010120000000000001 0.0033400000000000001 0.10985099999999998 0.039220999999999985 0 0 1
83 uniform 0 15 0.688863 3.2768823773878699 1 74 0.41819200000000001 0.086410000000000001 0.15937899999999997 0.0034909999999999997 0.00091700000000000006 0.0023890000000000001 0.0099570000000000006 0.047718999999999998 0.023210999999999999 0 0.026637999999999998 0.00079600000000000005 0.223189 0.00095100000000000002 0.0032460000000000002 0.10958700000000002 0.038514999999999994 0 0 2
83 uniform 0 23 0.76988100000000004 3.4191883737570246 1 74 0.49416300000000002 0.087992000000000001 0.16279100000000005 0.0034479999999999997 0.00083600000000000005 0.002539 0.0095239999999999995 0.051131999999999997 0.023272999999999999 0 0.026126 0.00067400000000000001 0.29797300000000004 0.00087799999999999998 0.0032579999999999996 0.11228800000000001 0.039354999999999987 0 0 3
83 uniform 1 0 0.53369800000000001 3.4479937361923039 1 60 0.35906300000000002 0.069699999999999998 0.083596000000000059 0.0036250000000000002 0.00094499999999999998 0.002513 0.0096259999999999991 0.19595000000000001 0.024438999999999999 0 0.026731999999999999 0.00078700000000000005 0.019973999999999999 0.0011670000000000001 0.0032680000000000001 0.04565799999999999 0.028891999999999998 0 0 0
83 uniform 1 7 0.48885699999999999 3.6261029776224487 1 74 0.237932 0.064360000000000001 0.16214700000000004 0.0038640000000000002 0.0010580000000000001 0.0027409999999999999 0.010496999999999999 0.051318000000000003 0.022114000000000002 0 0.026329999999999999 0.00080900000000000004 0.046665999999999999 0.001176 0.0031159999999999998 0.11413199999999996 0.036796999999999983 0 0 1
83 uniform 1 15 0.47310999999999998 3.8141004405834362 1 74 0.23353499999999999 0.064135999999999999 0.15100799999999995 0.0035739999999999995 0.0010870000000000001 0.0025379999999999999 0.009757 0.048744000000000003 0.021676999999999998 0 0.026519000000000001 0.00080999999999999996 0.047149000000000003 0.0011039999999999999 0.0030510000000000003 0.10287300000000003 0.036920000000000008 0 0 2
83 uniform 1 23 0.50264399999999998 3.9878028199748896 1 74 0.27102100000000001 0.063211000000000003 0.14471000000000001 0.0033710000000000003 0.0010640000000000001 0.0024710000000000001 0.0095519999999999997 0.045704000000000002 0.021918 0 0.025766000000000001 0.000812 0.088654000000000011 0.0010319999999999999 0.0029859999999999995 0.098210999999999993 0.035407999999999974 0 0 3
83 uniform 2 0 0.66956400000000005 1.7538207581752894 1 60 0.46446599999999999 0.089113999999999999 0.091875999999999958 0.0033289999999999999 0.0011199999999999999 0.0027060000000000001 0.0096410000000000003 0.195078 0.022509000000000001 0 0.026452 0.00076000000000000004 0.12275499999999999 0.0010740000000000001 0.003248 0.051341000000000005 0.031479999999999987 0 0 0
83 uniform 2 7 0.49959399999999998 1.7418368928174459 1 45 0.31464799999999998 0.063352000000000006 0.10357999999999998 0.0023769999999999998 0.00076499999999999995 0.002797 0.010012 0.047473000000000001 0.022169999999999999 0 0.027001000000000001 0.00081899999999999996 0.121083 0.001276 0.0033180000000000002 0.075990000000000016 0.020782999999999999 0 0 1
83 uniform 2 15 0.58196300000000001 1.738117278265666 1 45 0.40191300000000002 0.060457999999999998 0.10179199999999999 0.0023550000000000003 0.00066500000000000001 0.0026050000000000001 0.0096780000000000008 0.052134 0.021677999999999999 0 0.026863999999999999 0.000843 0.20870500000000003 0.001214 0.0029820000000000003 0.07391700000000001 0.020790999999999994 0 0 2
83 uniform 2 23 0.46831 1.7344374585581253 1 45 0.27898000000000001 0.060093000000000001 0.11132199999999999 0.0024619999999999998 0.00063299999999999999 0.0025730000000000002 0.0094240000000000001 0.051284999999999997 0.021405 0 0.026526999999999998 0.00077999999999999999 0.089550000000000005 0.0010449999999999999 0.0030359999999999996 0.081950999999999982 0.022253999999999996 0 0 3
83 uniform 3 0 0.51022100000000004 1.7403948802416904 1 45 0.38863199999999998 0.038700999999999999 0.065081000000000014 0.0024169999999999999 0.00076200000000000009 0.0027899999999999999 0.010487 0.19728499999999999 0.022651000000000001 0 0.027463000000000001 0.00084900000000000004 0.046227000000000004 0.0010660000000000001 0.003127 0.037707000000000011 0.020596 0 0 0
83 uniform 3 7 0.39378000000000002 1.7648070111188539 1 45 0.20510200000000001 0.038103999999999999 0.131966 0.002575 0.00072400000000000003 0.0025839999999999999 0.0098720000000000006 0.051168999999999999 0.022009999999999998 0 0.026752999999999999 0.00080000000000000004 0.011768000000000001 0.0010499999999999999 0.0032970000000000005 0.10163099999999999 0.021878000000000002 0 0 1
83 uniform 3 15 0.39893400000000001 1.7983320071196356 1 45 0.24491399999999999 0.037678000000000003 0.09858500000000002 0.002408 0.00063900000000000003 0.0025479999999999999 0.01048 0.050252999999999999 0.024705000000000001 0 0.026709 0.00079100000000000004 0.050237999999999998 0.0010679999999999999 0.0032700000000000003 0.070164000000000004 0.021414000000000002 0 0 2
83 uniform 3 23 0.361593 1.8405894014961091 1 45 0.20278599999999999 0.037477000000000003 0.10308299999999998 0.0025339999999999998 0.00062800000000000009 0.0025330000000000001 0.010624 0.047746999999999998 0.024884 0 0.026224999999999998 0.00072199999999999999 0.011650999999999998 0.00098799999999999995 0.0032129999999999997 0.074886999999999995 0.021131000000000004 0 0 3
83 uniform 4 0 0.85846800000000001 1.4392788489351642 1 45 0.71208099999999996 0.064129000000000005 0.064074999999999993 0.002709 0.00071000000000000002 0.002604 0.011429999999999999 0.196772 0.025624999999999998 0 0.027352000000000001 0.00080000000000000004 0.36737699999999995 0.0012390000000000001 0.0030699999999999998 0.037576000000000005 0.019702999999999998 0 0 0
83 uniform 4 7 0.582928 1.4357465688850328 1 45 0.39682800000000001 0.062183000000000002 0.10654300000000001 0.00233 0.00060899999999999995 0.0026150000000000001 0.0097560000000000008 0.045072000000000001 0.021614999999999999 0 0.026904999999999998 0.00072999999999999996 0.21237999999999999 0.0010920000000000001 0.0030259999999999996 0.080266999999999977 0.019417999999999994 0 0 1
83 uniform 4 15 0.49101099999999998 1.4320181791565569 1 45 0.306643 0.061268000000000003 0.10558099999999999 0.0023 0.0005930000000000001 0.0025430000000000001 0.0097380000000000001 0.046351000000000003 0.020955999999999999 0 0.026176999999999999 0.00072099999999999996 0.12436299999999999 0.001021 0.0029850000000000002 0.078939999999999982 0.019882000000000011 0 0 2
83 uniform 4 23 0.81400399999999995 1.4286016835336914 1 45 0.63268599999999997 0.060127 0.103948 0.0023259999999999999 0.00057700000000000004 0.002431 0.009136 0.043020000000000003 0.020659 0 0.025852 0.00075699999999999997 0.45642000000000005 0.00093099999999999997 0.0029549999999999997 0.077317000000000011 0.019727999999999996 0 0 3
84 linear 0 0 0.43193999999999999 18.595935714254551 1 67 0.30273 0.011641 0.093590999999999994 0.0043080000000000002 0.0010859999999999999 0.0030699999999999998 0.011065 0.144951 0.021715000000000002 0 0.026914 0.00080199999999999998 0.00084399999999999992 0.0011429999999999999 0.0034199999999999999 0.04950400000000002 0.021193999999999994 0.0079970000000000024 0 0
84 linear 0 7 0.47065099999999999 18.71276546240918 1 67 0.19084799999999999 0.011062000000000001 0.24581200000000003 0.0036579999999999998 0.00091599999999999993 0.003032 0.0109 0.035131000000000003 0.022901000000000001 0 0.026834 0.00087200000000000005 0.00083300000000000008 0.0011490000000000001 0.0033020000000000007 0.20324499999999993 0.019572999999999993 0.0079620000000000021 0 1
84 linear 0 15 0.45402799999999999 18.84382991601602 1 67 0.18260499999999999 0.010880000000000001 0.23746999999999999 0.0036169999999999996 0.00099299999999999996 0.0027309999999999999 0.010496 0.032736000000000001 0.022793000000000001 0 0.026298999999999999 0.00076800000000000002 0.00084400000000000002 0.00094700000000000003 0.0032460000000000002 0.19441399999999989 0.020351999999999974 0.0079530000000000035 0 2
84 linear 0 23 0.44336599999999998 18.972208371128751 1 67 0.181173 0.010730999999999999 0.22847299999999998 0.0035320000000000004 0.00089700000000000001 0.0024120000000000001 0.0095680000000000001 0.034949000000000001 0.022512000000000001 0 0.026009999999999998 0.00078299999999999995 0.000834 0.00090899999999999998 0.0031830000000000001 0.18278999999999995 0.019926999999999986 0.010972999999999997 0 3
84 linear 1 0 0.47229199999999999 6.9808379114600667 1 82 0.32161000000000001 0.011408 0.11135599999999998 0.0044200000000000003 0.001317 0.0028549999999999999 0.010508999999999999 0.164157 0.024510000000000001 0 0.026414 0.00079299999999999998 0.00085399999999999994 0.001044 0.0032830000000000003 0.055575999999999987 0.027834999999999967 0.0097630000000000008 0 0
84 linear 1 7 0.48723 6.5564966067913293 1 82 0.19756899999999999 0.010992999999999999 0.25057199999999996 0.004496 0.0011020000000000001 0.0025790000000000001 0.0099480000000000002 0.045677000000000002 0.023538 0 0.026235000000000001 0.00078200000000000003 0.0008119999999999999 0.00094899999999999997 0.0033369999999999997 0.19473199999999999 0.027919999999999969 0.0097110000000000044 0 1
84 linear 1 15 0.49424600000000002 6.0633827831321154 1 82 0.19452 0.011117999999999999 0.25996399999999997 0.0047890000000000007 0.001178 0.0025709999999999999 0.0097040000000000008 0.043750999999999998 0.022834 0 0.025919000000000001 0.00077499999999999997 0.00084099999999999995 0.00096900000000000003 0.0034880000000000002 0.20516799999999996 0.026975999999999976 0.0097500000000000052 0 2
84 linear 1 23 0.478099 5.563742057892469 1 82 0.18887200000000001 0.010834 0.25019599999999997 0.0045709999999999995 0.001201 0.0027680000000000001 0.0097560000000000008 0.040577000000000002 0.022526000000000001 0 0.025878999999999999 0.00079500000000000003 0.00083200000000000006 0.00094600000000000001 0.0034279999999999996 0.19389800000000004 0.028286999999999986 0.009758000000000001 0 3
84 linear 2 0 0.50478599999999996 9.0700002544739711 1 106 0.30460100000000001 0.014374 0.14632899999999999 0.007136 0.0015349999999999999 0.0029940000000000001 0.010218 0.14576500000000001 0.023411000000000001 0 0.027268000000000001 0.00072000000000000005 0.0010119999999999999 0.00068000000000000005 0.0036330000000000004 0.07021000000000005 0.037608000000000003 0.012346000000000005 0 0
84 linear 2 7 0.54415899999999995 9.3712230576667768 1 106 0.18781500000000001 0.014043 0.30306699999999998 0.0066340000000000001 0.0014559999999999998 0.0029139999999999999 0.0098139999999999998 0.033276 0.022294999999999999 0 0.026665999999999999 0.00088599999999999996 0.00097300000000000002 0.00069899999999999997 0.0035270000000000002 0.22730300000000003 0.036843000000000035 0.012356000000000008 0 1
84 linear 2 15 0.55450299999999997 9.7990959862113041 1 106 0.18954499999999999 0.013887 0.3123769999999999 0.0067239999999999999 0.0013679999999999999 0.0026800000000000001 0.0095409999999999991 0.037634000000000001 0.020649000000000001 0 0.026398999999999999 0.00076499999999999995 0.00097999999999999997 0.00063000000000000003 0.0035429999999999997 0.23551200000000005 0.038390999999999974 0.012350000000000002 0 2
84 linear 2 23 0.55235199999999995 10.410383162178579 1 106 0.19189700000000001 0.013754000000000001 0.30845600000000001 0.0064409999999999997 0.0013469999999999999 0.0026259999999999999 0.0097509999999999993 0.036667999999999999 0.021367000000000001 0 0.026259999999999999 0.00078600000000000002 0.00097299999999999991 0.00062500000000000001 0.0034819999999999999 0.23328000000000004 0.03678300000000001 0.012348 0 3
84 linear 3 0 0.47205599999999998 6.0108687714967193 1 61 0.34633700000000001 0.0089840000000000007 0.092174000000000006 0.0040179999999999999 0.000941 0.0027290000000000001 0.010097 0.160134 0.064064999999999997 0 0.026816 0.00077899999999999996 0.00063199999999999997 0.0013060000000000001 0.0032369999999999999 0.043297999999999975 0.025160000000000012 0.0070210000000000021 0 0
84 linear 3 7 0.43019499999999999 5.7629568814551817 1 61 0.21520700000000001 0.008848 0.18190499999999996 0.0038929999999999998 0.000834 0.0026180000000000001 0.0093150000000000004 0.043804999999999997 0.054014 0 0.026505000000000001 0.00080599999999999997 0.00058299999999999997 0.0012260000000000001 0.0030049999999999999 0.13390600000000005 0.024149999999999998 0.0070050000000000017 0 1
84 linear 3 15 0.42855199999999999 5.521917637921856 1 61 0.22183900000000001 0.008763 0.17400999999999994 0.0035620000000000001 0.00079000000000000001 0.002385 0.0094490000000000008 0.043498000000000002 0.063030000000000003 0 0.026034000000000002 0.00076999999999999996 0.00060000000000000006 0.0011460000000000001 0.0029819999999999998 0.12613799999999997 0.024241000000000002 0.0070060000000000009 0 2
84 linear 3 23 0.42642400000000003 5.3150719256340571 1 61 0.20252300000000001 0.0088929999999999999 0.19044999999999995 0.0035460000000000001 0.00093700000000000012 0.002398 0.0091050000000000002 0.043721000000000003 0.041680000000000002 0 0.025669000000000001 0.00068999999999999997 0.00059099999999999995 0.00123 0.0030590000000000001 0.14371200000000006 0.023126999999999998 0.0070220000000000005 0 3
84 linear 4 0 0.49728099999999997 10.822397976859254 1 105 0.29489799999999999 0.014142999999999999 0.15000599999999992 0.0059109999999999996 0.0015320000000000002 0.0027160000000000001 0.010264000000000001 0.136264 0.021588 0 0.027528 0.00081099999999999998 0.0010499999999999999 0.00069300000000000004 0.0035949999999999997 0.072253999999999985 0.03857099999999998 0.012235000000000006 0 0
84 linear 4 7 0.52235500000000001 10.55441115669314 1 105 0.19290399999999999 0.013594 0.27815899999999993 0.0057449999999999992 0.001575 0.0025869999999999999 0.0094889999999999992 0.039338999999999999 0.020709000000000002 0 0.026599999999999999 0.00076000000000000004 0.0010170000000000001 0.00065399999999999996 0.0035570000000000003 0.20042900000000002 0.038458999999999979 0.012267999999999999 0 1
84 linear 4 15 0.496473 10.277187510838381 1 98 0.197466 0.015056999999999999 0.24654100000000009 0.0060040000000000007 0.0015920000000000001 0.0024589999999999998 0.0094310000000000001 0.042502999999999999 0.023192999999999998 0 0.026009999999999998 0.00079699999999999997 0.00098499999999999998 0.00065499999999999998 0.0038829999999999997 0.17174600000000007 0.037103000000000004 0.011755000000000002 0 2
84 linear 4 23 0.50692000000000004 10.025923157444973 1 98 0.20737800000000001 0.014749 0.24788300000000005 0.0056940000000000003 0.0013860000000000001 0.0026250000000000002 0.010749999999999999 0.045208999999999999 0.024105999999999999 0 0.026602000000000001 0.00074700000000000005 0.001049 0.00072199999999999999 0.0039459999999999999 0.17324500000000007 0.036885000000000001 0.011734 0 3
84 uniform 0 0 0.42586000000000002 18.106856667733155 1 67 0.30860199999999999 0.011743 0.082764999999999977 0.0033050000000000002 0.0010369999999999999 0.0028479999999999998 0.011781 0.14638799999999999 0.024167999999999999 0 0.028029999999999999 0.00076999999999999996 0.00080800000000000002 0.001106 0.003692 0.051236999999999991 0.02140499999999998 0 0 0
84 uniform 0 7 0.45255600000000001 18.214198242485683 1 67 0.18182300000000001 0.011057000000000001 0.23703500000000005 0.0031679999999999998 0.00091 0.0025370000000000002 0.0098919999999999998 0.034881000000000002 0.021240999999999999 0 0.026252999999999999 0.00088400000000000002 0.00079299999999999998 0.0010529999999999999 0.003336 0.20738199999999996 0.01958399999999999 0 0 1
84 uniform 0 15 0.43533300000000003 18.33515349851568 1 67 0.177172 0.010855 0.22482199999999999 0.002996 0.00080100000000000006 0.0024369999999999999 0.0097109999999999991 0.032472000000000001 0.020833999999999998 0 0.025870000000000001 0.00075900000000000002 0.00078399999999999997 0.00099500000000000001 0.0032540000000000004 0.19445700000000005 0.020323999999999988 0 0 2
84 uniform 0 23 0.43110500000000002 18.454231067528248 1 67 0.179979 0.011057000000000001 0.21667900000000009 0.0034229999999999998 0.00093500000000000007 0.0023140000000000001 0.0093539999999999995 0.034629 0.020489 0 0.025735000000000001 0.00079500000000000003 0.00077899999999999996 0.0010510000000000001 0.0033960000000000001 0.18660500000000002 0.020060999999999999 0 0 3
84 uniform 1 0 0.45450000000000002 7.1260230584023043 1 82 0.31955299999999998 0.011332 0.096109000000000014 0.004117 0.0012819999999999999 0.0028010000000000001 0.010397 0.16397800000000001 0.022083999999999999 0 0.0263 0.00081099999999999998 0.00080000000000000004 0.001085 0.0033799999999999998 0.055912999999999984 0.027911999999999989 0 0 0
84 uniform 1 7 0.463866 6.7453691989684659 1 82 0.19415499999999999 0.010982 0.23119400000000004 0.0039380000000000005 0.001129 0.002751 0.0097249999999999993 0.045769999999999998 0.021260000000000001 0 0.026082000000000001 0.00079600000000000005 0.00077800000000000005 0.001075 0.0032389999999999997 0.19106099999999998 0.027887999999999965 0 0 1
84 uniform 1 15 0.47037499999999999 6.2975755962279267 1 82 0.18845300000000001 0.010923 0.24366700000000002 0.0037299999999999998 0.001078 0.0023670000000000002 0.0094479999999999998 0.043664000000000001 0.020823000000000001 0 0.025682 0.00076900000000000004 0.00083600000000000005 0.00083699999999999996 0.0032010000000000003 0.20454499999999995 0.026792999999999977 0 0 2
84 uniform 1 23 0.45393299999999998 5.8365230219186053 1 82 0.183472 0.010788000000000001 0.23221900000000001 0.003869 0.0011729999999999998 0.0024680000000000001 0.0088880000000000001 0.040821999999999997 0.020452000000000001 0 0.025942 0.00074600000000000003 0.00083900000000000001 0.00093000000000000005 0.0031710000000000002 0.19151299999999991 0.028456999999999989 0 0 3
84 uniform 2 0 0.45915 9.1183861002352877 1 90 0.30533199999999999 0.014449 0.10756899999999997 0.0047809999999999997 0.0014320000000000001 0.0027169999999999998 0.0099749999999999995 0.14776900000000001 0.023532000000000001 0 0.027193999999999999 0.00076099999999999996 0.00101 0.00064400000000000004 0.0035499999999999998 0.062805999999999987 0.031349000000000002 0 0 0
84 uniform 2 7 0.46396100000000001 9.4332200477780948 1 90 0.18990599999999999 0.013802 0.22903400000000002 0.0043970000000000007 0.0012130000000000001 0.002761 0.010264000000000001 0.033147999999999997 0.022969 0 0.027144000000000001 0.00082799999999999996 0.001003 0.00071500000000000003 0.0034019999999999996 0.18441200000000005 0.030855000000000014 0 0 1
84 uniform 2 15 0.47945300000000002 9.8871328367653515 1 90 0.194803 0.013556 0.24025099999999996 0.0044560000000000008 0.001132 0.0026809999999999998 0.0098200000000000006 0.037572000000000001 0.022450999999999999 0 0.030380999999999998 0.00087799999999999998 0.0010350000000000001 0.00066200000000000005 0.0034300000000000003 0.19497299999999998 0.031493 0 0 2
84 uniform 2 23 0.471551 10.559984527841092 1 90 0.18604200000000001 0.013332 0.24133600000000011 0.0043410000000000002 0.0011200000000000001 0.002333 0.0090670000000000004 0.036665999999999997 0.022681 0 0.025481 0.00080099999999999995 0.00098300000000000015 0.00065600000000000001 0.0034840000000000001 0.19708200000000006 0.03077800000000001 0 0 3
84 uniform 3 0 0.43393199999999998 6.0349463660977358 1 45 0.35001599999999999 0.0090519999999999993 0.057239999999999985 0.002281 0.00071700000000000008 0.0025639999999999999 0.0096469999999999993 0.16422100000000001 0.065523999999999999 0 0.026655000000000002 0.00085899999999999995 0.00062399999999999999 0.001214 0.0031320000000000002 0.033344000000000006 0.017156999999999988 0 0 0
84 uniform 3 7 0.38269900000000001 5.7817900635655022 1 45 0.21578600000000001 0.0087550000000000006 0.14072599999999996 0.0022550000000000001 0.00064199999999999999 0.0025100000000000001 0.0095899999999999996 0.043623000000000002 0.054197000000000002 0 0.026752999999999999 0.00076599999999999997 0.00059299999999999999 0.001122 0.0031380000000000006 0.11768199999999999 0.016244000000000005 0 0 1
84 uniform 3 15 0.38731399999999999 5.5365857736578041 1 45 0.22406300000000001 0.0086429999999999996 0.137185 0.0023010000000000001 0.000602 0.002392 0.0090449999999999992 0.043707000000000003 0.065310000000000007 0 0.025853999999999999 0.00077499999999999997 0.00061699999999999993 0.0011299999999999999 0.0029869999999999996 0.113922 0.016438999999999999 0 0 2
84 uniform 3 23 0.37623499999999999 5.3267896770874916 1 45 0.204461 0.0088210000000000007 0.14475500000000002 0.0025050000000000003 0.00076599999999999997 0.0023839999999999998 0.0092860000000000009 0.043890999999999999 0.044068999999999997 0 0.025729999999999999 0.00074799999999999997 0.00060600000000000009 0.001101 0.0030179999999999998 0.12234100000000002 0.015688000000000001 0 0 3
84 uniform 4 0 0.449766 10.85068385665511 1 89 0.29614499999999999 0.014315 0.10799399999999999 0.0046210000000000001 0.0013260000000000001 0.002882 0.010369 0.13652600000000001 0.023344 0 0.027129 0.00080999999999999996 0.001018 0.00063699999999999998 0.0035719999999999997 0.062731000000000023 0.031941999999999977 0 0 0
84 uniform 4 7 0.46176600000000001 10.578640358208215 1 89 0.19679099999999999 0.013613999999999999 0.22057000000000002 0.0044469999999999996 0.0010659999999999999 0.0026020000000000001 0.0095700000000000004 0.042679000000000002 0.020785999999999999 0 0.02657 0.00083199999999999995 0.00098299999999999993 0.00063400000000000001 0.0036110000000000001 0.17525600000000008 0.03200699999999998 0 0 1
84 uniform 4 15 0.42843700000000001 10.297746860792698 1 82 0.19290199999999999 0.013579000000000001 0.19305499999999998 0.0039390000000000007 0.0011719999999999999 0.002568 0.0094179999999999993 0.042519000000000001 0.020716999999999999 0 0.025741 0.00078100000000000001 0.00097999999999999997 0.00059500000000000004 0.0035169999999999997 0.15119700000000008 0.029378999999999992 0 0 2
84 uniform 4 23 0.43002299999999999 10.043571612616894 1 82 0.19814300000000001 0.013309 0.18996299999999997 0.0039529999999999999 0.00099799999999999997 0.002454 0.0092289999999999994 0.043762000000000002 0.020458 0 0.026105 0.00076800000000000002 0.0010140000000000001 0.00065300000000000004 0.0034859999999999999 0.14829100000000003 0.029170999999999975 0 0 3
85 linear 0 0 0.44850499999999999 9.5695544453578663 1 75 0.31770399999999999 0.011259999999999999 0.092898999999999982 0.0043470000000000002 0.0012550000000000003 0.0028400000000000001 0.010902999999999999 0.16503000000000001 0.021954000000000001 0 0.027297999999999999 0.00078700000000000005 0.0008209999999999999 0.0011100000000000001 0.0034940000000000001 0.044149000000000015 0.023576 0.008917000000000003 0 0
85 linear 0 7 0.37129400000000001 9.9409775872792761 1 75 0.190799 0.010900999999999999 0.14352899999999999 0.0041000000000000003 0.0011430000000000001 0.0025079999999999998 0.0097560000000000008 0.04376 0.020695000000000002 0 0.027203999999999999 0.00077899999999999996 0.00084800000000000001 0.00093000000000000005 0.003215 0.094559000000000004 0.022736000000000006 0.010163 0 1
85 linear 0 15 0.35936600000000002 10.334435683497473 1 75 0.187774 0.01076 0.13537599999999997 0.0037569999999999995 0.001108 0.0023930000000000002 0.0094520000000000003 0.043633999999999999 0.020587000000000001 0 0.026169999999999999 0.00071199999999999996 0.00085799999999999993 0.00095200000000000005 0.0032439999999999999 0.088533999999999974 0.021991999999999998 0.0089259999999999999 0 2
85 linear 0 23 0.357124 10.692328307397815 1 75 0.18234800000000001 0.010540000000000001 0.13846100000000003 0.0038750000000000004 0.0010809999999999999 0.0024789999999999999 0.0091680000000000008 0.040253999999999998 0.020500999999999998 0 0.026136 0.00075799999999999999 0.00083100000000000003 0.00086200000000000003 0.0031890000000000004 0.091008999999999951 0.02251800000000001 0.0088980000000000031 0 3
85 linear 1 0 0.47566999999999998 7.9648835152879487 1 82 0.31970100000000001 0.011609 0.11572800000000001 0.0046890000000000005 0.001292 0.0026940000000000002 0.010526000000000001 0.16903399999999999 0.022020999999999999 0 0.025998 0.000834 0.00078399999999999997 0.0011180000000000001 0.0033950000000000009 0.057650999999999973 0.029929999999999998 0.009755999999999999 0 0
85 linear 1 7 0.43273400000000001 8.0016381766868392 1 82 0.19290399999999999 0.010949 0.20095899999999997 0.0044060000000000002 0.001132 0.0028210000000000002 0.0106 0.041549999999999997 0.021606 0 0.026369 0.00096199999999999996 0.00082000000000000009 0.0010740000000000001 0.0032940000000000001 0.14260100000000001 0.030010999999999996 0.0097240000000000017 0 1
85 linear 1 15 0.508606 7.9910645454282916 1 82 0.19476399999999999 0.012222999999999999 0.27281900000000003 0.0042950000000000002 0.0011330000000000001 0.0025950000000000001 0.009757 0.042885 0.021042000000000002 0 0.026136 0.00085099999999999998 0.00082399999999999997 0.001003 0.0072020000000000009 0.20670200000000005 0.032450999999999994 0.010579000000000005 0 2
85 linear 1 23 0.48105100000000001 7.9301029025368974 1 82 0.19209599999999999 0.012338 0.24759100000000003 0.0043200000000000001 0.0011180000000000001 0.003522 0.0093550000000000005 0.042247 0.023309 0 0.025735999999999998 0.00083199999999999995 0.00082599999999999991 0.00089499999999999996 0.003637 0.18157799999999996 0.03341100000000001 0.010239 0 3
85 linear 2 0 0.42735000000000001 2.7306578106859973 1 61 0.31527100000000002 0.0095650000000000006 0.077305000000000026 0.0044060000000000002 0.00088499999999999994 0.002562 0.011408 0.16681199999999999 0.024788000000000001 0 0.025964000000000001 0.00088199999999999997 0.00061899999999999998 0.00115 0.0033370000000000001 0.034518000000000014 0.021465999999999996 0.0074729999999999961 0 0
85 linear 2 7 0.42658400000000002 2.7342176737680841 1 61 0.193526 0.0082500000000000004 0.19987100000000002 0.004241 0.00080799999999999991 0.00249 0.011202999999999999 0.049548000000000002 0.023951 0 0.025897 0.00078399999999999997 0.00062500000000000001 0.0010480000000000001 0.0035770000000000003 0.15992399999999998 0.019346000000000002 0.007236000000000002 0 1
85 linear 2 15 0.42274699999999998 2.7383115325622081 1 61 0.179698 0.0081040000000000001 0.21044899999999994 0.0039410000000000001 0.00076300000000000001 0.0023679999999999999 0.009469 0.043145000000000003 0.020747999999999999 0 0.025309000000000002 0.00084800000000000001 0.00062 0.001018 0.0029850000000000007 0.169212 0.020606000000000003 0.0072510000000000014 0 2
85 linear 2 23 0.55506 2.9692557210763941 1 98 0.18954099999999999 0.011283 0.31707099999999999 0.0060759999999999998 0.001335 0.002189 0.0091339999999999998 0.043143000000000001 0.021354999999999999 0 0.025697000000000001 0.000834 0.00078700000000000005 0.001041 0.0033799999999999998 0.24710600000000002 0.036545000000000015 0.011656 0 3
85 linear 3 0 0.42604900000000001 2.293019799676959 1 61 0.31484000000000001 0.0084950000000000008 0.078456000000000026 0.00364 0.00089400000000000005 0.0026740000000000002 0.011082 0.16519700000000001 0.021541000000000001 0 0.026348 0.00077200000000000001 0.00066700000000000006 0.001322 0.0033280000000000002 0.038932000000000015 0.019048999999999996 0.0072550000000000028 0 0
85 linear 3 7 0.38854499999999997 2.294855654783726 1 61 0.18343599999999999 0.0082419999999999993 0.17250100000000002 0.0035300000000000002 0.00081300000000000003 0.0025590000000000001 0.010137 0.043914000000000002 0.021004999999999999 0 0.025683000000000001 0.00080199999999999998 0.00060500000000000007 0.001036 0.0030989999999999993 0.13375900000000002 0.018362999999999997 0.0072420000000000028 0 1
85 linear 3 15 0.380193 2.2969596040716778 1 61 0.18132699999999999 0.0081580000000000003 0.16648800000000002 0.003601 0.00077200000000000012 0.0024190000000000001 0.0099340000000000001 0.043914000000000002 0.020844999999999999 0 0.025658 0.00079100000000000004 0.00064700000000000001 0.00095799999999999998 0.003094 0.12720000000000001 0.018919999999999999 0.0072510000000000031 0 2
85 linear 3 23 0.37104700000000002 2.2990697853119837 1 61 0.180593 0.0080459999999999993 0.15884799999999991 0.0034250000000000001 0.00075500000000000003 0.0022239999999999998 0.0096699999999999998 0.043679000000000003 0.023026999999999999 0 0.025770999999999999 0.00078600000000000002 0.00057699999999999993 0.0010200000000000001 0.0029229999999999998 0.11963700000000001 0.018842000000000008 0.0072500000000000004 0 3
85 linear 4 0 0.50703799999999999 9.219578539482173 1 98 0.33408900000000002 0.014163 0.122075 0.0060209999999999986 0.0014589999999999998 0.002679 0.010331 0.172683 0.023390000000000001 0 0.026741999999999998 0.00084000000000000003 0.00106 0.00072499999999999995 0.0035949999999999997 0.058493999999999977 0.030769000000000005 0.011655999999999998 0 0
85 linear 4 7 0.436525 9.1019056332199852 1 98 0.212979 0.013782000000000001 0.17371100000000006 0.0056760000000000005 0.0015090000000000001 0.0026380000000000002 0.010229 0.049868000000000003 0.022606999999999999 0 0.026428 0.00084099999999999995 0.0010560000000000001 0.00065099999999999999 0.0036949999999999999 0.10997399999999996 0.030834999999999987 0.011644000000000005 0 1
85 linear 4 15 0.41697299999999998 8.9744417752152419 1 98 0.20472899999999999 0.013292 0.1636949999999999 0.0052250000000000005 0.0013449999999999998 0.0025240000000000002 0.0099830000000000006 0.051338000000000002 0.022280999999999999 0 0.025463 0.00076800000000000002 0.0010859999999999997 0.00060599999999999998 0.0037499999999999999 0.10060800000000006 0.030391000000000001 0.011659999999999997 0 2
85 linear 4 23 0.42098400000000002 8.8537416384163876 1 98 0.20097799999999999 0.013154000000000001 0.17141500000000001 0.0053460000000000001 0.0013879999999999999 0.0022980000000000001 0.0092449999999999997 0.049475999999999999 0.022138000000000001 0 0.026582000000000001 0.00077700000000000002 0.001026 0.00067199999999999996 0.0036570000000000001 0.10797300000000004 0.030679000000000015 0.011675000000000003 0 3
85 uniform 0 0 0.42059600000000003 9.3921395095061957 1 67 0.31559100000000001 0.011159000000000001 0.071039999999999992 0.0033990000000000001 0.0011679999999999998 0.0026090000000000002 0.010158 0.16483900000000001 0.023321000000000001 0 0.026578999999999998 0.00073999999999999999 0.00082200000000000003 0.001085 0.0033049999999999998 0.040355999999999989 0.020569999999999995 0 0 0
85 uniform 0 7 0.33633400000000002 9.7189354880892758 1 67 0.19398099999999999 0.011084999999999999 0.10797299999999997 0.0036330000000000004 0.001023 0.0024429999999999999 0.0096050000000000007 0.043618999999999998 0.022542 0 0.026928000000000001 0.00074600000000000003 0.00082900000000000009 0.0010089999999999999 0.0034839999999999997 0.077646000000000021 0.020331000000000002 0 0 1
85 uniform 0 15 0.33515200000000001 10.068528966507545 1 67 0.19467200000000001 0.010801 0.10731900000000001 0.0031380000000000002 0.00087100000000000003 0.0024989999999999999 0.0094249999999999994 0.043594000000000001 0.023236 0 0.028847000000000001 0.00074700000000000005 0.00085899999999999985 0.00092199999999999997 0.0032290000000000005 0.077976000000000031 0.019364999999999993 0 0 2
85 uniform 0 23 0.32519900000000002 10.391487179866578 1 67 0.18517 0.010500000000000001 0.10763200000000003 0.0029349999999999997 0.000776 0.0023839999999999998 0.0091229999999999992 0.040150999999999999 0.023040999999999999 0 0.025926000000000001 0.00077800000000000005 0.00080499999999999994 0.00094899999999999997 0.0031829999999999996 0.077547999999999992 0.020054999999999993 0 0 3
85 uniform 1 0 0.46430300000000002 7.9211931315065822 1 82 0.322048 0.011591000000000001 0.103112 0.0039299999999999995 0.0011770000000000001 0.0026199999999999999 0.010642 0.16731399999999999 0.024421999999999999 0 0.026061000000000001 0.00089599999999999999 0.00078100000000000012 0.0010859999999999999 0.003483 0.060851000000000002 0.030038999999999996 0 0 0
85 uniform 1 7 0.41875899999999999 7.9163501655868753 1 82 0.19428000000000001 0.011063 0.18541400000000011 0.0042000000000000006 0.0011190000000000002 0.0026679999999999998 0.0099579999999999998 0.041225999999999999 0.023342000000000002 0 0.026169000000000001 0.0009990000000000001 0.00082899999999999998 0.0010219999999999999 0.0034039999999999995 0.14312299999999997 0.030035999999999976 0 0 1
85 uniform 1 15 0.429008 7.8681642829008949 1 82 0.19036900000000001 0.011231 0.20036099999999998 0.0036460000000000004 0.0010499999999999999 0.002598 0.010588 0.043131999999999997 0.021354999999999999 0 0.02581 0.00084500000000000005 0.00081599999999999999 0.00096900000000000003 0.0031440000000000005 0.15878499999999995 0.02907199999999998 0 0 2
85 uniform 1 23 0.42508600000000002 7.7812267402767459 1 82 0.18973799999999999 0.011254999999999999 0.19691400000000006 0.0037650000000000001 0.001023 0.0023210000000000001 0.0098069999999999997 0.041223999999999997 0.024799999999999999 0 0.025869 0.00080400000000000003 0.00079700000000000007 0.000892 0.0032120000000000004 0.15504199999999999 0.029219999999999975 0 0 3
85 uniform 2 0 0.38229200000000002 2.7306772457547077 1 45 0.30561899999999997 0.0084709999999999994 0.05071999999999998 0.0021749999999999999 0.000736 0.0025019999999999999 0.010385 0.162712 0.021724 0 0.026393 0.00087399999999999999 0.00065600000000000012 0.0012539999999999999 0.0030310000000000003 0.028050000000000002 0.015905999999999997 0 0 0
85 uniform 2 7 0.33413900000000002 2.7342374848479616 1 45 0.18548400000000001 0.0082199999999999999 0.12287000000000003 0.0022620000000000001 0.00067699999999999987 0.002408 0.009783 0.048057999999999997 0.021024999999999999 0 0.025937000000000002 0.00080699999999999999 0.00064700000000000001 0.0010480000000000001 0.0029850000000000002 0.10107899999999999 0.014906999999999991 0 0 1
85 uniform 2 15 0.33489799999999997 2.7383317855423157 1 45 0.180419 0.0082520000000000007 0.12859999999999999 0.0023089999999999999 0.00067900000000000002 0.0023249999999999998 0.0096150000000000003 0.042942000000000001 0.020804 0 0.025576000000000002 0.000825 0.00062700000000000006 0.001041 0.0030249999999999999 0.10627700000000001 0.015539999999999997 0 0 2
85 uniform 2 23 0.41260200000000002 3.0531339170976053 1 66 0.19000600000000001 0.011205 0.18857800000000008 0.0030129999999999996 0.0010589999999999998 0.002362 0.0097230000000000007 0.043355999999999999 0.021292999999999999 0 0.026002999999999998 0.00082299999999999995 0.00078300000000000006 0.00099700000000000006 0.0033349999999999999 0.15230099999999999 0.026416000000000002 0 0 3
85 uniform 3 0 0.391513 2.2930216754249435 1 45 0.31465900000000002 0.0085979999999999997 0.050338999999999981 0.0023499999999999997 0.00073200000000000001 0.0026180000000000001 0.011061 0.16988700000000001 0.021680000000000001 0 0.026325999999999999 0.00080400000000000003 0.00066300000000000007 0.0011050000000000001 0.0032349999999999996 0.029947999999999999 0.013647000000000005 0 0 0
85 uniform 3 7 0.31784899999999999 2.2948575326762457 1 45 0.182612 0.0082730000000000008 0.109207 0.0023830000000000001 0.00069400000000000006 0.0025149999999999999 0.010015 0.043864 0.020961 0 0.025693000000000001 0.00084400000000000002 0.00058900000000000001 0.001121 0.0029640000000000001 0.08915099999999998 0.013280000000000004 0 0 1
85 uniform 3 15 0.32146799999999998 2.2969614844686896 1 45 0.18385000000000001 0.0080619999999999997 0.11206200000000001 0.0022880000000000001 0.00061999999999999989 0.002454 0.010035000000000001 0.044145999999999998 0.02128 0 0.026417 0.0010480000000000001 0.00064799999999999992 0.0010690000000000001 0.0029640000000000001 0.091659000000000018 0.013627000000000002 0 0 2
85 uniform 3 23 0.312224 2.2990716682709875 1 45 0.18207100000000001 0.0081379999999999994 0.10475800000000002 0.0024060000000000002 0.00060599999999999998 0.0023029999999999999 0.0095820000000000002 0.047226999999999998 0.020816999999999999 0 0.02623 0.00078299999999999995 0.00058500000000000002 0.0010089999999999999 0.002944 0.084601000000000023 0.013396999999999999 0 0 3
85 uniform 4 0 0.46840799999999999 9.2428705506410118 1 82 0.332312 0.015298000000000001 0.090557000000000012 0.0043740000000000012 0.0013959999999999999 0.0026900000000000001 0.010279999999999999 0.172513 0.021305000000000001 0 0.026811000000000001 0.00080000000000000004 0.0010510000000000001 0.00077800000000000005 0.0039429999999999995 0.051813000000000019 0.02606399999999999 0 0 0
85 uniform 4 7 0.40477999999999997 9.1232421459196651 1 82 0.215697 0.015044999999999999 0.14062700000000003 0.0041459999999999995 0.0013339999999999999 0.002794 0.011276 0.051202999999999999 0.023803999999999999 0 0.026471999999999999 0.00078200000000000003 0.0010680000000000002 0.00068099999999999996 0.0040520000000000009 0.098471999999999962 0.028812999999999991 0 0 1
85 uniform 4 15 0.38684099999999999 8.9938227497289773 1 82 0.21024999999999999 0.014453000000000001 0.13306000000000004 0.0039519999999999998 0.0011170000000000002 0.0026710000000000002 0.010753 0.052731 0.023429999999999999 0 0.025342 0.00074200000000000004 0.001062 0.00068900000000000005 0.0039429999999999995 0.091677999999999968 0.028133999999999992 0 0 2
85 uniform 4 23 0.38120300000000001 8.8714159156714221 1 82 0.205843 0.014515 0.13266700000000001 0.0037410000000000004 0.0010069999999999999 0.0023340000000000001 0.010279 0.050878 0.023109000000000001 0 0.026273000000000001 0.00076300000000000001 0.0010330000000000001 0.00059299999999999999 0.0038780000000000004 0.093349999999999989 0.026880999999999995 0 0 3
86 linear 0 0 0.66615999999999997 2.1037836778325025 1 110 0.33357700000000001 0.012321 0.28401700000000007 0.0063589999999999992 0.0017759999999999998 0.002869 0.010721 0.17152999999999999 0.021606 0 0.027935999999999999 0.00093899999999999995 0.0031280000000000001 0.00092199999999999997 0.0043909999999999999 0.080994999999999984 0.031521999999999988 0.012848999999999999 0 0
86 linear 0 7 0.65874699999999997 2.1654971219779848 1 118 0.29100799999999999 0.012526000000000001 0.317824 0.0068039999999999993 0.001513 0.002931 0.0111 0.022051999999999999 0.021677999999999999 0 0.027331999999999999 0.00096000000000000002 0.105147 0.00099200000000000004 0.0042030000000000001 0.097276999999999975 0.038676999999999989 0.016728 0 1
86 linear 0 15 0.48094500000000001 2.2415642427909814 1 109 0.18415200000000001 0.012661 0.25070800000000004 0.0054659999999999995 0.0015910000000000002 0.0032169999999999998 0.011193 0.022116 0.021197000000000001 0 0.027789000000000001 0.00086399999999999997 0.0029560000000000003 0.00090200000000000002 0.0039810000000000002 0.079463999999999979 0.030187999999999979 0.010547999999999998 0 2
86 linear 0 23 0.55966899999999997 2.3244213369632987 1 109 0.25360300000000002 0.012770999999999999 0.26018400000000014 0.0053880000000000004 0.0013930000000000001 0.003045 0.010714 0.021434000000000002 0.021284000000000001 0 0.026603999999999999 0.00093899999999999995 0.070893999999999999 0.001152 0.0042769999999999996 0.086749999999999994 0.032382999999999988 0.011490000000000002 0 3
86 linear 1 0 0.64815500000000004 11.047660542690455 1 81 0.42207800000000001 0.009476 0.18967000000000001 0.0043769999999999998 0.0013929999999999999 0.0029369999999999999 0.011246000000000001 0.16692000000000001 0.022379 0 0.028309000000000001 0.000892 0.10179299999999999 0.00093099999999999997 0.0032429999999999994 0.082149999999999973 0.03205599999999996 0.013475999999999997 0 0
86 linear 1 7 0.52962399999999998 11.270239906877059 1 81 0.302263 0.0092870000000000001 0.1915629999999999 0.0045640000000000003 0.001062 0.0027520000000000001 0.010668 0.019807000000000002 0.023338000000000001 0 0.027219 0.00085899999999999995 0.13322999999999999 0.00088800000000000001 0.0031220000000000002 0.089553999999999967 0.027406999999999977 0.013258999999999996 0 1
86 linear 1 15 0.59476499999999999 11.33768785467138 1 81 0.36790899999999999 0.0091109999999999993 0.18880299999999986 0.0041190000000000003 0.00093499999999999985 0.002777 0.010741000000000001 0.017349 0.022988999999999999 0 0.027459999999999998 0.00085700000000000001 0.199908 0.00083199999999999995 0.0032359999999999997 0.086121000000000059 0.027606999999999979 0.013358000000000002 0 2
86 linear 1 23 0.37914199999999998 11.207551001130295 1 81 0.157695 0.008711 0.18749299999999997 0.0039820000000000003 0.00099600000000000014 0.0027320000000000001 0.010598 0.0073150000000000003 0.022505000000000001 0 0.027570999999999998 0.00078100000000000001 0.0022309999999999999 0.00081499999999999997 0.0031829999999999996 0.087430000000000035 0.027057999999999978 0.013325000000000002 0 3
86 linear 2 0 0.57095799999999997 9.1247344506768897 1 95 0.31467600000000001 0.0095650000000000006 0.21653900000000001 0.0046569999999999997 0.001359 0.0027200000000000002 0.010709 0.16145499999999999 0.023446999999999999 0 0.027522999999999999 0.00088400000000000002 0.0021229999999999999 0.0011379999999999999 0.0032950000000000002 0.098007000000000011 0.034311000000000008 0.016641000000000006 0 0
86 linear 2 7 0.426259 7.9714597840970267 1 95 0.17879900000000001 0.0095580000000000005 0.20762100000000008 0.0048420000000000008 0.001358 0.0026610000000000002 0.010394 0.018343000000000002 0.023111 0 0.026880999999999999 0.000892 0.010246999999999999 0.001108 0.0032859999999999994 0.096370999999999971 0.032855999999999982 0.016664999999999996 0 1
86 linear 2 15 0.53403599999999996 6.544504893088364 1 133 0.18997900000000001 0.015426 0.28036 0.0075249999999999996 0.0019089999999999997 0.0027000000000000001 0.010964 0.019335000000000001 0.023054999999999999 0 0.027838000000000002 0.00092000000000000003 0.0024790000000000003 0.000611 0.0038220000000000003 0.14104399999999995 0.044412 0.021343000000000001 0 2
86 linear 2 23 0.48686299999999999 5.707347232157459 1 118 0.18499499999999999 0.014706 0.24609499999999998 0.0065170000000000002 0.002049 0.0026029999999999998 0.010677000000000001 0.018030000000000001 0.022588 0 0.028448999999999999 0.00088999999999999995 0.0027149999999999995 0.00061300000000000005 0.0037040000000000003 0.11897699999999994 0.037107999999999995 0.017732000000000001 0 3
86 linear 3 0 0.79414300000000004 4.11825005503675 1 103 0.53195400000000004 0.015014 0.20960699999999993 0.0059429999999999995 0.0014349999999999999 0.0026570000000000001 0.010685999999999999 0.168272 0.022280000000000001 0 0.026631999999999999 0.00097400000000000004 0.20113600000000001 0.000718 0.004143 0.093462000000000003 0.037779999999999994 0.015082999999999997 0 0
86 linear 3 7 0.70739700000000005 4.47492956918685 1 111 0.41091100000000003 0.014784 0.240647 0.0069809999999999994 0.0015679999999999999 0.0026050000000000001 0.010421 0.021610999999999998 0.020833999999999998 0 0.025756999999999999 0.000776 0.23013999999999998 0.00067900000000000002 0.0041070000000000004 0.11341 0.040952000000000023 0.017003999999999998 0 1
86 linear 3 15 0.71133900000000005 4.9841830632347 1 111 0.41664800000000002 0.014376999999999999 0.23992200000000002 0.0064560000000000008 0.0014639999999999998 0.0027409999999999999 0.010583 0.021839000000000001 0.021158 0 0.025241 0.00078399999999999997 0.23329300000000003 0.00076499999999999995 0.0039280000000000009 0.11467000000000005 0.039359999999999992 0.016965999999999998 0 2
86 linear 3 23 0.67768099999999998 5.6584435606693946 1 111 0.38103999999999999 0.014234999999999999 0.24203699999999997 0.0063479999999999995 0.001467 0.0027269999999999998 0.010699 0.021780000000000001 0.020584000000000002 0 0.025448999999999999 0.00080599999999999997 0.195302 0.00073800000000000005 0.0039070000000000008 0.115509 0.038706999999999978 0.016924000000000002 0 3
86 linear 4 0 0.76337999999999995 3.9251555066437094 1 113 0.55016600000000004 0.0092960000000000004 0.17078900000000011 0.0066970000000000007 0.0016289999999999998 0.0028639999999999998 0.011412 0.16619100000000001 0.021531000000000002 0 0.027865999999999998 0.00084699999999999999 0.23188300000000001 0.001101 0.0033890000000000005 0.10179799999999999 0.028946999999999976 0.013514999999999998 0 0
86 linear 4 7 0.36041899999999999 3.685444473836367 1 97 0.166964 0.0088900000000000003 0.15705099999999997 0.0050029999999999996 0.0013679999999999999 0.0026849999999999999 0.010475999999999999 0.019018 0.020930000000000001 0 0.027651999999999999 0.00093499999999999996 0.002052 0.0010150000000000001 0.0033819999999999996 0.097924000000000025 0.024886999999999999 0.011516000000000004 0 1
86 linear 4 15 0.42422399999999999 3.4447719745237224 1 97 0.22317400000000001 0.0090130000000000002 0.16497100000000003 0.0047660000000000003 0.0013340000000000001 0.0026229999999999999 0.010241999999999999 0.021558000000000001 0.020688999999999999 0 0.027435999999999999 0.00091399999999999999 0.058385000000000006 0.00066200000000000005 0.0031419999999999998 0.10225900000000002 0.028237999999999985 0.011633000000000004 0 2
86 linear 4 23 0.47368900000000003 3.2341673014515862 1 97 0.27017200000000002 0.0099830000000000006 0.16632000000000002 0.0046099999999999995 0.0012590000000000001 0.0026640000000000001 0.011403 0.022429999999999999 0.023556000000000001 0 0.026141000000000001 0.000861 0.10117700000000002 0.00066799999999999997 0.003166 0.10617499999999996 0.024902000000000001 0.012007000000000006 0 3
86 uniform 0 0 0.55030100000000004 2.0994454609036284 1 118 0.33626 0.013729 0.15909599999999996 0.0071250000000000011 0.00166 0.0028679999999999999 0.011816 0.16910800000000001 0.024364 0 0.026979 0.00087500000000000002 0.0029009999999999999 0.00094899999999999997 0.004372 0.096468000000000054 0.040939999999999969 0 0 0
86 uniform 0 7 0.49679299999999998 2.1611423977057065 1 118 0.290854 0.013438 0.15556600000000004 0.0059789999999999999 0.0014039999999999999 0.0030560000000000001 0.012193000000000001 0.023057999999999999 0.024419 0 0.027168999999999999 0.00084000000000000003 0.104795 0.00089800000000000004 0.0041299999999999991 0.097394999999999982 0.039667999999999988 0 0 1
86 uniform 0 15 0.366475 2.2378342658378192 1 117 0.17893300000000001 0.012451 0.14014399999999996 0.0057689999999999998 0.0012209999999999999 0.0028839999999999998 0.010463999999999999 0.021752000000000001 0.020757999999999999 0 0.027781 0.00085899999999999995 0.0028249999999999998 0.00084999999999999995 0.0037690000000000002 0.085907999999999984 0.037018000000000009 0 0 2
86 uniform 0 23 0.41756900000000002 2.3220721476816948 1 109 0.239314 0.012559000000000001 0.13431200000000001 0.0044190000000000002 0.00114 0.002771 0.010459 0.021177999999999999 0.021146999999999999 0 0.026200999999999999 0.00077700000000000002 0.064479999999999996 0.001003 0.0040379999999999999 0.086071000000000022 0.032332999999999987 0 0 3
86 uniform 1 0 0.58872999999999998 10.862133356836967 1 81 0.42401299999999997 0.0094289999999999999 0.12882900000000003 0.0042279999999999991 0.0011709999999999999 0.002856 0.011077 0.16731799999999999 0.022207999999999999 0 0.028188000000000001 0.00083500000000000002 0.101688 0.00088500000000000004 0.0033549999999999999 0.086759000000000017 0.02843099999999997 0 0 0
86 uniform 1 7 0.46728199999999998 11.023895285586237 1 81 0.30221399999999998 0.0092079999999999992 0.12979599999999999 0.0039129999999999998 0.00099299999999999996 0.0028080000000000002 0.010614 0.019657000000000001 0.021693 0 0.027584000000000001 0.00084999999999999995 0.13318099999999999 0.00084400000000000002 0.0031750000000000003 0.088823000000000041 0.027347999999999966 0 0 1
86 uniform 1 15 0.52729499999999996 11.072185159343013 1 81 0.363483 0.0089269999999999992 0.129716 0.0037069999999999994 0.00093300000000000002 0.0025720000000000001 0.010349000000000001 0.017306999999999999 0.021288999999999999 0 0.027361 0.00086899999999999998 0.19911899999999999 0.00077999999999999999 0.0030630000000000002 0.088513000000000008 0.027542999999999991 0 0 2
86 uniform 1 23 0.314919 10.977792405521726 1 81 0.15306700000000001 0.0087749999999999998 0.12845099999999998 0.0035550000000000004 0.00090100000000000011 0.0025769999999999999 0.010156 0.0070359999999999997 0.021208999999999999 0 0.027028 0.000767 0.0021440000000000001 0.00077099999999999998 0.0030300000000000001 0.08780500000000005 0.027004999999999984 0 0 3
86 uniform 2 0 0.50597599999999998 9.3354415259495536 1 95 0.31802599999999998 0.0097630000000000008 0.14836699999999992 0.0045650000000000005 0.001232 0.002617 0.010515 0.16151499999999999 0.023921999999999999 0 0.027800999999999999 0.00090700000000000004 0.0023119999999999998 0.0011169999999999999 0.003424 0.099075999999999928 0.032799999999999989 0 0 0
86 uniform 2 7 0.36890299999999998 8.2445081175274382 1 95 0.18485799999999999 0.0092300000000000004 0.14537800000000001 0.0042449999999999996 0.0012679999999999998 0.0028530000000000001 0.010836999999999999 0.018436000000000001 0.027876999999999999 0 0.027196000000000001 0.000852 0.010335 0.001193 0.0033150000000000002 0.096039999999999973 0.032932999999999969 0 0 1
86 uniform 2 15 0.44853199999999999 6.6467462122862049 1 125 0.18893399999999999 0.015309 0.20052300000000009 0.0065399999999999998 0.0016590000000000001 0.0025739999999999999 0.010810999999999999 0.019248999999999999 0.023269000000000001 0 0.027637999999999999 0.00097999999999999997 0.0024989999999999999 0.00064899999999999995 0.003797 0.13687600000000003 0.042722999999999935 0 0 2
86 uniform 2 23 0.40124399999999999 5.7670570790044176 1 110 0.18567800000000001 0.014600999999999999 0.16350300000000001 0.005396999999999999 0.001645 0.0026150000000000001 0.010475 0.018144 0.022554999999999999 0 0.028628000000000001 0.00098400000000000007 0.002709 0.00061300000000000005 0.0037619999999999997 0.11301799999999999 0.032979999999999961 0 0 3
86 uniform 3 0 0.73389700000000002 4.1335637741082856 1 103 0.53433900000000001 0.014800000000000001 0.14800500000000003 0.0053189999999999999 0.001359 0.002771 0.01065 0.16803100000000001 0.022852000000000001 0 0.026582000000000001 0.00088500000000000004 0.19920600000000002 0.00071699999999999997 0.0044079999999999996 0.093434000000000045 0.03802299999999998 0 0 0
86 uniform 3 7 0.62640300000000004 4.4964108098596851 1 103 0.41875200000000001 0.014574999999999999 0.15626299999999996 0.0051330000000000004 0.0013140000000000001 0.0027720000000000002 0.010459 0.021704000000000001 0.026473 0 0.025891000000000001 0.00088199999999999997 0.23015100000000002 0.00066799999999999997 0.0044150000000000014 0.10346300000000004 0.035944999999999984 0 0 1
86 uniform 3 15 0.64521399999999995 5.0170058055065949 1 111 0.42005100000000001 0.014092 0.17219999999999999 0.0054090000000000006 0.0013330000000000002 0.002679 0.010345999999999999 0.021731 0.022145000000000001 0 0.024948999999999999 0.00084900000000000004 0.23299999999999998 0.00081400000000000005 0.0042319999999999997 0.11418499999999998 0.039643999999999978 0 0 2
86 uniform 3 23 0.60144799999999998 5.712323222729057 1 111 0.376998 0.014206 0.17142700000000002 0.0053210000000000002 0.0012949999999999999 0.0026289999999999998 0.010529999999999999 0.021590000000000002 0.022078 0 0.025179 0.00087699999999999996 0.19492400000000001 0.00073999999999999999 0.0039229999999999994 0.11482599999999997 0.038508999999999995 0 0 3
86 uniform 4 0 0.736564 3.9408499261726995 1 113 0.54827400000000004 0.0093900000000000008 0.14646199999999995 0.0061969999999999994 0.0015120000000000001 0.0027469999999999999 0.010854000000000001 0.16796700000000001 0.021486999999999999 0 0.027681000000000001 0.00094200000000000002 0.22966999999999999 0.0010870000000000001 0.0032089999999999996 0.10080700000000001 0.028714999999999994 0 0 0
86 uniform 4 7 0.34054600000000002 3.6982065022894468 1 97 0.166905 0.0089499999999999996 0.13733799999999999 0.0048809999999999999 0.0013010000000000001 0.0027460000000000002 0.010433 0.018846000000000002 0.021024000000000001 0 0.027751999999999999 0.00085300000000000003 0.0021099999999999999 0.001036 0.003271 0.097766999999999993 0.025105000000000006 0 0 1
86 uniform 4 15 0.40424700000000002 3.4549935442048776 1 97 0.22964499999999999 0.0089370000000000005 0.13904700000000003 0.0044819999999999999 0.0011100000000000001 0.0028340000000000001 0.010503999999999999 0.021506000000000001 0.024393999999999999 0 0.027817000000000001 0.00088400000000000002 0.058366999999999995 0.000669 0.0030850000000000001 0.10045699999999996 0.024029999999999996 0 0 2
86 uniform 4 23 0.43800499999999998 3.2424877135528445 1 97 0.265179 0.0086449999999999999 0.13846999999999995 0.0041330000000000004 0.001085 0.002526 0.010245000000000001 0.021132000000000001 0.020757999999999999 0 0.026835999999999999 0.00086799999999999996 0.101102 0.00068800000000000003 0.0029369999999999999 0.099769999999999984 0.024143000000000001 0 0 3
87 linear 0 0 0.375058 1.4121561504317375 1 66 0.248113 0.0067000000000000002 0.096668999999999991 0.0042040000000000003 0.0007000000000000001 0.0028440000000000002 0.011334 0.099535999999999999 0.022282 0 0.027677 0.00080599999999999997 0.00046100000000000004 0.0020530000000000001 0.0030540000000000003 0.037730999999999994 0.018724999999999999 0.0093779999999999957 0 0
87 linear 0 7 0.28775800000000001 1.4052457044838895 1 66 0.147455 0.0063810000000000004 0.111745 0.0035839999999999999 0.00061899999999999998 0.0026879999999999999 0.010551 0.0071570000000000002 0.021873 0 0.027550999999999999 0.00082399999999999997 0.00045799999999999997 0.001755 0.0028450000000000003 0.052338000000000003 0.019296999999999991 0.0092930000000000026 0 1
87 linear 0 15 0.495257 1.3948251961504081 1 81 0.29272799999999999 0.0094619999999999999 0.16375600000000001 0.0051920000000000004 0.00098200000000000002 0.0027030000000000001 0.010446 0.0076220000000000003 0.022148000000000001 0 0.027406 0.00076099999999999996 0.136545 0.00124 0.0034170000000000008 0.073133000000000017 0.026277999999999975 0.0134 0 2
87 linear 0 23 0.44164900000000001 1.3819152522004152 1 81 0.25403799999999999 0.0091850000000000005 0.15003599999999997 0.0046730000000000001 0.0010120000000000001 0.0029120000000000001 0.010390999999999999 0.0072100000000000003 0.021738 0 0.027258999999999999 0.00077899999999999996 0.10125100000000001 0.0012199999999999999 0.0032920000000000002 0.052848999999999986 0.026919999999999982 0.013365999999999998 0 3
87 linear 1 0 0.378023 1.3714123632126856 1 73 0.244417 0.0078879999999999992 0.10123000000000001 0.0038859999999999997 0.00082200000000000003 0.0028 0.01059 0.10395699999999999 0.021982000000000002 0 0.026905999999999999 0.00089800000000000004 0.00047399999999999997 0.0018600000000000001 0.0032899999999999995 0.040677999999999999 0.020303999999999992 0.010400000000000001 0 0
87 linear 1 7 0.29878399999999999 1.3581988673213019 1 73 0.15340400000000001 0.0075370000000000003 0.11357299999999999 0.0035739999999999999 0.00098200000000000002 0.0026619999999999999 0.010859000000000001 0.0079139999999999992 0.024455000000000001 0 0.026974999999999999 0.00082600000000000002 0.000415 0.00164 0.0062699999999999995 0.052933000000000015 0.020643999999999992 0.010206 0 1
87 linear 1 15 0.28803099999999998 1.340557820791423 1 73 0.146791 0.0063870000000000003 0.110913 0.0035479999999999999 0.00091100000000000003 0.0026340000000000001 0.010917 0.007456 0.024382000000000001 0 0.026716 0.00073300000000000004 0.00044400000000000006 0.001629 0.0031169999999999995 0.053896000000000041 0.020722999999999998 0.010606999999999998 0 2
87 linear 1 23 0.28877700000000001 1.3200382779412423 1 81 0.145761 0.0064549999999999998 0.10982100000000002 0.0043049999999999998 0.001119 0.0024840000000000001 0.010871 0.0064019999999999997 0.024951000000000001 0 0.026581 0.00066600000000000003 0.00041300000000000001 0.001722 0.0030690000000000005 0.050585999999999992 0.02379199999999999 0.011197999999999998 0 3
87 linear 2 0 0.58728599999999997 9.5305992361427005 1 118 0.25283800000000001 0.014256 0.28360400000000019 0.006677999999999999 0.0016680000000000002 0.0028939999999999999 0.012798 0.082129999999999995 0.025182 0 0.028729999999999999 0.00087900000000000001 0.00079299999999999998 0.001018 0.0036289999999999994 0.13299700000000003 0.046719999999999998 0.020795999999999981 0 0
87 linear 2 7 0.44851400000000002 8.4241190086091553 1 110 0.17888299999999999 0.012385 0.21910099999999999 0.0061069999999999996 0.0015439999999999998 0.0028349999999999998 0.011192000000000001 0.017033 0.021478000000000001 0 0.02921 0.00081099999999999998 0.0008160000000000001 0.001024 0.0035940000000000004 0.10736199999999997 0.035343000000000013 0.016966999999999993 0 1
87 linear 2 15 0.44613900000000001 7.4385685357495843 1 110 0.176348 0.015401 0.21672699999999998 0.0065420000000000009 0.001346 0.002751 0.011365 0.015466000000000001 0.020917999999999999 0 0.029139999999999999 0.00087699999999999996 0.00079599999999999994 0.00089700000000000001 0.0037509999999999996 0.10589100000000001 0.035916999999999991 0.016063999999999988 0 2
87 linear 2 23 0.47965200000000002 6.6438127838949432 1 152 0.16700499999999999 0.0094610000000000007 0.25614800000000021 0.010441000000000002 0.0019110000000000002 0.002578 0.011275 0.014824 0.021059999999999999 0 0.028468 0.000883 0.00060499999999999996 0.0011230000000000001 0.0035119999999999999 0.14021299999999995 0.041357999999999992 0.018425999999999994 0 3
87 linear 3 0 0.40370699999999998 1.1665920435647188 1 75 0.255855 0.0091219999999999999 0.10914399999999998 0.0053670000000000002 0.0010220000000000001 0.003016 0.011556 0.099260000000000001 0.022530000000000001 0 0.028410999999999999 0.00087100000000000003 0.00063299999999999999 0.0012589999999999999 0.003215 0.050141000000000005 0.028239999999999994 0.011502999999999999 0 0
87 linear 3 7 0.30959100000000001 1.1603637763580272 1 75 0.15110699999999999 0.0086540000000000002 0.12159500000000004 0.0048219999999999999 0.001062 0.0030799999999999998 0.010793000000000001 0.0050530000000000002 0.021399000000000001 0 0.027615000000000001 0.000892 0.00059800000000000001 0.0010369999999999999 0.0029419999999999997 0.061604999999999965 0.029319000000000008 0.011531000000000005 0 1
87 linear 3 15 0.29091299999999998 1.1537930952028781 1 75 0.147365 0.0086289999999999995 0.10650399999999996 0.0045909999999999996 0.001049 0.002526 0.010206 0.0047489999999999997 0.021205999999999999 0 0.027317000000000001 0.00083100000000000003 0.000611 0.00096299999999999999 0.002892 0.052269999999999983 0.025425999999999994 0.010564000000000004 0 2
87 linear 3 23 0.30266100000000001 1.1476824821432328 1 75 0.146843 0.0083639999999999999 0.11922399999999997 0.0046509999999999998 0.001029 0.002575 0.0099640000000000006 0.0046039999999999996 0.021225000000000001 0 0.027817999999999999 0.000767 0.0006069999999999999 0.00092100000000000005 0.0028140000000000001 0.062387999999999985 0.027677000000000004 0.010540000000000001 0 3
87 linear 4 0 0.370531 1.146935723808044 1 67 0.24531 0.0087250000000000001 0.090057999999999999 0.0047609999999999996 0.00083099999999999992 0.002428 0.010281 0.097017000000000006 0.023594 0 0.027522000000000001 0.000843 0.00057700000000000004 0.001152 0.0029940000000000001 0.041834000000000003 0.022095999999999984 0.0096149999999999985 0 0
87 linear 4 7 0.29994900000000002 1.1424665499484516 1 75 0.152057 0.0087790000000000003 0.11042600000000004 0.0047240000000000008 0.001057 0.002676 0.010918000000000001 0.0050730000000000003 0.022866000000000001 0 0.027369999999999998 0.000767 0.00060500000000000007 0.00096900000000000003 0.003065 0.05668999999999999 0.024648999999999994 0.010675 0 1
87 linear 4 15 0.28443400000000002 1.1376592704646007 1 67 0.15240799999999999 0.0085009999999999999 0.096125999999999989 0.0039229999999999994 0.00092600000000000007 0.0025230000000000001 0.010034 0.0062620000000000002 0.022735999999999999 0 0.028088999999999999 0.00077099999999999998 0.00062200000000000005 0.00091699999999999995 0.002836 0.051868000000000018 0.019799999999999977 0.008773000000000003 0 2
87 linear 4 23 0.277702 1.1331218697928434 1 67 0.148204 0.0086230000000000005 0.09599199999999998 0.0038210000000000002 0.0010449999999999999 0.0025370000000000002 0.010182 0.005241 0.022877000000000002 0 0.026745999999999999 0.00072400000000000003 0.00060700000000000012 0.00088500000000000004 0.0029089999999999997 0.050055000000000009 0.021487999999999986 0.0088120000000000039 0 3
87 uniform 0 0 0.31747799999999998 1.3998997612030732 1 50 0.243418 0.0068240000000000002 0.051877999999999994 0.0022110000000000003 0.000678 0.0027060000000000001 0.010741000000000001 0.100187 0.024941999999999999 0 0.027157000000000001 0.00078600000000000002 0.00042000000000000002 0.0020769999999999999 0.0029149999999999996 0.030561000000000001 0.013774999999999996 0 0 0
87 uniform 0 7 0.23125699999999999 1.3921133327118851 1 50 0.149892 0.0065519999999999997 0.059296999999999996 0.0021420000000000002 0.000513 0.0026029999999999998 0.010394 0.006999 0.024532000000000002 0 0.027383999999999999 0.00076099999999999996 0.000435 0.001781 0.0030859999999999998 0.037888000000000005 0.013950000000000001 0 0 1
87 uniform 0 15 0.41897800000000002 1.3815954263047174 1 65 0.29586400000000002 0.0092610000000000001 0.091946 0.0032559999999999998 0.00077700000000000002 0.0025140000000000002 0.0099000000000000008 0.0075139999999999998 0.028756 0 0.027165000000000002 0.00074299999999999995 0.136541 0.0011609999999999999 0.0032159999999999992 0.059820000000000026 0.022017999999999992 0 0 2
87 uniform 0 23 0.361375 1.3695609321212301 1 65 0.25508900000000001 0.0091409999999999998 0.075922000000000031 0.0029810000000000006 0.00077300000000000003 0.002588 0.010082000000000001 0.0072199999999999999 0.024211 0 0.026964999999999999 0.00073399999999999995 0.101005 0.001158 0.0031749999999999999 0.043474000000000006 0.022311999999999999 0 0 3
87 uniform 1 0 0.32879700000000001 1.3606537756563364 1 57 0.24967600000000001 0.0066969999999999998 0.055799000000000015 0.0020830000000000002 0.00057499999999999999 0.0026570000000000001 0.010383 0.103491 0.024095999999999999 0 0.029212999999999999 0.00088099999999999995 0.00045799999999999997 0.0019269999999999999 0.002957 0.031393999999999991 0.015830999999999994 0 0 0
87 uniform 1 7 0.22710900000000001 1.3490841790259278 1 57 0.142679 0.0063769999999999999 0.061758999999999981 0.0019819999999999998 0.00064800000000000003 0.0025019999999999999 0.0096930000000000002 0.0064640000000000001 0.021604000000000002 0 0.026832999999999999 0.00078600000000000002 0.00042699999999999997 0.0016130000000000001 0.0029149999999999996 0.036999999999999998 0.016178999999999989 0 0 1
87 uniform 1 15 0.22119 1.334083239234618 1 57 0.13956299999999999 0.0062449999999999997 0.059257000000000011 0.0019290000000000002 0.00056300000000000002 0.002418 0.0094029999999999999 0.0061809999999999999 0.021624999999999998 0 0.026773000000000002 0.00074700000000000005 0.00048000000000000001 0.0015659999999999999 0.0028150000000000002 0.034728999999999996 0.015982 0 0 2
87 uniform 1 23 0.22573499999999999 1.3168116024994432 1 65 0.13763900000000001 0.0061999999999999998 0.063400999999999985 0.0024070000000000003 0.00075900000000000002 0.0023419999999999999 0.0093939999999999996 0.0059059999999999998 0.021294 0 0.026336999999999999 0.00070600000000000003 0.00039599999999999998 0.001508 0.0028530000000000005 0.034957999999999989 0.018719 0 0 3
87 uniform 2 0 0.49151699999999998 9.710969579891179 1 118 0.245696 0.012714 0.19727399999999995 0.0059670000000000001 0.001632 0.0029719999999999998 0.011413 0.080855999999999997 0.021746999999999999 0 0.028667999999999999 0.00082600000000000002 0.00080799999999999991 0.0010269999999999999 0.0037169999999999998 0.13058999999999998 0.046359000000000018 0 0 0
87 uniform 2 7 0.40341399999999999 8.5302707737146299 1 118 0.17929200000000001 0.012364999999999999 0.17155499999999999 0.0061250000000000002 0.0016450000000000002 0.0028249999999999998 0.011259 0.016829 0.021447999999999998 0 0.029531999999999999 0.00088900000000000003 0.00079099999999999993 0.00093599999999999998 0.0035630000000000002 0.11491399999999999 0.037402999999999992 0 0 1
87 uniform 2 15 0.402532 7.4991464220372599 1 118 0.176736 0.012238000000000001 0.17442099999999999 0.006398 0.0015239999999999997 0.0027889999999999998 0.011195999999999999 0.0155 0.022765000000000001 0 0.029023 0.00090399999999999996 0.00082300000000000006 0.00092199999999999997 0.0035450000000000004 0.11795999999999998 0.037545000000000009 0 0 2
87 uniform 2 23 0.44062600000000002 6.6846507136418021 1 160 0.16909399999999999 0.0094020000000000006 0.21350600000000008 0.010633 0.0017849999999999999 0.00282 0.011932999999999999 0.014767000000000001 0.022918000000000001 0 0.028257000000000001 0.00086300000000000005 0.00060899999999999995 0.0011249999999999999 0.0034259999999999994 0.14667300000000008 0.042904000000000005 0 0 3
87 uniform 3 0 0.36178100000000002 1.1682529945905666 1 59 0.25292999999999999 0.0087810000000000006 0.078967999999999969 0.0034620000000000002 0.00078700000000000005 0.00298 0.011568999999999999 0.099196999999999994 0.024003 0 0.027805 0.00083199999999999995 0.00058900000000000001 0.0011100000000000001 0.0030829999999999998 0.044750999999999992 0.02422199999999999 0 0 0
87 uniform 3 7 0.27131899999999998 1.1617373696581419 1 59 0.154534 0.0085690000000000002 0.087434999999999999 0.0030339999999999998 0.00072399999999999993 0.0028159999999999999 0.010607999999999999 0.0051580000000000003 0.025943000000000001 0 0.027605999999999999 0.00079799999999999999 0.00058 0.0010150000000000001 0.0029190000000000006 0.052226000000000009 0.025196000000000003 0 0 1
87 uniform 3 15 0.255832 1.1549010029447686 1 59 0.15037800000000001 0.0085789999999999998 0.074944999999999998 0.0033190000000000003 0.00090900000000000009 0.002617 0.010492 0.0049560000000000003 0.022758 0 0.027326 0.00081400000000000005 0.00057899999999999998 0.001039 0.002911 0.043754000000000008 0.021584999999999986 0 0 2
87 uniform 3 23 0.26151000000000002 1.1485803205337421 1 59 0.15035799999999999 0.0083960000000000007 0.081090000000000009 0.003088 0.00091 0.0025860000000000002 0.010638999999999999 0.0048999999999999998 0.023452000000000001 0 0.028310999999999999 0.00080199999999999998 0.00059900000000000014 0.000941 0.0028710000000000003 0.049922000000000008 0.021524999999999989 0 0 3
87 uniform 4 0 0.34451300000000001 1.1475375729530652 1 59 0.24685499999999999 0.0085769999999999996 0.06764400000000001 0.0031359999999999999 0.00086800000000000006 0.0024979999999999998 0.010329 0.096919000000000005 0.023859000000000002 0 0.027892 0.00084699999999999999 0.00059000000000000003 0.0010510000000000001 0.0028149999999999998 0.038402000000000019 0.019611999999999994 0 0 0
87 uniform 4 7 0.25191000000000002 1.1430082288187586 1 59 0.14780699999999999 0.0085109999999999995 0.074463999999999975 0.0029499999999999999 0.00084200000000000008 0.0023860000000000001 0.0099970000000000007 0.0051450000000000003 0.02291 0 0.027210999999999999 0.00080099999999999995 0.00058699999999999996 0.00093499999999999996 0.0029139999999999995 0.045165999999999984 0.01964299999999999 0 0 1
87 uniform 4 15 0.25409599999999999 1.1381423641846724 1 59 0.15040400000000001 0.0084469999999999996 0.074345999999999995 0.002862 0.00073899999999999997 0.0023679999999999999 0.0095849999999999998 0.0061380000000000002 0.022811999999999999 0 0.027472 0.00083799999999999999 0.00062200000000000005 0.00092800000000000001 0.0027720000000000002 0.045242000000000011 0.019470000000000005 0 0 2
87 uniform 4 23 0.23679700000000001 1.1335483521387744 1 51 0.14758299999999999 0.0084209999999999997 0.062762000000000012 0.0023899999999999998 0.00084600000000000007 0.002434 0.0098460000000000006 0.0053020000000000003 0.023494000000000001 0 0.026665999999999999 0.000754 0.00059199999999999997 0.00087000000000000001 0.0028280000000000002 0.038111000000000013 0.016653999999999999 0 0 3
88 linear 0 0 0.82683399999999996 590.51863297349735 1 112 0.52298900000000004 0.0072899999999999996 0.26098399999999999 0.0069740000000000002 0.0014469999999999999 0.0029359999999999998 0.011601999999999999 0.17075499999999999 0.025864999999999999 0 0.027310999999999998 0.00092900000000000003 0.19517000000000001 0.0012260000000000001 0.003437 0.12676000000000001 0.051264999999999977 0.021814999999999984 0 0
88 linear 0 7 0.83203099999999997 582.6950636191267 1 119 0.38218099999999999 0.0071419999999999999 0.40505999999999992 0.0066729999999999992 0.001704 0.0028240000000000001 0.011139 0.030314000000000001 0.022280999999999999 0 0.02809 0.000803 0.19961000000000001 0.001155 0.0032680000000000001 0.25930600000000004 0.054151999999999992 0.022459999999999987 0 1
88 linear 0 15 0.82128800000000002 564.71931733631732 1 119 0.36563899999999999 0.0071440000000000002 0.41049700000000011 0.0065949999999999993 0.0017120000000000002 0.0026080000000000001 0.010855999999999999 0.026986 0.022232999999999999 0 0.027089999999999999 0.00086799999999999996 0.19137900000000002 0.0010369999999999999 0.0033029999999999995 0.26538100000000003 0.053210000000000021 0.022428999999999998 0 2
88 linear 0 23 0.86536400000000002 536.42842452177649 1 119 0.39907500000000001 0.0069059999999999998 0.42244600000000004 0.0060200000000000002 0.0016359999999999999 0.0027390000000000001 0.011161000000000001 0.030554999999999999 0.022322999999999999 0 0.027226 0.00085800000000000004 0.21947299999999997 0.00109 0.0031929999999999997 0.28105900000000011 0.053073999999999948 0.022376999999999984 0 3
88 linear 1 0 0.49787599999999999 9.7252755389033929 1 81 0.34543200000000002 0.012049000000000001 0.11302999999999998 0.0045539999999999999 0.001145 0.002954 0.011509 0.1754 0.032764000000000001 0 0.026737 0.00093499999999999996 0.0044670000000000005 0.0010809999999999999 0.0034580000000000006 0.04621999999999999 0.035601000000000008 0.0093810000000000039 0 0
88 linear 1 7 0.441971 8.9390357117094261 1 81 0.27749099999999999 0.011534000000000001 0.12619900000000003 0.0042890000000000003 0.0009850000000000002 0.0027439999999999999 0.010721 0.050099999999999999 0.032025999999999999 0 0.026297999999999998 0.00078399999999999997 0.065890999999999991 0.001039 0.0034589999999999998 0.058992999999999997 0.036149999999999988 0.0094070000000000004 0 1
88 linear 1 15 0.38309300000000002 8.0318216857428197 1 81 0.21035799999999999 0.011076000000000001 0.135412 0.0040260000000000001 0.00091599999999999993 0.002594 0.010208 0.047473000000000001 0.032101999999999999 0 0.026526000000000001 0.00082100000000000001 0.0043869999999999994 0.00096199999999999996 0.0032880000000000001 0.069306000000000006 0.034994999999999998 0.0093849999999999992 0 2
88 linear 1 23 0.54310400000000003 7.1263967788946019 1 89 0.31225399999999998 0.01223 0.18278499999999992 0.0072379999999999996 0.00098400000000000007 0.0024510000000000001 0.0096509999999999999 0.050501999999999998 0.031191 0 0.025914 0.00069200000000000002 0.10728499999999999 0.00089599999999999999 0.0036580000000000002 0.098623000000000016 0.043750000000000011 0.011694000000000006 0 3
88 linear 2 0 0.45777299999999999 5.0972387572348694 1 53 0.34984900000000002 0.0097099999999999999 0.075845999999999997 0.0037850000000000002 0.00075799999999999999 0.0038219999999999999 0.0099059999999999999 0.18221999999999999 0.043697 0 0.026055999999999999 0.00081999999999999998 0.0024450000000000001 0.0012110000000000001 0.0036509999999999997 0.032335999999999997 0.022225999999999999 0.0062239999999999978 0 0
88 linear 2 7 0.463696 5.7357865443413871 1 75 0.27846100000000001 0.012192 0.14508699999999999 0.0044650000000000002 0.0010450000000000001 0.0025409999999999999 0.010219000000000001 0.052594000000000002 0.086337999999999998 0 0.025965999999999999 0.000785 0.012418 0.001018 0.0037220000000000005 0.077692000000000011 0.037911000000000014 0.0090109999999999964 0 1
88 linear 2 15 0.72795200000000004 8.3625106635641124 1 82 0.50882799999999995 0.011009 0.17696600000000007 0.0053639999999999998 0.0011670000000000001 0.0025230000000000001 0.010043 0.049397000000000003 0.065770999999999996 0 0.025904 0.000745 0.268405 0.001059 0.0040639999999999999 0.078409999999999966 0.042416000000000009 0.013201000000000003 0 2
88 linear 2 23 0.46328399999999997 10.654726783464042 1 82 0.22739000000000001 0.011325999999999999 0.19572599999999998 0.0048240000000000002 0.0011039999999999999 0.0024729999999999999 0.0094109999999999992 0.051536999999999999 0.046434999999999997 0 0.026180999999999999 0.00080900000000000004 0.0041740000000000006 0.00093499999999999996 0.0037159999999999997 0.080679000000000015 0.042557999999999992 0.014330000000000008 0 3
88 linear 3 0 0.46965000000000001 4.1087107626517954 1 69 0.33482499999999998 0.0085579999999999996 0.09847999999999997 0.0045999999999999999 0.00086399999999999997 0.0027599999999999999 0.0098230000000000001 0.18093899999999999 0.032148999999999997 0 0.025717 0.00083100000000000003 0.0025009999999999998 0.001175 0.0031819999999999999 0.044105999999999999 0.027626999999999988 0.0079459999999999999 0 0
88 linear 3 7 0.35639700000000002 4.0437903000300066 1 69 0.20399500000000001 0.0083929999999999994 0.116449 0.0042500000000000003 0.00090600000000000012 0.0025460000000000001 0.0094450000000000003 0.051102000000000002 0.031586000000000003 0 0.025932 0.00079900000000000001 0.002516 0.001078 0.003179 0.062403999999999994 0.027391000000000006 0.0079710000000000024 0 1
88 linear 3 15 0.34866000000000003 3.9761217270780338 1 69 0.198908 0.0083219999999999995 0.11461400000000001 0.0039880000000000002 0.00078799999999999986 0.0023340000000000001 0.0090290000000000006 0.051048999999999997 0.031077 0 0.025746000000000002 0.00077700000000000002 0.0024199999999999998 0.001067 0.0030949999999999992 0.06201199999999997 0.025972999999999996 0.007982000000000003 0 2
88 linear 3 23 0.34060000000000001 3.9145003789196151 1 69 0.19697200000000001 0.0082109999999999995 0.10849700000000002 0.0040330000000000001 0.00075000000000000002 0.002392 0.0091570000000000002 0.050807999999999999 0.030894999999999999 0 0.024740000000000002 0.00075199999999999996 0.0022660000000000002 0.0010640000000000001 0.0030459999999999997 0.056266000000000017 0.025594000000000002 0.0079620000000000003 0 3
88 linear 4 0 0.45111400000000001 4.1147194563729368 1 53 0.32902999999999999 0.0082520000000000007 0.092756999999999978 0.0032230000000000002 0.00079100000000000004 0.0024849999999999998 0.0095860000000000008 0.17791299999999999 0.031659 0 0.025676999999999998 0.00078600000000000002 0.0032109999999999999 0.001183 0.003055 0.050345000000000001 0.020505000000000002 0.0060360000000000006 0 0
88 linear 4 7 0.48192000000000002 4.1233687203052494 1 53 0.34672999999999998 0.0083219999999999995 0.10556400000000005 0.0035470000000000002 0.0007000000000000001 0.0024740000000000001 0.0097719999999999994 0.052179000000000003 0.022859999999999998 0 0.025690000000000001 0.00079900000000000001 0.15206 0.001201 0.0031290000000000007 0.064066000000000012 0.019815000000000003 0.0060510000000000008 0 1
88 linear 4 15 0.33629700000000001 4.1332563484807521 1 53 0.20311100000000001 0.008123 0.10414899999999995 0.0032259999999999997 0.00061899999999999998 0.0024979999999999998 0.0093139999999999994 0.054443999999999999 0.023813000000000001 0 0.026046 0.00079500000000000003 0.0032979999999999997 0.0010059999999999999 0.0030310000000000003 0.062581999999999985 0.019844000000000007 0.0060580000000000035 0 2
88 linear 4 23 0.423093 4.1429233911679875 1 53 0.29672100000000001 0.0081239999999999993 0.097456000000000015 0.003189 0.00062100000000000002 0.0023679999999999999 0.0088299999999999993 0.051163 0.02376 0 0.026036 0.00078100000000000001 0.107039 0.001062 0.0030009999999999998 0.056009999999999997 0.019973000000000005 0.0060609999999999987 0 3
88 uniform 0 0 0.76159200000000005 563.61917666199145 1 112 0.52092899999999998 0.007293 0.19824400000000009 0.0062880000000000002 0.0014949999999999998 0.002869 0.011168000000000001 0.16714799999999999 0.025087000000000002 0 0.027418999999999999 0.00086799999999999996 0.19869599999999998 0.001276 0.0034039999999999999 0.126804 0.051259999999999972 0 0 0
88 uniform 0 7 0.82209699999999997 557.96624066725099 1 127 0.37984400000000001 0.0072020000000000001 0.39695399999999997 0.0065159999999999992 0.001523 0.00281 0.010909 0.030401000000000001 0.024483000000000001 0 0.026835999999999999 0.00087100000000000003 0.19728499999999999 0.001163 0.0033490000000000008 0.31473200000000001 0.058649999999999959 0 0 1
88 uniform 0 15 0.73722500000000002 544.93737250592358 1 111 0.36890600000000001 0.0068409999999999999 0.32431600000000005 0.0046349999999999994 0.0014419999999999999 0.0028 0.010983 0.027248999999999999 0.023890999999999999 0 0.027428999999999999 0.00088199999999999997 0.191085 0.00109 0.0032249999999999996 0.25475400000000004 0.049523999999999999 0 0 2
88 uniform 0 23 0.791107 523.77733625226506 1 119 0.39908300000000002 0.006613 0.34942400000000001 0.0054160000000000007 0.001604 0.0027959999999999999 0.010754 0.030290999999999998 0.024143999999999999 0 0.026173999999999999 0.00084099999999999995 0.22003300000000001 0.0010399999999999999 0.0031549999999999998 0.27513299999999985 0.053101000000000023 0 0 3
88 uniform 1 0 0.47817399999999999 9.868219534282856 1 81 0.34622199999999997 0.011944 0.093408999999999992 0.0041329999999999995 0.001121 0.0029090000000000001 0.010923 0.178036 0.032604000000000001 0 0.026166999999999999 0.00085499999999999997 0.0045039999999999993 0.0011360000000000001 0.0034880000000000002 0.045606000000000008 0.035593000000000007 0 0 0
88 uniform 1 7 0.407501 9.1573730850115798 1 73 0.274393 0.011501000000000001 0.097459000000000018 0.0034489999999999998 0.00081400000000000005 0.0026840000000000002 0.010407 0.049999000000000002 0.031985 0 0.026023000000000001 0.000812 0.065904000000000004 0.00096699999999999998 0.0033900000000000002 0.054637999999999992 0.031844999999999984 0 0 1
88 uniform 1 15 0.35649399999999998 8.3209115799205957 1 73 0.21252099999999999 0.011159000000000001 0.10421099999999997 0.003356 0.000776 0.002709 0.010104 0.047513 0.031890000000000002 0 0.026345 0.00080400000000000003 0.004509 0.00098400000000000007 0.0032310000000000004 0.06230500000000002 0.030826999999999993 0 0 2
88 uniform 1 23 0.44782499999999997 7.4606264502545478 1 73 0.31258399999999997 0.011121000000000001 0.10116 0.0031420000000000003 0.00085099999999999998 0.0025240000000000002 0.0095750000000000002 0.050347000000000003 0.031233 0 0.025989000000000002 0.00069800000000000005 0.10704699999999999 0.00098499999999999998 0.003238 0.058485999999999989 0.031590999999999994 0 0 3
88 uniform 2 0 0.413794 5.1291981763019034 1 37 0.34574700000000003 0.0086540000000000002 0.04478399999999999 0.0020039999999999997 0.00059200000000000008 0.0026120000000000002 0.0091889999999999993 0.18080299999999999 0.042832000000000002 0 0.026391999999999999 0.00081599999999999999 0.0024229999999999998 0.0013259999999999999 0.0033709999999999999 0.024854000000000008 0.014376000000000003 0 0 0
88 uniform 2 7 0.398756 5.9249360238160049 1 59 0.27537800000000001 0.010988 0.091932 0.0029650000000000006 0.00085799999999999993 0.0024849999999999998 0.0091039999999999992 0.055259000000000003 0.083780999999999994 0 0.025593000000000001 0.00076599999999999997 0.012312999999999999 0.0010460000000000001 0.0034840000000000001 0.056629999999999993 0.026423000000000009 0 0 1
88 uniform 2 15 0.66690799999999995 9.0236349235865116 1 74 0.50114199999999998 0.011077999999999999 0.12400899999999998 0.0039910000000000006 0.001077 0.0023470000000000001 0.0087559999999999999 0.048277 0.062883999999999995 0 0.025947999999999999 0.00073899999999999997 0.26798099999999997 0.0010950000000000001 0.0034219999999999997 0.071387999999999979 0.040740000000000033 0 0 2
88 uniform 2 23 0.38833099999999998 11.184791303909314 1 74 0.22145000000000001 0.011145 0.12942499999999998 0.0038159999999999995 0.00099799999999999997 0.0023900000000000002 0.0092490000000000003 0.051305999999999997 0.041940999999999999 0 0.026197000000000002 0.00074100000000000001 0.0040049999999999999 0.00097199999999999999 0.0035579999999999991 0.078087999999999949 0.039259000000000009 0 0 3
88 uniform 3 0 0.410605 4.113142937578643 1 37 0.342358 0.0087740000000000005 0.044514999999999992 0.00197 0.00061200000000000002 0.002624 0.010893 0.18226999999999999 0.035316 0 0.026370000000000001 0.00080099999999999995 0.0024229999999999998 0.001289 0.003395 0.024278000000000001 0.014483000000000003 0 0 0
88 uniform 3 7 0.29556900000000003 4.0477532932616631 1 37 0.21371100000000001 0.0084220000000000007 0.058316999999999987 0.0019649999999999997 0.000687 0.002513 0.0096369999999999997 0.052623999999999997 0.034590000000000003 0 0.032101999999999999 0.000785 0.0024220000000000001 0.001194 0.0033479999999999998 0.038516999999999989 0.014113000000000001 0 0 1
88 uniform 3 15 0.28609299999999999 3.9796528579442212 1 37 0.20763499999999999 0.0084410000000000006 0.055098000000000001 0.0020230000000000005 0.00058099999999999992 0.0024610000000000001 0.0092770000000000005 0.052770999999999998 0.034608 0 0.026922999999999999 0.00069099999999999999 0.0023400000000000001 0.0010579999999999999 0.0033170000000000005 0.036789000000000002 0.012633999999999999 0 0 2
88 uniform 3 23 0.282669 3.9176850180397897 1 37 0.20558299999999999 0.008378 0.054135000000000003 0.001879 0.00051699999999999999 0.0023930000000000002 0.0090299999999999998 0.052262999999999997 0.034784000000000002 0 0.026176000000000001 0.00065200000000000002 0.0023029999999999999 0.00096299999999999999 0.003362 0.034950999999999989 0.013509 0 0 3
88 uniform 4 0 0.41605599999999998 4.1226478336516816 1 37 0.33145599999999997 0.0082590000000000007 0.062078000000000015 0.0018449999999999999 0.00060300000000000002 0.0024979999999999998 0.0098119999999999995 0.17660899999999999 0.035094 0 0.025676000000000001 0.00075600000000000005 0.0031830000000000001 0.0011069999999999999 0.0030250000000000003 0.042692999999999995 0.013814000000000002 0 0 0
88 uniform 4 7 0.43650499999999998 4.1315526998187666 1 37 0.34218500000000002 0.0082249999999999997 0.070930000000000007 0.0021380000000000001 0.000611 0.0023140000000000001 0.0090709999999999992 0.052243999999999999 0.021094000000000002 0 0.025795999999999999 0.00075699999999999997 0.15205299999999999 0.0011000000000000001 0.0031829999999999996 0.051909000000000004 0.013432999999999999 0 0 1
88 uniform 4 15 0.286055 4.1417158781134562 1 37 0.19497400000000001 0.0080949999999999998 0.068281000000000008 0.0019589999999999998 0.00046799999999999999 0.0024480000000000001 0.0094660000000000005 0.054484999999999999 0.021135999999999999 0 0.025840999999999999 0.00072199999999999999 0.0032370000000000003 0.00099200000000000004 0.0030009999999999993 0.049305999999999996 0.013432999999999999 0 0 2
88 uniform 4 23 0.38270300000000002 4.1516350706082692 1 37 0.29765900000000001 0.0081849999999999996 0.062397999999999995 0.001934 0.00048400000000000006 0.0024290000000000002 0.008881 0.055041 0.021062999999999998 0 0.026010999999999999 0.00076599999999999997 0.107297 0.000959 0.0029779999999999997 0.04359699999999999 0.013241000000000001 0 0 3
89 linear 0 0 0.85406300000000002 227.7855722751743 1 105 0.55333600000000005 0.0091900000000000003 0.25725099999999995 0.0071270000000000014 0.001498 0.0029940000000000001 0.011185 0.13874500000000001 0.022834 0 0.028591999999999999 0.00093099999999999997 0.25984200000000002 0.00080000000000000004 0.0030909999999999991 0.12720000000000001 0.049110000000000029 0.020115999999999998 0 0
89 linear 0 7 0.68129399999999996 228.12343530282567 1 105 0.30628699999999998 0.0092659999999999999 0.33249300000000009 0.0060480000000000004 0.0011849999999999999 0.002947 0.010838 0.0082780000000000006 0.022245000000000001 0 0.027400000000000001 0.00085300000000000003 0.14624699999999999 0.00095699999999999995 0.0033189999999999999 0.20468099999999989 0.047701999999999925 0.020041999999999997 0 1
89 linear 0 15 0.74785400000000002 225.23952119775689 1 105 0.374865 0.0091420000000000008 0.33102400000000004 0.0056949999999999995 0.001114 0.002774 0.010484 0.0083409999999999995 0.023399 0 0.028191999999999998 0.00082399999999999997 0.21401700000000001 0.00081499999999999997 0.0029750000000000002 0.20104299999999994 0.049833999999999962 0.019980000000000005 0 2
89 linear 0 23 0.72508300000000003 218.80939124559362 1 105 0.35490100000000002 0.0090410000000000004 0.3290829999999999 0.0052339999999999999 0.001072 0.002565 0.010241 0.0061250000000000002 0.024006 0 0.027851000000000001 0.00084999999999999995 0.20088800000000001 0.00076300000000000001 0.0028989999999999997 0.203679 0.045898999999999981 0.019902000000000003 0 3
89 linear 1 0 0.84918199999999999 3.6628342921377635 1 112 0.50827999999999995 0.011155 0.29082400000000008 0.007437 0.0017799999999999999 0.002931 0.011110999999999999 0.15620000000000001 0.023607 0 0.027288 0.00079900000000000001 0.18956500000000001 0.001137 0.0041099999999999999 0.11617800000000005 0.067854000000000025 0.018542000000000006 0 0
89 linear 1 7 0.63520799999999999 3.6972488962516961 1 112 0.278694 0.010664 0.30902500000000011 0.0064159999999999998 0.0015269999999999999 0.002918 0.011344 0.020837000000000001 0.023244999999999998 0 0.027734000000000002 0.00084000000000000003 0.099359000000000003 0.0010640000000000001 0.0038649999999999999 0.13818500000000006 0.067987000000000061 0.01862800000000002 0 1
89 linear 1 15 0.70815700000000004 3.7347345719473104 1 112 0.347113 0.012266000000000001 0.31197300000000006 0.0062320000000000006 0.0016020000000000001 0.0027009999999999998 0.010463 0.020967 0.023077 0 0.026488999999999999 0.00068499999999999995 0.16114800000000001 0.00097099999999999997 0.0037599999999999999 0.14119300000000004 0.064739000000000047 0.018389000000000003 0 2
89 linear 1 23 0.72070900000000004 3.7698007282476929 1 112 0.36384699999999998 0.015028 0.30574700000000005 0.0062529999999999999 0.0014609999999999998 0.0025869999999999999 0.010872 0.020684999999999999 0.022785 0 0.026088 0.00071900000000000002 0.192771 0.000901 0.0036399999999999996 0.13381399999999996 0.065693000000000043 0.018583000000000006 0 3
89 linear 2 0 0.42056399999999999 2.1145012965792249 1 61 0.30981999999999998 0.0085850000000000006 0.077304000000000012 0.0039919999999999999 0.00097199999999999999 0.0028470000000000001 0.010826000000000001 0.15950600000000001 0.022187999999999999 0 0.027064000000000001 0.00082899999999999998 0.0026709999999999998 0.001377 0.0033550000000000003 0.035738000000000006 0.020970999999999983 0.0072710000000000023 0 0
89 linear 2 7 0.30093399999999998 2.1413086125359175 1 61 0.166682 0.0084919999999999995 0.098767000000000008 0.0037430000000000002 0.00081499999999999997 0.002862 0.010076 0.021651 0.021235 0 0.026758000000000001 0.00074399999999999998 0.0026059999999999998 0.0010870000000000001 0.0031149999999999997 0.056732999999999992 0.021604000000000002 0.0072720000000000016 0 1
89 linear 2 15 0.36242400000000002 2.2666739204380004 1 83 0.185642 0.011341 0.13475500000000004 0.0048560000000000001 0.0013910000000000003 0.0025769999999999999 0.0092870000000000001 0.034174999999999997 0.021344999999999999 0 0.026341 0.00079199999999999995 0.0039610000000000001 0.001026 0.0033580000000000003 0.073793000000000011 0.032945999999999989 0.0098469999999999964 0 2
89 linear 2 23 0.379135 2.529268350297468 1 98 0.17601900000000001 0.0091059999999999995 0.16067900000000002 0.0056759999999999996 0.0013320000000000001 0.002516 0.0094500000000000001 0.033848000000000003 0.021512 0 0.026315999999999999 0.00074700000000000005 0.0023480000000000003 0.0011839999999999999 0.0031919999999999995 0.077060999999999991 0.038291999999999986 0.012770999999999998 0 3
89 linear 3 0 0.63766100000000003 64.981766902111985 1 59 0.50430900000000001 0.010321 0.10181399999999995 0.0033860000000000001 0.0010089999999999999 0.0029169999999999999 0.010940999999999999 0.155528 0.022009999999999998 0 0.026919999999999999 0.00085499999999999997 0.19606299999999999 0.0013060000000000001 0.0035399999999999997 0.057851000000000014 0.019935000000000008 0.0087720000000000038 0 0
89 linear 3 7 0.62196200000000001 66.441327599398335 1 59 0.36293799999999998 0.0099500000000000005 0.22857799999999998 0.0031839999999999998 0.00083200000000000006 0.002823 0.010576 0.017129999999999999 0.021319000000000001 0 0.027022000000000001 0.00089400000000000005 0.19674999999999998 0.0012390000000000001 0.0034049999999999996 0.18082399999999996 0.020292000000000004 0.0087720000000000003 0 1
89 linear 3 15 0.48614600000000002 67.78472367463975 1 59 0.22162899999999999 0.009672 0.23370099999999994 0.0032119999999999996 0.00097099999999999997 0.0025609999999999999 0.010511 0.021780999999999998 0.021122999999999999 0 0.025739999999999999 0.00079500000000000003 0.057202000000000003 0.001119 0.0032230000000000002 0.18633499999999997 0.021313000000000006 0.0096080000000000002 0 2
89 linear 3 23 0.61988399999999999 68.714167103106206 1 51 0.35964000000000002 0.0097949999999999999 0.23212699999999997 0.00281 0.00086399999999999997 0.0023249999999999998 0.0096310000000000007 0.020757000000000001 0.021260000000000001 0 0.025269 0.00072800000000000002 0.194742 0.0011609999999999999 0.0064660000000000013 0.18440899999999993 0.021625999999999996 0.0093019999999999978 0 3
89 linear 4 0 0.65678599999999998 52.368414387160747 1 67 0.50159100000000001 0.011051 0.12063600000000001 0.0037700000000000003 0.0011130000000000001 0.002653 0.01091 0.15991900000000001 0.023685999999999999 0 0.026499000000000002 0.00079900000000000001 0.19433900000000001 0.0010399999999999999 0.0034569999999999996 0.069295000000000009 0.022874999999999996 0.010213 0 0
89 linear 4 7 0.70883399999999996 53.707744260387464 1 67 0.39818799999999999 0.010888 0.27551800000000004 0.004032 0.001031 0.0026150000000000001 0.010862999999999999 0.018589999999999999 0.029808999999999999 0 0.026143 0.00076999999999999996 0.22530199999999997 0.001204 0.0034480000000000001 0.22531199999999998 0.022730999999999994 0.0099859999999999966 0 1
89 linear 4 15 0.52456199999999997 55.127552336802701 1 59 0.259712 0.0092779999999999998 0.23325000000000001 0.0032690000000000002 0.00082599999999999991 0.0026180000000000001 0.0099430000000000004 0.018547000000000001 0.020781000000000001 0 0.025721000000000001 0.00078799999999999996 0.100192 0.0010790000000000001 0.0031080000000000001 0.18758699999999989 0.020052000000000004 0.010538999999999998 0 2
89 linear 4 23 0.655972 56.388172107115835 1 59 0.38608500000000001 0.0096290000000000004 0.23999900000000002 0.0031079999999999997 0.0007719999999999999 0.0024250000000000001 0.0093349999999999995 0.017995000000000001 0.020931000000000002 0 0.025169 0.00070600000000000003 0.230846 0.001049 0.0029650000000000002 0.19603899999999999 0.020036999999999992 0.0088040000000000028 0 3
89 uniform 0 0 0.78910000000000002 216.77219920815267 1 105 0.55678899999999998 0.0093469999999999994 0.18956300000000001 0.0062720000000000007 0.0014480000000000001 0.0025270000000000002 0.010547000000000001 0.14337 0.022907 0 0.028362999999999999 0.00086600000000000002 0.26031399999999999 0.00096199999999999996 0.0030769999999999999 0.12181100000000002 0.048786999999999948 0 0 0
89 uniform 0 7 0.61970800000000004 216.9742013668758 1 105 0.30480699999999999 0.0091839999999999995 0.27411900000000006 0.0051169999999999992 0.001052 0.002591 0.010494 0.0081510000000000003 0.022189 0 0.027060000000000001 0.00087699999999999996 0.14624599999999999 0.00098200000000000002 0.0032260000000000006 0.207701 0.047490999999999957 0 0 1
89 uniform 0 15 0.67847999999999997 214.98832502474369 1 105 0.36971599999999999 0.0089300000000000004 0.26865999999999984 0.0048130000000000004 0.0010330000000000001 0.0025270000000000002 0.010525 0.008038 0.02147 0 0.028275999999999999 0.00080599999999999997 0.214091 0.00088999999999999995 0.0031219999999999998 0.19993299999999994 0.049700999999999974 0 0 2
89 uniform 0 23 0.66305800000000004 210.54098392663377 1 105 0.35479300000000003 0.0088360000000000001 0.26863700000000013 0.0045750000000000001 0.00099700000000000006 0.0024979999999999998 0.010003 0.0078189999999999996 0.024240000000000001 0 0.027431000000000001 0.00078299999999999995 0.19886100000000001 0.00082299999999999995 0.0030430000000000001 0.20406599999999991 0.045827999999999952 0 0 3
89 uniform 1 0 0.75316700000000003 3.6904649827745453 1 104 0.513436 0.011148999999999999 0.19247299999999998 0.0064790000000000004 0.001549 0.0028839999999999998 0.010989000000000001 0.156415 0.023903000000000001 0 0.027432999999999999 0.000901 0.192273 0.001225 0.0042509999999999996 0.11062600000000004 0.064390000000000003 0 0 0
89 uniform 1 7 0.53783000000000003 3.7257302310327298 1 104 0.280053 0.010881999999999999 0.21301799999999993 0.0056630000000000005 0.00125 0.0028670000000000002 0.010658000000000001 0.020604000000000001 0.022865 0 0.028119000000000002 0.00084000000000000003 0.099396999999999999 0.001059 0.0038770000000000007 0.13176100000000004 0.063768000000000047 0 0 1
89 uniform 1 15 0.61335799999999996 3.7642304707633416 1 112 0.34080199999999999 0.012309 0.22422000000000003 0.0060749999999999997 0.0016800000000000001 0.0026740000000000002 0.010111999999999999 0.024943 0.022468999999999999 0 0.026734000000000001 0.00082399999999999997 0.16169099999999997 0.00096699999999999998 0.0037700000000000003 0.14076600000000003 0.06474199999999998 0 0 2
89 uniform 1 23 0.63293600000000005 3.8003733038891938 1 112 0.36375200000000002 0.011894 0.22180899999999998 0.0056540000000000002 0.0013129999999999999 0.002444 0.010144 0.020733000000000001 0.022957000000000002 0 0.026675999999999998 0.00071199999999999996 0.19311299999999998 0.00092800000000000001 0.0036630000000000005 0.13742199999999999 0.065791000000000044 0 0 3
89 uniform 2 0 0.38305899999999998 2.1163432315200881 1 45 0.307342 0.0086829999999999997 0.04864700000000001 0.0026499999999999996 0.00077800000000000005 0.0026970000000000002 0.010429000000000001 0.15970899999999999 0.022044000000000001 0 0.026478999999999999 0.00084400000000000002 0.0026819999999999999 0.001284 0.003173 0.026003999999999996 0.015916999999999997 0 0 0
89 uniform 2 7 0.25753599999999999 2.1441629766679475 1 45 0.16664300000000001 0.0083660000000000002 0.064631000000000008 0.0024360000000000002 0.0006739999999999999 0.0028040000000000001 0.010041 0.021642000000000002 0.021666000000000001 0 0.026491000000000001 0.00075199999999999996 0.0025450000000000004 0.0011130000000000001 0.002983 0.041994000000000004 0.015848999999999995 0 0 1
89 uniform 2 15 0.32077 2.3007208581301879 1 67 0.191417 0.011296 0.094219000000000011 0.0034360000000000003 0.001108 0.0025149999999999999 0.0092309999999999996 0.034242000000000002 0.021707000000000001 0 0.032291 0.00086399999999999997 0.0039719999999999998 0.0010349999999999999 0.0033110000000000001 0.055377999999999997 0.028538999999999998 0 0 2
89 uniform 2 23 0.31976300000000002 2.5941623302403327 1 82 0.17671400000000001 0.0089250000000000006 0.10728099999999999 0.0042769999999999996 0.0012239999999999998 0.002519 0.0093299999999999998 0.033853000000000001 0.021602 0 0.026209 0.00081099999999999998 0.0023470000000000001 0.001155 0.0031740000000000006 0.062074999999999998 0.032617999999999994 0 0 3
89 uniform 3 0 0.61099800000000004 65.210622180562851 1 51 0.501583 0.010125 0.081226999999999994 0.0025630000000000002 0.00071600000000000006 0.0028570000000000002 0.010843 0.151556 0.022105 0 0.026724000000000001 0.00086799999999999996 0.20061599999999999 0.0012019999999999999 0.0034580000000000001 0.055059999999999998 0.017713999999999997 0 0 0
89 uniform 3 7 0.57209299999999996 66.689094759614761 1 51 0.35878599999999999 0.0098340000000000007 0.18532500000000002 0.0025240000000000002 0.00064900000000000005 0.0027079999999999999 0.010290000000000001 0.017371999999999999 0.021314 0 0.026471999999999999 0.00088500000000000004 0.196719 0.0010629999999999999 0.0033410000000000002 0.15856300000000001 0.018045000000000005 0 0 1
89 uniform 3 15 0.47575600000000001 68.051680692631564 1 59 0.22423199999999999 0.012548 0.21798800000000007 0.003088 0.00084800000000000001 0.0026020000000000001 0.010049000000000001 0.021464 0.021382000000000002 0 0.025909999999999999 0.00091299999999999997 0.057450000000000001 0.001103 0.0033169999999999996 0.18626900000000007 0.021568000000000007 0 0 2
89 uniform 3 23 0.58158900000000002 68.996241969289869 1 51 0.35799700000000001 0.0098829999999999994 0.19641900000000004 0.0024329999999999998 0.00063499999999999993 0.002467 0.0096349999999999995 0.020909000000000001 0.021231 0 0.025864999999999999 0.00075199999999999996 0.19459000000000001 0.001127 0.003189 0.167904 0.019692000000000005 0 0 3
89 uniform 4 0 0.62762399999999996 52.482509437788835 1 67 0.49915900000000002 0.010122000000000001 0.095380000000000034 0.0034660000000000003 0.00094899999999999997 0.0024680000000000001 0.0095329999999999998 0.16209999999999999 0.021287 0 0.026682999999999998 0.00079900000000000001 0.19419799999999998 0.0011659999999999999 0.0030280000000000003 0.062418000000000029 0.022034999999999999 0 0 0
89 uniform 4 7 0.68575900000000001 53.831870307306943 1 59 0.38496200000000003 0.010758 0.26631399999999988 0.0035119999999999999 0.00087999999999999992 0.0023909999999999999 0.0095930000000000008 0.017500000000000002 0.021024000000000001 0 0.025985000000000001 0.00081099999999999998 0.22551699999999997 0.00116 0.0034580000000000006 0.22242699999999996 0.028436000000000013 0 0 1
89 uniform 4 15 0.52036499999999997 55.263110468606548 1 59 0.26595400000000002 0.010756 0.22262500000000005 0.0029889999999999999 0.00081599999999999989 0.00265 0.010645999999999999 0.019845999999999999 0.024007000000000001 0 0.025437000000000001 0.00075500000000000003 0.099883999999999987 0.0010629999999999999 0.0035610000000000004 0.19196000000000002 0.020686999999999994 0 0 2
89 uniform 4 23 0.62041900000000005 56.53468231974459 1 51 0.395814 0.0097370000000000009 0.19650100000000004 0.0025529999999999997 0.00061299999999999994 0.0024819999999999998 0.010540000000000001 0.019616000000000001 0.024247000000000001 0 0.025271999999999999 0.00080000000000000004 0.23320099999999999 0.0009810000000000001 0.0030310000000000003 0.17053900000000002 0.017547999999999991 0 0 3
90 linear 0 0 0.61370400000000003 4.0763657693855011 1 94 0.308782 0.0077130000000000002 0.26969600000000005 0.004646 0.0011949999999999999 0.003104 0.011299 0.16323599999999999 0.022440999999999999 0 0.025874999999999999 0.000919 0.001193 0.0015900000000000001 0.0029709999999999997 0.088189999999999963 0.037806999999999966 0.01677 0 0
90 linear 0 7 0.52184399999999997 4.120380016581616 1 101 0.15732699999999999 0.010234 0.32484200000000002 0.005019 0.0012290000000000003 0.0029499999999999999 0.011025 0.0085529999999999998 0.014551 0 0.027993000000000001 0.00084400000000000002 0.0025599999999999998 0.000901 0.0035689999999999997 0.100261 0.034367999999999996 0.013089999999999994 0 1
90 linear 0 15 0.50172499999999998 4.1183175424608303 1 109 0.15340400000000001 0.010159 0.30413400000000007 0.0056440000000000006 0.0013729999999999999 0.0029120000000000001 0.010954 0.0068170000000000001 0.011431 0 0.028240000000000001 0.00084400000000000002 0.0020200000000000001 0.00089300000000000002 0.0034920000000000003 0.078635999999999998 0.031813999999999981 0.014311999999999997 0 2
90 linear 0 23 0.51039900000000005 4.0602385214368768 1 116 0.15212999999999999 0.010345 0.31419499999999978 0.005209000000000001 0.0017129999999999999 0.0029740000000000001 0.011017000000000001 0.0062750000000000002 0.011871 0 0.028708999999999998 0.00087299999999999997 0.0020770000000000003 0.00107 0.0034020000000000001 0.08611599999999997 0.033033999999999959 0.014901999999999999 0 3
90 linear 1 0 0.82106800000000002 2.0666649657047467 1 131 0.45822099999999999 0.019862000000000001 0.29838799999999976 0.007698 0.0015339999999999998 0.0029629999999999999 0.011291000000000001 0.15921399999999999 0.021401 0 0.027514 0.00087000000000000001 0.130692 0.00064300000000000002 0.0041779999999999994 0.093724999999999989 0.03630899999999998 0.015639 0 0
90 linear 1 7 0.66770600000000002 1.8820934454157345 1 155 0.28231200000000001 0.012869 0.32677900000000004 0.0085849999999999989 0.0022690000000000002 0.003052 0.011303000000000001 0.014718 0.022696000000000001 0 0.026682000000000001 0.00091500000000000001 0.10291499999999999 0.001243 0.0042920000000000007 0.12408600000000003 0.039293999999999989 0.017300000000000003 0 1
90 linear 1 15 0.62432100000000001 1.7237398413401352 1 139 0.28017700000000001 0.012459 0.29187400000000019 0.0071459999999999996 0.0017719999999999999 0.0031549999999999998 0.011173000000000001 0.014784 0.022224000000000001 0 0.025492999999999998 0.00085899999999999995 0.10649599999999999 0.0011980000000000001 0.0040889999999999998 0.098639999999999922 0.037060000000000003 0.015033999999999994 0 2
90 linear 1 23 0.47750599999999999 1.6018823488109604 1 124 0.177756 0.012447 0.25108599999999998 0.0060990000000000011 0.0016650000000000002 0.0029399999999999999 0.010736000000000001 0.018464999999999999 0.022474999999999998 0 0.027130000000000001 0.00082399999999999997 0.0026699999999999996 0.001013 0.0040070000000000001 0.08574699999999999 0.03277399999999997 0.011729999999999999 0 3
90 linear 2 0 0.66894900000000002 1.5880175657785605 1 140 0.32304300000000002 0.012735 0.28926600000000002 0.0079839999999999998 0.0020040000000000001 0.0029759999999999999 0.010697 0.16114500000000001 0.022440999999999999 0 0.026276999999999998 0.00085400000000000005 0.0028210000000000002 0.0011900000000000001 0.0041890000000000009 0.089610000000000051 0.036387000000000023 0.014374 0 0
90 linear 2 7 0.54176299999999999 1.5024051196297332 1 132 0.18218899999999999 0.012453000000000001 0.30671000000000004 0.0071269999999999997 0.001601 0.0029009999999999999 0.010874999999999999 0.018842999999999999 0.023424 0 0.024553999999999999 0.00079900000000000001 0.0029399999999999999 0.0011559999999999999 0.0041450000000000002 0.10386699999999997 0.042104999999999997 0.014453999999999991 0 1
90 linear 2 15 0.44295699999999999 1.4220847665723519 1 110 0.18329400000000001 0.012336 0.2133250000000001 0.0063449999999999999 0.0012679999999999998 0.0028609999999999998 0.011034 0.018731999999999999 0.024464 0 0.026418000000000001 0.00087900000000000001 0.002931 0.0011379999999999999 0.0039949999999999994 0.09092800000000005 0.038110999999999978 0.014447999999999996 0 2
90 linear 2 23 0.40388800000000002 1.3589488579125166 1 96 0.185221 0.012030000000000001 0.17468299999999995 0.0057619999999999998 0.001047 0.0029269999999999999 0.010945999999999999 0.018504 0.024348999999999999 0 0.024766 0.00083699999999999996 0.0023739999999999998 0.0010690000000000001 0.0038870000000000003 0.084134000000000042 0.031568999999999972 0.012491 0 3
90 linear 3 0 0.484879 1.5997791817120233 1 79 0.31348199999999998 0.0099620000000000004 0.13734899999999994 0.0037499999999999999 0.00097099999999999997 0.00315 0.010911000000000001 0.16045799999999999 0.02232 0 0.024731 0.00085899999999999995 0.00183 0.0012830000000000001 0.0038820000000000005 0.081638000000000016 0.022462999999999993 0.011988 0 0
90 linear 3 7 0.32884200000000002 1.6863231892639519 1 79 0.159693 0.0096100000000000005 0.13545800000000002 0.0036569999999999997 0.00092599999999999996 0.0028809999999999999 0.01057 0.0097330000000000003 0.021434000000000002 0 0.026026000000000001 0.00082899999999999998 0.0018319999999999999 0.001207 0.0037139999999999999 0.080613000000000004 0.021371999999999978 0.012384999999999998 0 1
90 linear 3 15 0.33411099999999999 1.8034269779505434 1 79 0.168043 0.0093600000000000003 0.13293699999999997 0.0034199999999999994 0.0010150000000000001 0.002905 0.010874 0.015259 0.021433000000000001 0 0.025403999999999999 0.00087600000000000004 0.0018010000000000001 0.001245 0.0037989999999999999 0.077632000000000034 0.021783999999999991 0.012427000000000006 0 2
90 linear 3 23 0.32008500000000001 1.9440794764744043 1 71 0.17182 0.0090550000000000005 0.118328 0.0027989999999999994 0.00071500000000000003 0.0028479999999999998 0.010614999999999999 0.022296 0.021262 0 0.026079999999999999 0.00086899999999999998 0.001751 0.0010300000000000001 0.0035300000000000002 0.066129999999999994 0.02194299999999998 0.011129999999999999 0 3
90 linear 4 0 0.42926900000000001 1.3524986254302462 1 67 0.31584400000000001 0.0088389999999999996 0.081244999999999984 0.0038809999999999999 0.001072 0.0027889999999999998 0.010954999999999999 0.160772 0.022636 0 0.031271 0.00088599999999999996 0.0018700000000000001 0.0010480000000000001 0.0031359999999999995 0.036323000000000001 0.018545999999999997 0.0097120000000000001 0 0
90 linear 4 7 0.28078500000000001 1.3763888851426906 1 67 0.15392500000000001 0.0087229999999999999 0.094998999999999986 0.0039499999999999995 0.00091099999999999992 0.0028300000000000001 0.010657 0.005921 0.021721000000000001 0 0.027928000000000001 0.00079100000000000004 0.0017179999999999999 0.0010150000000000001 0.0029740000000000001 0.049311000000000008 0.019111999999999994 0.0097259999999999985 0 1
90 linear 4 15 0.260544 1.4027938448736821 1 59 0.150585 0.0086569999999999998 0.080901999999999988 0.0033739999999999998 0.00086700000000000015 0.002875 0.01043 0.004797 0.021323999999999999 0 0.026495999999999999 0.00080199999999999998 0.001758 0.00092800000000000001 0.0029729999999999999 0.040038000000000004 0.016815999999999994 0.0088290000000000035 0 2
90 linear 4 23 0.272397 1.4272302496617706 1 59 0.154393 0.0087349999999999997 0.085497999999999991 0.0069099999999999995 0.00085300000000000003 0.0028649999999999999 0.011063999999999999 0.0068230000000000001 0.021422 0 0.028339 0.00070500000000000001 0.0018010000000000001 0.00092400000000000002 0.0028159999999999999 0.043582000000000003 0.018044999999999995 0.0087880000000000024 0 3
90 uniform 0 0 0.48227100000000001 3.8727139787524063 1 94 0.30641499999999999 0.0075969999999999996 0.14146399999999995 0.003973 0.0012719999999999999 0.0028960000000000001 0.011287999999999999 0.16292799999999999 0.022402999999999999 0 0.025676000000000001 0.00082799999999999996 0.001155 0.0013979999999999999 0.0029399999999999999 0.087878999999999985 0.037911000000000007 0 0 0
90 uniform 0 7 0.34438400000000002 3.902193513895134 1 101 0.15279699999999999 0.01052 0.15203500000000003 0.0044539999999999996 0.001178 0.0027590000000000002 0.011082 0.0082400000000000008 0.011893000000000001 0 0.027661999999999999 0.00088900000000000003 0.0024329999999999998 0.00093700000000000001 0.0034559999999999999 0.099632999999999999 0.036200000000000017 0 0 1
90 uniform 0 15 0.32426899999999997 3.900990073915815 1 109 0.15384300000000001 0.010318000000000001 0.12804800000000002 0.0046389999999999999 0.001286 0.0030140000000000002 0.011186 0.0069719999999999999 0.011344999999999999 0 0.028688000000000002 0.00089800000000000004 0.0019480000000000001 0.000901 0.0033019999999999994 0.079281000000000046 0.03219099999999999 0 0 2
90 uniform 0 23 0.35516399999999998 3.8629544257511652 1 132 0.152726 0.011697000000000001 0.15277500000000002 0.0058569999999999994 0.001671 0.0028909999999999999 0.011021 0.0061120000000000002 0.012165 0 0.02913 0.00093999999999999997 0.0020010000000000002 0.001044 0.0034770000000000001 0.094456999999999958 0.037620999999999967 0 0 3
90 uniform 1 0 0.67803500000000005 2.08975123568097 1 123 0.46751700000000002 0.016840999999999998 0.15373100000000001 0.0055449999999999996 0.0016210000000000003 0.003078 0.012494999999999999 0.16076299999999999 0.024972999999999999 0 0.027210999999999999 0.00095 0.13394800000000001 0.00063100000000000005 0.0041480000000000006 0.095837000000000033 0.03848799999999996 0 0 0
90 uniform 1 7 0.53071800000000002 1.8976785500430806 1 155 0.283771 0.013615 0.18761200000000006 0.0083309999999999999 0.0019650000000000002 0.0029450000000000001 0.012241999999999999 0.016319 0.024524000000000001 0 0.026134000000000001 0.00086399999999999997 0.10283199999999999 0.0011360000000000001 0.0042880000000000001 0.12387600000000003 0.040518999999999965 0 0 1
90 uniform 1 15 0.50088900000000003 1.7347546382789281 1 147 0.27987499999999998 0.012618000000000001 0.16656100000000001 0.0070029999999999997 0.0018600000000000001 0.0030379999999999999 0.011115999999999999 0.014683 0.020795999999999999 0 0.025344999999999999 0.00080000000000000004 0.106866 0.0011850000000000001 0.0039910000000000006 0.10529899999999996 0.039675000000000023 0 0 2
90 uniform 1 23 0.37181399999999998 1.6102258868734907 1 132 0.17653199999999999 0.012472 0.14432199999999992 0.0060369999999999998 0.0016559999999999999 0.0027629999999999998 0.010992999999999999 0.018825999999999999 0.021007000000000001 0 0.027189999999999999 0.00082399999999999997 0.0026099999999999999 0.0010610000000000001 0.0038340000000000002 0.09041399999999998 0.03506299999999999 0 0 3
90 uniform 2 0 0.54442900000000005 1.5962488751160882 1 164 0.32009700000000002 0.012522 0.16180599999999992 0.0097730000000000004 0.0019330000000000003 0.0027160000000000001 0.01043 0.16095599999999999 0.020808 0 0.026152999999999999 0.00081400000000000005 0.002735 0.0010020000000000001 0.0038679999999999995 0.095862999999999962 0.042343000000000054 0 0 0
90 uniform 2 7 0.40880300000000003 1.5093055856729076 1 140 0.17854700000000001 0.012701 0.17446200000000006 0.0073420000000000013 0.0018489999999999999 0.0026670000000000001 0.010618000000000001 0.018912999999999999 0.021410999999999999 0 0.024535000000000001 0.00083799999999999999 0.0029969999999999997 0.001114 0.0041309999999999993 0.10861999999999999 0.044852000000000024 0 0 1
90 uniform 2 15 0.37173899999999999 1.4270096885829877 1 110 0.17820900000000001 0.012109 0.14879500000000001 0.0053320000000000008 0.0011150000000000001 0.0028040000000000001 0.011126 0.018706 0.021937999999999999 0 0.026187999999999999 0.00084699999999999999 0.0029199999999999999 0.0011620000000000001 0.0039519999999999998 0.09396199999999999 0.038052000000000023 0 0 2
90 uniform 2 23 0.34655599999999998 1.3625887228044471 1 96 0.17421400000000001 0.011894 0.12949899999999992 0.0050420000000000005 0.001098 0.0026830000000000001 0.010493000000000001 0.018527999999999999 0.021610999999999998 0 0.024566999999999999 0.00080500000000000005 0.0023610000000000003 0.001101 0.0038219999999999994 0.083263999999999991 0.031454999999999969 0 0 3
90 uniform 3 0 0.465086 1.607403958120931 1 79 0.31442300000000001 0.0099450000000000007 0.11697599999999998 0.003408 0.00085300000000000003 0.0029759999999999999 0.01093 0.160631 0.023154999999999999 0 0.024636999999999999 0.00084199999999999998 0.0018029999999999999 0.001253 0.0038620000000000004 0.081684999999999952 0.022440999999999989 0 0 0
90 uniform 3 7 0.31225900000000001 1.6960155985787513 1 79 0.16571900000000001 0.0096959999999999998 0.11260999999999995 0.0035869999999999999 0.00090899999999999998 0.0028019999999999998 0.010795000000000001 0.0098980000000000005 0.022963000000000001 0 0.028021000000000001 0.00077899999999999996 0.0018050000000000002 0.001395 0.003852 0.078221999999999972 0.021476999999999989 0 0 1
90 uniform 3 15 0.30234499999999997 1.8164733315500707 1 71 0.166384 0.0094649999999999995 0.10577300000000001 0.0026759999999999996 0.00060399999999999994 0.0029780000000000002 0.011072 0.015405 0.022282 0 0.025132999999999999 0.00075500000000000003 0.001792 0.0011969999999999999 0.0037480000000000005 0.074028000000000024 0.020141999999999993 0 0 2
90 uniform 3 23 0.30161500000000002 1.962185564750166 1 71 0.17201900000000001 0.0091549999999999999 0.099899999999999961 0.0027169999999999998 0.00072399999999999993 0.0029499999999999999 0.010514000000000001 0.021987 0.022814000000000001 0 0.025795999999999999 0.00084500000000000005 0.0016819999999999999 0.001132 0.0035859999999999993 0.066634000000000013 0.021864999999999996 0 0 3
90 uniform 4 0 0.406941 1.3557315032952699 1 59 0.317077 0.0088649999999999996 0.059894000000000003 0.0032649999999999997 0.00081499999999999997 0.0028509999999999998 0.010991000000000001 0.166022 0.023689999999999999 0 0.026255000000000001 0.00082200000000000003 0.0018090000000000001 0.0010820000000000001 0.0031099999999999999 0.033363000000000018 0.016905999999999987 0 0 0
90 uniform 4 7 0.25240699999999999 1.3799548059231628 1 59 0.15420800000000001 0.008744 0.068819000000000005 0.0030279999999999999 0.00077399999999999995 0.0027980000000000001 0.010621999999999999 0.0059800000000000001 0.023099999999999999 0 0.027209000000000001 0.00079100000000000004 0.0017000000000000001 0.001031 0.002977 0.042314000000000011 0.016914999999999996 0 0 1
90 uniform 4 15 0.25095600000000001 1.4067465964463084 1 59 0.154941 0.0086859999999999993 0.066727000000000036 0.0033679999999999999 0.00081100000000000009 0.0027920000000000002 0.010607999999999999 0.0048339999999999998 0.023417 0 0.026779000000000001 0.00083000000000000001 0.0018140000000000001 0.0010709999999999999 0.0029400000000000003 0.040428000000000006 0.016734999999999996 0 0 2
90 uniform 4 23 0.26143499999999997 1.4315592602061618 1 59 0.155641 0.0087810000000000006 0.076761000000000024 0.0033049999999999998 0.0007980000000000001 0.0030660000000000001 0.010945999999999999 0.0065409999999999999 0.022721000000000002 0 0.027473000000000001 0.00072499999999999995 0.0017910000000000001 0.00094899999999999997 0.0028989999999999997 0.049145999999999981 0.018038999999999999 0 0 3
91 linear 0 0 0.59633499999999995 1.6730095414516959 1 117 0.24054400000000001 0.010329 0.31016700000000003 0.0065080000000000008 0.0014610000000000001 0.003045 0.011532000000000001 0.082851999999999995 0.023414999999999998 0 0.027463999999999999 0.00080000000000000004 0.00062399999999999999 0.0012179999999999999 0.0039320000000000006 0.088332000000000022 0.026792999999999983 0.01057 0 0
91 linear 0 7 0.54669999999999996 1.7667369171740894 1 115 0.18598999999999999 0.012943 0.31230300000000005 0.006051 0.001353 0.003114 0.011276 0.019637000000000002 0.024073000000000001 0 0.026606999999999999 0.000794 0.00079000000000000012 0.0012589999999999999 0.0042220000000000001 0.094826000000000049 0.032582999999999952 0.012797000000000005 0 1
91 linear 0 15 0.575098 1.8993100218252337 1 130 0.18457799999999999 0.013179 0.33872700000000006 0.0062969999999999996 0.0014739999999999998 0.003052 0.011638000000000001 0.020864000000000001 0.024067999999999999 0 0.026986 0.00078299999999999995 0.00079500000000000003 0.001189 0.0039310000000000005 0.10622700000000002 0.037070999999999972 0.019143999999999991 0 2
91 linear 0 23 0.57898400000000005 2.1190266618585429 1 123 0.17666499999999999 0.010155000000000001 0.35709400000000008 0.0056280000000000002 0.0014190000000000001 0.0030240000000000002 0.011563 0.018988000000000001 0.021114000000000001 0 0.027833 0.00084999999999999995 0.00059199999999999997 0.0013680000000000001 0.003607 0.095933999999999992 0.03726999999999997 0.018915000000000005 0 3
91 linear 1 0 0.52936899999999998 2.4060401954193105 1 109 0.241589 0.010547000000000001 0.24516300000000002 0.0050849999999999992 0.0016009999999999998 0.0030240000000000002 0.012220999999999999 0.079673999999999995 0.023234999999999999 0 0.029342 0.00082700000000000004 0.00061600000000000001 0.001139 0.003594 0.097259999999999985 0.035694999999999949 0.016771999999999999 0 0
91 linear 1 7 0.40876600000000002 2.3088141969361149 1 94 0.16686000000000001 0.010338 0.20446000000000006 0.004143 0.001023 0.0030860000000000002 0.011697000000000001 0.010129000000000001 0.022284000000000002 0 0.028003 0.00088699999999999998 0.00065300000000000004 0.0011169999999999999 0.0034000000000000002 0.085273000000000029 0.028280999999999966 0.013779 0 1
91 linear 1 15 0.387297 2.1751044324392077 1 87 0.14963499999999999 0.0096450000000000008 0.202482 0.0037230000000000002 0.0013059999999999999 0.0028809999999999999 0.011291000000000001 0.0062519999999999997 0.011396 0 0.027997999999999999 0.00081700000000000002 0.00063099999999999994 0.000959 0.0033720000000000004 0.080498000000000028 0.028681999999999985 0.014033999999999996 0 2
91 linear 1 23 0.40476200000000001 2.0071622239164997 1 87 0.15997700000000001 0.0099640000000000006 0.20897400000000002 0.0040889999999999998 0.001124 0.0027399999999999998 0.011251000000000001 0.0059509999999999997 0.022284000000000002 0 0.027640999999999999 0.00083699999999999996 0.00060999999999999997 0.001281 0.003689 0.088135999999999978 0.028761999999999972 0.014059 0 3
91 linear 2 0 0.40853099999999998 1.4795436213622439 1 94 0.219607 0.0073239999999999998 0.15636700000000003 0.0041099999999999999 0.0011580000000000002 0.003003 0.011476999999999999 0.072013999999999995 0.022742999999999999 0 0.027952000000000001 0.00077700000000000002 0.00042299999999999998 0.0021350000000000002 0.0029579999999999997 0.060576999999999964 0.029495999999999991 0.017125000000000008 0 0
91 linear 2 7 0.33587800000000001 1.5059993192224082 1 94 0.14799899999999999 0.0071120000000000003 0.155421 0.0039480000000000001 0.001168 0.0029970000000000001 0.011199000000000001 0.005117 0.022072000000000001 0 0.028146999999999998 0.00081300000000000003 0.00039799999999999997 0.0016199999999999999 0.0029749999999999993 0.064214999999999967 0.026948000000000003 0.015674000000000007 0 1
91 linear 2 15 0.33431899999999998 1.5052723161741834 1 95 0.16153100000000001 0.0094830000000000001 0.13533700000000004 0.0042570000000000004 0.001374 0.0028739999999999998 0.010865 0.0096089999999999995 0.022210000000000001 0 0.027692000000000001 0.00078799999999999996 0.00060300000000000002 0.00116 0.003124 0.065950999999999982 0.028443999999999969 0.014568000000000003 0 2
91 linear 2 23 0.309527 1.4973848293943868 1 88 0.156024 0.0093439999999999999 0.12011200000000004 0.0036120000000000002 0.0013780000000000001 0.002745 0.0112 0.0070419999999999996 0.021870000000000001 0 0.027019000000000001 0.00076400000000000003 0.00058299999999999997 0.001119 0.0030379999999999999 0.057442000000000014 0.025921999999999994 0.014083999999999999 0 3
91 linear 3 0 0.36603599999999997 1.2847573144731934 1 81 0.22083 0.0106 0.10360200000000001 0.0049120000000000006 0.001384 0.0027560000000000002 0.011328 0.068419999999999995 0.022064 0 0.028101999999999999 0.00078200000000000003 0.00059199999999999997 0.001073 0.0034389999999999998 0.051834000000000019 0.020557000000000006 0.011366000000000005 0 0
91 linear 3 7 0.27932899999999999 1.2519558018546471 1 66 0.16331799999999999 0.0088889999999999993 0.084594000000000016 0.0035820000000000005 0.0010119999999999999 0.0029039999999999999 0.013132 0.0053229999999999996 0.025513999999999998 0 0.028892000000000001 0.00082299999999999995 0.00058799999999999998 0.00099299999999999996 0.0033529999999999996 0.043963999999999996 0.016529000000000002 0.0086359999999999961 0 1
91 linear 3 15 0.283891 1.2163267617051416 1 66 0.16150400000000001 0.0087580000000000002 0.092562999999999979 0.0032129999999999997 0.00090200000000000002 0.0029780000000000002 0.012848 0.0051739999999999998 0.024757000000000001 0 0.029256000000000001 0.00080999999999999996 0.00061800000000000006 0.00093899999999999995 0.003186 0.05149200000000001 0.016274000000000007 0.0086659999999999966 0 2
91 linear 3 23 0.25898300000000002 1.1840489940603205 1 58 0.159389 0.0086320000000000008 0.073578999999999964 0.0026460000000000003 0.00087000000000000001 0.0027980000000000001 0.012710000000000001 0.0048589999999999996 0.024639999999999999 0 0.029041999999999998 0.00083100000000000003 0.00058 0.00088900000000000003 0.003016 0.039211000000000003 0.013689999999999999 0.0072489999999999959 0 3
91 linear 4 0 0.35368899999999998 1.1182689193201074 1 73 0.23239399999999999 0.0094750000000000008 0.090365999999999988 0.0032829999999999995 0.0011049999999999999 0.0029260000000000002 0.011472 0.076522000000000007 0.025312999999999999 0 0.027255999999999999 0.00072999999999999996 0.00056900000000000006 0.0011620000000000001 0.0033520000000000004 0.044191000000000022 0.018991999999999998 0.0097330000000000003 0 0
91 linear 4 7 0.27003500000000003 1.1164381532128764 1 67 0.16028100000000001 0.0088950000000000001 0.079219999999999999 0.0036890000000000004 0.0011200000000000001 0.0028400000000000001 0.011006 0.0061580000000000003 0.024507000000000001 0 0.029065000000000001 0.00075699999999999997 0.00061300000000000005 0.001057 0.0032920000000000007 0.040497000000000005 0.015939999999999999 0.0079549999999999985 0 1
91 linear 4 15 0.250336 1.1126714358123777 1 59 0.157161 0.0087060000000000002 0.066959999999999992 0.0028379999999999994 0.0010099999999999998 0.002895 0.011438 0.004999 0.022036 0 0.028719000000000001 0.00082200000000000003 0.00060700000000000012 0.00096699999999999998 0.0029630000000000004 0.033456 0.013486 0.0070190000000000001 0 2
91 linear 4 23 0.25330599999999998 1.1073416787319448 1 59 0.15359800000000001 0.0085529999999999998 0.073950999999999989 0.0025669999999999998 0.00086499999999999999 0.0027230000000000002 0.01115 0.0049540000000000001 0.021321 0 0.028294 0.00079000000000000001 0.00060399999999999994 0.0012279999999999999 0.0028580000000000003 0.03683800000000001 0.013494000000000008 0.0070110000000000025 0 3
91 uniform 0 0 0.41333399999999998 1.6610335950905633 1 117 0.23774999999999999 0.010324 0.13129899999999997 0.0058890000000000001 0.0013359999999999999 0.0030590000000000001 0.011445 0.082739999999999994 0.021611999999999999 0 0.027262000000000002 0.00079000000000000001 0.00062799999999999998 0.0011529999999999999 0.0042259999999999997 0.087947999999999985 0.027002999999999978 0 0 0
91 uniform 0 7 0.37483499999999997 1.748073881579959 1 115 0.18410899999999999 0.013324000000000001 0.14277499999999999 0.0052090000000000001 0.0011640000000000001 0.0028289999999999999 0.011409000000000001 0.019460999999999999 0.021395999999999998 0 0.026235999999999999 0.00077700000000000002 0.00080699999999999999 0.001227 0.0041820000000000008 0.093422000000000005 0.032589999999999966 0 0 1
91 uniform 0 15 0.397727 1.8789840555033619 1 130 0.18523600000000001 0.013126000000000001 0.16220200000000007 0.0052469999999999999 0.0014989999999999999 0.0029520000000000002 0.011135000000000001 0.020656999999999998 0.021180999999999998 0 0.027321999999999999 0.00079299999999999998 0.000825 0.0011069999999999999 0.0040259999999999992 0.105258 0.036893999999999989 0 0 2
91 uniform 0 23 0.36508400000000002 2.1150694223979811 1 123 0.17028399999999999 0.010252000000000001 0.15082499999999999 0.0046390000000000008 0.0013879999999999999 0.0028349999999999998 0.011114000000000001 0.018553 0.020979999999999999 0 0.027740999999999998 0.00081800000000000004 0.00058699999999999996 0.0012750000000000001 0.0035789999999999997 0.094664000000000012 0.036839999999999991 0 0 3
91 uniform 1 0 0.43596000000000001 2.3241312588431557 1 109 0.239366 0.010466 0.15449299999999996 0.0049899999999999988 0.001418 0.002784 0.012007 0.079524999999999998 0.022842999999999999 0 0.028667000000000002 0.00085099999999999998 0.00058999999999999992 0.0011440000000000001 0.0035000000000000009 0.096292999999999976 0.04044600000000001 0 0 0
91 uniform 1 7 0.32956200000000002 2.2531685548049474 1 94 0.16329199999999999 0.010290000000000001 0.12920799999999996 0.0038880000000000004 0.001059 0.0029789999999999999 0.011998 0.0061739999999999998 0.022074 0 0.027829 0.00083000000000000001 0.00061699999999999993 0.0010790000000000001 0.0033270000000000005 0.085782000000000039 0.028391999999999976 0 0 1
91 uniform 1 15 0.30867499999999998 2.156328826694399 1 87 0.15090200000000001 0.0096930000000000002 0.12310299999999999 0.003542 0.0010429999999999999 0.0027550000000000001 0.011133000000000001 0.0061409999999999998 0.013464 0 0.027845000000000002 0.00083299999999999997 0.00062299999999999996 0.0010660000000000001 0.0032589999999999997 0.079882999999999996 0.02869399999999999 0 0 2
91 uniform 1 23 0.32254100000000002 2.0283076327328975 1 87 0.15982499999999999 0.0099050000000000006 0.127747 0.0036949999999999999 0.001122 0.0025890000000000002 0.011354 0.0057879999999999997 0.023883000000000001 0 0.027671000000000001 0.00077399999999999995 0.00061600000000000001 0.0011980000000000001 0.003458000000000001 0.082131000000000023 0.031106999999999968 0 0 3
91 uniform 2 0 0.358792 1.5128804119324468 1 94 0.221751 0.0070369999999999999 0.10558799999999999 0.0036949999999999999 0.0010530000000000001 0.003032 0.011235 0.071821999999999997 0.024246 0 0.027817999999999999 0.00082200000000000003 0.00042500000000000003 0.0022539999999999999 0.0030339999999999998 0.060279999999999993 0.029381999999999985 0 0 0
91 uniform 2 7 0.28459499999999999 1.5388848645441091 1 94 0.14790600000000001 0.0068640000000000003 0.10533399999999998 0.0034649999999999993 0.0011249999999999999 0.0031150000000000001 0.01123 0.0049150000000000001 0.023514 0 0.027497000000000001 0.00075199999999999996 0.00039100000000000002 0.0016069999999999999 0.0029230000000000003 0.063532999999999965 0.026744999999999998 0 0 1
91 uniform 2 15 0.30998900000000001 1.5309422255322869 1 95 0.159529 0.0095460000000000007 0.11375299999999995 0.0039919999999999999 0.0011440000000000001 0.002862 0.010798 0.0071159999999999999 0.023560999999999999 0 0.027536999999999999 0.00080000000000000004 0.00060599999999999998 0.001209 0.0032109999999999999 0.06608 0.028610999999999966 0 0 2
91 uniform 2 23 0.28731400000000001 1.517116640371138 1 88 0.15715299999999999 0.0093360000000000005 0.097668000000000005 0.0032539999999999999 0.001268 0.0027910000000000001 0.011143 0.0069150000000000001 0.023480000000000001 0 0.026717000000000001 0.00078799999999999996 0.00059299999999999999 0.0011640000000000001 0.0031129999999999999 0.057432999999999998 0.026048999999999999 0 0 3
91 uniform 3 0 0.338779 1.2913805644311975 1 81 0.22183 0.0093200000000000002 0.082692000000000002 0.003702 0.0012390000000000001 0.0028210000000000002 0.011362000000000001 0.068735000000000004 0.024081000000000002 0 0.027675999999999999 0.00075699999999999997 0.00058499999999999991 0.0011019999999999999 0.0029129999999999994 0.050287999999999992 0.019970999999999999 0 0 0
91 uniform 3 7 0.25175900000000001 1.2575488881338985 1 66 0.15979099999999999 0.0088159999999999992 0.064146999999999996 0.0026739999999999997 0.00093999999999999997 0.0028519999999999999 0.011280999999999999 0.0049020000000000001 0.023539999999999998 0 0.028336 0.00085899999999999995 0.00058 0.0011100000000000001 0.0031340000000000001 0.039139999999999994 0.015143 0 0 1
91 uniform 3 15 0.25813000000000003 1.2209084055597601 1 66 0.16146199999999999 0.0087950000000000007 0.068999999999999992 0.0026690000000000004 0.00088499999999999994 0.0028730000000000001 0.011308 0.0047470000000000004 0.027449000000000001 0 0.02921 0.00079199999999999995 0.00062399999999999999 0.00098299999999999993 0.0029360000000000002 0.044219000000000001 0.014938999999999999 0 0 2
91 uniform 3 23 0.24788199999999999 1.1877636116710777 1 66 0.15501499999999999 0.0085590000000000006 0.065520000000000009 0.0026069999999999999 0.00098900000000000008 0.00266 0.011289 0.0045929999999999999 0.023865999999999998 0 0.028613 0.00082200000000000003 0.00060899999999999995 0.00091699999999999995 0.0028220000000000003 0.040983999999999979 0.014732000000000006 0 0 3
91 uniform 4 0 0.32108999999999999 1.120406911094556 1 65 0.225492 0.0094979999999999995 0.067890999999999993 0.0023679999999999999 0.00084500000000000005 0.0026310000000000001 0.010947999999999999 0.074999999999999997 0.024958000000000001 0 0.027723999999999999 0.00073700000000000002 0.00059000000000000003 0.0011150000000000001 0.0032369999999999999 0.040853999999999988 0.016979000000000001 0 0 0
91 uniform 4 7 0.24912200000000001 1.1185246041249999 1 59 0.16004599999999999 0.012994 0.057879000000000007 0.002581 0.00092500000000000004 0.0027109999999999999 0.010996000000000001 0.0062040000000000003 0.024337000000000001 0 0.027459000000000001 0.00072099999999999996 0.00060900000000000006 0.0012899999999999999 0.0033910000000000004 0.035185000000000008 0.013821000000000003 0 0 1
91 uniform 4 15 0.23039799999999999 1.1146627431355205 1 51 0.15912399999999999 0.0087500000000000008 0.048173000000000014 0.001792 0.00073299999999999993 0.0027539999999999999 0.010799 0.0045669999999999999 0.02325 0 0.030273999999999999 0.00080800000000000002 0.00060099999999999997 0.00099099999999999991 0.0030159999999999996 0.029197000000000001 0.011343000000000002 0 0 2
91 uniform 4 23 0.22567200000000001 1.1092019795416286 1 51 0.151424 0.0086400000000000001 0.051565000000000007 0.0016819999999999999 0.00069999999999999999 0.0025929999999999998 0.010553 0.0046049999999999997 0.021245 0 0.027577999999999998 0.00076400000000000003 0.00061399999999999996 0.001263 0.0028709999999999994 0.032326000000000014 0.011615000000000004 0 0 3
92 linear 0 0 1.272416 13038.466194043604 1 157 0.64805199999999996 0.017180000000000001 0.54854599999999976 0.010534999999999999 0.0023530000000000001 0.0029220000000000001 0.010940999999999999 0.19148200000000001 0.085418999999999995 0 0.026412999999999999 0.00081599999999999999 0.212424 0.00059699999999999998 0.0042560000000000002 0.2540889999999999 0.077022000000000049 0.015786999999999999 0 0
92 linear 0 7 1.2431570000000001 13087.957364885891 1 157 0.52482399999999996 0.016282000000000001 0.6415120000000003 0.010142000000000002 0.0021569999999999996 0.002928 0.01108 0.051187999999999997 0.12105100000000001 0 0.025946 0.00080199999999999998 0.205982 0.00059900000000000003 0.0041020000000000006 0.34182600000000002 0.077821000000000071 0.015418999999999997 0 1
92 linear 0 15 1.215919 13129.340005077869 1 157 0.509355 0.017361999999999999 0.63202700000000001 0.0094349999999999989 0.0020820000000000001 0.0028519999999999999 0.010826000000000001 0.051226000000000001 0.10563500000000001 0 0.026353000000000001 0.00081400000000000005 0.20923200000000003 0.00059299999999999999 0.0039690000000000003 0.33182099999999998 0.075689999999999993 0.014959 0 2
92 linear 0 23 1.383974 13164.283996782939 1 181 0.52671199999999996 0.016240000000000001 0.7724399999999999 0.011963999999999999 0.0019859999999999999 0.0026879999999999999 0.010300999999999999 0.050945999999999998 0.12528900000000001 0 0.026402999999999999 0.000745 0.21116300000000005 0.00047699999999999999 0.0040210000000000003 0.37965099999999991 0.096456000000000125 0.01738399999999999 0 3
92 linear 1 0 0.59812100000000001 95.173152762212581 1 67 0.44273000000000001 0.011701 0.12001600000000003 0.0040430000000000006 0.001114 0.0030279999999999999 0.011534000000000001 0.18281600000000001 0.12119099999999999 0 0.026865 0.00096900000000000003 0.0066630000000000005 0.00124 0.0036099999999999999 0.052431999999999986 0.035316000000000014 0.0071420000000000025 0 0
92 linear 1 7 0.61706000000000005 79.030592463559174 1 67 0.403194 0.011158 0.17969099999999996 0.0036419999999999998 0.00091799999999999998 0.0027590000000000002 0.010359999999999999 0.051121 0.11877799999999999 0 0.026110000000000001 0.00083900000000000001 0.10737599999999999 0.0011119999999999999 0.0033799999999999993 0.11350999999999999 0.034074 0.0071300000000000035 0 1
92 linear 1 15 0.65764100000000003 60.158158601916625 1 67 0.434226 0.011032999999999999 0.18956800000000004 0.0033970000000000003 0.00087100000000000003 0.0025609999999999999 0.0098519999999999996 0.055614999999999998 0.11715299999999999 0 0.026450999999999999 0.00078299999999999995 0.13889899999999999 0.0010510000000000001 0.0033399999999999997 0.12367 0.034012999999999995 0.007126000000000003 0 2
92 linear 1 23 0.716449 41.463627119189169 1 75 0.46701500000000001 0.01089 0.21054299999999995 0.0046189999999999998 0.001011 0.0025409999999999999 0.0098720000000000006 0.051597999999999998 0.11689099999999999 0 0.025690999999999999 0.00083100000000000003 0.17630400000000002 0.001073 0.0033239999999999997 0.13777800000000004 0.038077999999999994 0.0080880000000000014 0 3
92 linear 2 0 0.670736 95.111426572990837 1 99 0.42825200000000002 0.013896 0.18295300000000006 0.012908000000000001 0.001232 0.0029299999999999999 0.010344000000000001 0.18371899999999999 0.096664 0 0.026372 0.000825 0.014137000000000004 0.00073200000000000001 0.0037029999999999997 0.085415000000000046 0.051518999999999961 0.010954 0 0
92 linear 2 7 0.67992600000000003 99.385240016453835 1 99 0.33785500000000002 0.013414000000000001 0.28967399999999999 0.0063549999999999995 0.0011050000000000001 0.0026189999999999998 0.0097359999999999999 0.058980999999999999 0.084220000000000003 0 0.025692 0.00067599999999999995 0.066614000000000007 0.000727 0.0036019999999999993 0.19391499999999998 0.049846999999999954 0.010920000000000003 0 1
92 linear 2 15 0.76850099999999999 107.01526219759704 1 83 0.48016799999999998 0.011155999999999999 0.24936600000000003 0.0047829999999999999 0.001085 0.0024910000000000002 0.0092890000000000004 0.057266999999999998 0.094233999999999998 0 0.025805000000000002 0.00076599999999999997 0.20741799999999999 0.001072 0.0032790000000000002 0.16770599999999997 0.041423999999999961 0.0090320000000000001 0 2
92 linear 2 23 0.71448900000000004 112.46520859285611 1 67 0.49247099999999999 0.010926999999999999 0.18750599999999995 0.0036210000000000001 0.00099600000000000014 0.0024489999999999998 0.0093229999999999997 0.05142 0.084685999999999997 0 0.025107999999999998 0.00073300000000000004 0.23363399999999998 0.0011659999999999999 0.003241 0.12099099999999999 0.031808000000000017 0.0071310000000000037 0 3
92 linear 3 0 0.71545499999999995 9.1098710747770273 1 53 0.57127099999999997 0.0084150000000000006 0.11404100000000002 0.0035090000000000004 0.00076199999999999998 0.002457 0.010118 0.191134 0.115147 0 0.026529 0.00084099999999999995 0.145283 0.0012260000000000001 0.0030800000000000003 0.061980000000000021 0.022229000000000009 0.0054600000000000004 0 0
92 linear 3 7 0.67145600000000005 9.1155014017485456 1 53 0.470914 0.0082660000000000008 0.17101000000000008 0.0032510000000000004 0.0006240000000000001 0.0023540000000000002 0.0099819999999999996 0.055694 0.104889 0 0.025191999999999999 0.00072900000000000005 0.195104 0.0012390000000000001 0.0030160000000000005 0.117835 0.022764 0.0054460000000000012 0 1
92 linear 3 15 0.50529900000000005 9.1219493314026323 1 53 0.271837 0.0081119999999999994 0.20343600000000003 0.0032209999999999999 0.00064199999999999999 0.0023470000000000001 0.0094000000000000004 0.052108000000000002 0.095594999999999999 0 0.024943 0.00073800000000000005 0.011871 0.001224 0.0029660000000000003 0.14655499999999999 0.022391000000000008 0.0057249999999999992 0 2
92 linear 3 23 0.55849700000000002 9.1284114416879163 1 53 0.34790500000000002 0.0093620000000000005 0.18001799999999998 0.0031029999999999999 0.00057700000000000004 0.002274 0.010318000000000001 0.054546999999999998 0.10673199999999999 0 0.024898 0.000745 0.073095999999999994 0.0010889999999999999 0.0033049999999999998 0.125831 0.022954000000000009 0.0056249999999999989 0 3
92 linear 4 0 0.78753600000000001 1622.1755849488811 1 53 0.59365199999999996 0.0096729999999999993 0.16391 0.0032959999999999999 0.00082200000000000003 0.0029359999999999998 0.012329 0.19231400000000001 0.035531 0 0.029590999999999999 0.00084500000000000005 0.23500599999999999 0.0012700000000000001 0.0031889999999999996 0.11730400000000002 0.016229 0.0057559999999999981 0 0
92 linear 4 7 0.63945200000000002 1642.2492375337038 1 53 0.44681500000000002 0.0082590000000000007 0.16450599999999999 0.0033649999999999999 0.00076300000000000001 0.0027810000000000001 0.011743999999999999 0.052388999999999998 0.035008999999999998 0 0.026408000000000001 0.00081700000000000002 0.237183 0.0010480000000000001 0.0028939999999999999 0.11979599999999999 0.015418999999999997 0.0055799999999999999 0 1
92 linear 4 15 0.54979100000000003 1666.3668522863579 1 53 0.36225000000000002 0.0077169999999999999 0.16072500000000001 0.002983 0.000718 0.0027469999999999999 0.010633 0.051118999999999998 0.031695000000000001 0 0.026585999999999999 0.00084699999999999999 0.16095000000000001 0.001018 0.0027849999999999997 0.11601400000000002 0.015526000000000003 0.005570000000000002 0 2
92 linear 4 23 0.50380499999999995 1691.8600164098962 1 53 0.30704900000000002 0.0079550000000000003 0.16977500000000009 0.0028799999999999997 0.00074299999999999995 0.0023709999999999998 0.0098150000000000008 0.051027999999999997 0.031253999999999997 0 0.026352 0.00087399999999999999 0.10791899999999999 0.00116 0.00281 0.12349199999999999 0.015681999999999991 0.0054370000000000009 0 3
92 uniform 0 0 1.0665450000000001 12758.924198120316 1 149 0.64048400000000005 0.017389999999999999 0.34938999999999987 0.0093599999999999968 0.0021159999999999998 0.0024750000000000002 0.0099959999999999997 0.19179599999999999 0.085567000000000004 0 0.025831 0.00081899999999999996 0.20943000000000001 0.00063000000000000003 0.0043169999999999997 0.25194999999999984 0.072094000000000033 0 0 0
92 uniform 0 7 1.0156240000000001 12804.337444803741 1 149 0.51888500000000004 0.015959999999999998 0.42779000000000006 0.0084049999999999993 0.001949 0.0026549999999999998 0.010704999999999999 0.051118999999999998 0.118392 0 0.025753000000000002 0.00081899999999999996 0.205514 0.00054500000000000002 0.0042179999999999995 0.32952399999999993 0.072715000000000016 0 0 1
92 uniform 0 15 1.093896 12853.773838808123 1 181 0.50515299999999996 0.017246000000000001 0.5055160000000003 0.011311 0.0020379999999999999 0.0024299999999999999 0.0098169999999999993 0.050828999999999999 0.10646899999999999 0 0.025828 0.000794 0.20869499999999999 0.00062500000000000001 0.0041700000000000001 0.37875199999999976 0.094314000000000078 0 0 2
92 uniform 0 23 1.090719 12910.533584124616 1 173 0.52933600000000003 0.016313999999999999 0.48125999999999969 0.010568000000000001 0.0018630000000000001 0.0024979999999999998 0.0095779999999999997 0.051019000000000002 0.12663199999999999 0 0.026780999999999999 0.00071900000000000002 0.210759 0.00054699999999999996 0.0040859999999999994 0.35934700000000031 0.091503000000000168 0 0 3
92 uniform 1 0 0.57358900000000002 97.394290076198715 1 67 0.44073600000000002 0.011558000000000001 0.098085000000000019 0.0035069999999999997 0.0010140000000000001 0.0029239999999999999 0.011443 0.18271200000000001 0.118217 0 0.026602000000000001 0.00085099999999999998 0.0066579999999999999 0.0011919999999999999 0.0035230000000000001 0.052564999999999994 0.035482000000000014 0 0 0
92 uniform 1 7 0.59216599999999997 82.736623773081618 1 67 0.40091199999999999 0.011162999999999999 0.15741199999999997 0.0032119999999999996 0.00087700000000000007 0.0028240000000000001 0.01047 0.051098999999999999 0.117359 0 0.026107999999999999 0.00076900000000000004 0.107476 0.0010759999999999999 0.0033449999999999999 0.11319799999999999 0.033971000000000008 0 0 1
92 uniform 1 15 0.631108 64.907037762525604 1 67 0.43049999999999999 0.01089 0.16744499999999995 0.0031020000000000002 0.00085099999999999998 0.0025209999999999998 0.0095980000000000006 0.051145000000000003 0.114603 0 0.026499000000000002 0.00070200000000000004 0.138901 0.0010300000000000001 0.0033370000000000006 0.12344100000000004 0.033903999999999997 0 0 2
92 uniform 1 23 0.64488500000000004 45.99059155146626 1 59 0.46278599999999998 0.010775 0.15114300000000006 0.0026849999999999999 0.0006730000000000001 0.0023700000000000001 0.0096340000000000002 0.051371 0.11425100000000001 0 0.026376 0.00072400000000000003 0.174623 0.00098200000000000002 0.0031990000000000005 0.11304900000000001 0.029212000000000016 0 0 3
92 uniform 2 0 0.60134399999999999 96.212489211218724 1 83 0.42496600000000001 0.013764 0.129775 0.0049900000000000005 0.00114 0.0027690000000000002 0.010128 0.183866 0.094529000000000002 0 0.026159999999999999 0.000785 0.014093999999999999 0.00073700000000000002 0.0036530000000000004 0.075081999999999996 0.042224999999999985 0 0 0
92 uniform 2 7 0.60857700000000003 100.91038535680127 1 83 0.33940399999999998 0.013450999999999999 0.22307000000000002 0.004888 0.00099399999999999987 0.0026310000000000001 0.0091079999999999998 0.058896999999999998 0.084005999999999997 0 0.02495 0.00069800000000000005 0.066730999999999999 0.00072099999999999996 0.0035230000000000001 0.17004200000000003 0.040365999999999978 0 0 1
92 uniform 2 15 0.73947600000000002 109.66239758121768 1 83 0.475721 0.010998000000000001 0.22540699999999991 0.0044589999999999994 0.0010510000000000001 0.0023960000000000001 0.009044 0.057145000000000001 0.094116000000000005 0 0.025565999999999998 0.00077099999999999998 0.20438000000000001 0.001083 0.0032930000000000004 0.1715280000000001 0.041428 0 0 2
92 uniform 2 23 0.69945800000000002 114.70394730761595 1 67 0.49059599999999998 0.011036000000000001 0.17417699999999994 0.0036389999999999999 0.00097000000000000005 0.002297 0.0089110000000000005 0.051554000000000003 0.083570000000000005 0 0.024771999999999999 0.00075900000000000002 0.23417099999999999 0.001003 0.0033660000000000001 0.12789299999999995 0.034224000000000004 0 0 3
92 uniform 3 0 0.67919300000000005 9.1099466231969721 1 37 0.578434 0.0093189999999999992 0.075583000000000011 0.001939 0.00064499999999999996 0.002627 0.011127 0.19212000000000001 0.120278 0 0.026182 0.00078399999999999997 0.14526599999999998 0.0012019999999999999 0.0033860000000000001 0.055022999999999989 0.014795000000000001 0 0 0
92 uniform 3 7 0.61009100000000005 9.1155772241451292 1 37 0.47653800000000002 0.0085579999999999996 0.10894300000000004 0.0019959999999999999 0.00050299999999999997 0.0026710000000000002 0.010819 0.053199000000000003 0.107972 0 0.025731 0.00077099999999999998 0.195211 0.0012260000000000001 0.0033210000000000006 0.087239999999999984 0.015705 0 0 1
92 uniform 3 15 0.41639799999999999 9.1220254683496442 1 37 0.279858 0.0081630000000000001 0.11386600000000002 0.0019610000000000001 0.00051199999999999998 0.0026559999999999999 0.010652 0.053418 0.097625000000000003 0 0.025502 0.00079600000000000005 0.011973000000000001 0.001158 0.0030869999999999999 0.094337999999999964 0.013917000000000004 0 0 2
92 uniform 3 23 0.46656799999999998 9.1284878947308457 1 37 0.34394400000000003 0.0082070000000000008 0.10016099999999999 0.0018939999999999999 0.00047799999999999996 0.0024719999999999998 0.0092230000000000003 0.053326999999999999 0.10397099999999999 0 0.025728000000000001 0.00071599999999999995 0.07316099999999999 0.001116 0.003052 0.080638999999999975 0.013946000000000002 0 0 3
92 uniform 4 0 0.71096000000000004 1622.71278231161 1 37 0.59106499999999995 0.0082850000000000007 0.098779000000000006 0.002026 0.0005840000000000001 0.0029250000000000001 0.011237 0.19690299999999999 0.032760999999999998 0 0.027081000000000001 0.00084400000000000002 0.23502499999999998 0.0011900000000000001 0.0029319999999999997 0.082741000000000009 0.010466 0 0 0
92 uniform 4 7 0.55960799999999999 1642.8308346791296 1 37 0.44345699999999999 0.0081609999999999999 0.095615999999999979 0.0017420000000000001 0.00056499999999999996 0.0025829999999999998 0.010146000000000001 0.050948 0.031806000000000001 0 0.026317 0.00078299999999999995 0.24138399999999999 0.0010970000000000001 0.002823 0.079778000000000002 0.010210000000000002 0 0 1
92 uniform 4 15 0.47888999999999998 1667.0058452036428 1 37 0.35991400000000001 0.0077450000000000001 0.098950999999999997 0.001735 0.00055200000000000008 0.0023960000000000001 0.0099389999999999999 0.050938999999999998 0.031310999999999999 0 0.026034000000000002 0.00080800000000000002 0.16100999999999999 0.0011919999999999999 0.0028339999999999997 0.083016999999999994 0.010296 0 0 2
92 uniform 4 23 0.43316100000000002 1692.5652675204317 1 37 0.30658400000000002 0.0080009999999999994 0.10627900000000001 0.0016609999999999999 0.00054000000000000001 0.0022950000000000002 0.0094280000000000006 0.050963000000000001 0.031139 0 0.026157 0.00084900000000000004 0.10883 0.0011100000000000001 0.0027370000000000003 0.090320999999999999 0.010319999999999998 0 0 3
93 linear 0 0 0.47010000000000002 1.2754123015883874 1 74 0.33527400000000002 0.0066740000000000002 0.10321799999999996 0.004614 0.0009059999999999999 0.0030959999999999998 0.011448 0.18302399999999999 0.023612999999999999 0 0.027767 0.00092500000000000004 0.010196999999999999 0.001905 0.0031250000000000002 0.048375999999999988 0.029489999999999992 0.008829 0 0
93 linear 0 7 0.37210700000000002 1.2829769304090393 1 74 0.180893 0.0063280000000000003 0.16017499999999998 0.004182 0.0009279999999999999 0.002614 0.010234999999999999 0.043527999999999997 0.022803 0 0.026672000000000001 0.00089300000000000002 0.0028710000000000003 0.001611 0.0028779999999999995 0.099086000000000007 0.02930399999999999 0.0090010000000000003 0 1
93 linear 0 15 0.38236799999999999 1.2881575490441874 1 74 0.18540400000000001 0.0061630000000000001 0.16639399999999996 0.0039519999999999998 0.00075000000000000002 0.0024320000000000001 0.0095080000000000008 0.042937000000000003 0.022658999999999999 0 0.026238999999999998 0.00079600000000000005 0.01005 0.00166 0.0027649999999999997 0.106597 0.028647999999999993 0.0092530000000000025 0 2
93 linear 0 23 0.50876500000000002 1.2896511973405234 1 75 0.31691999999999998 0.0068560000000000001 0.15987300000000004 0.004006 0.001042 0.0024160000000000002 0.0094179999999999993 0.040984 0.066358 0 0.026100999999999999 0.00071699999999999997 0.09092900000000001 0.001142 0.0028449999999999999 0.092811999999999992 0.028429999999999987 0.0098410000000000043 0 3
93 linear 1 0 0.479933 1.2500609749642526 1 74 0.34309899999999999 0.0063330000000000001 0.10645600000000001 0.0039569999999999996 0.00083200000000000006 0.0026150000000000001 0.009894 0.193633 0.023418000000000001 0 0.026762999999999999 0.00072499999999999995 0.010279 0.0021180000000000001 0.002967 0.049591999999999983 0.031399999999999983 0.0088060000000000031 0 0
93 linear 1 7 0.36584499999999998 1.2401443265619609 1 74 0.18343100000000001 0.0060809999999999996 0.15248100000000006 0.0037209999999999995 0.00081999999999999998 0.0025119999999999999 0.0092329999999999999 0.040452000000000002 0.023008000000000001 0 0.026275 0.00072900000000000005 0.010192999999999999 0.0015269999999999999 0.002774 0.096421999999999966 0.030667999999999997 0.0087900000000000027 0 1
93 linear 1 15 0.371888 1.2246367772909728 1 74 0.19678899999999999 0.0058979999999999996 0.145813 0.0035899999999999994 0.00085099999999999998 0.0022699999999999999 0.0088640000000000004 0.052946 0.023191 0 0.025804000000000001 0.000638 0.010111999999999999 0.001598 0.0027870000000000004 0.089208000000000037 0.031025999999999995 0.0087489999999999998 0 2
93 linear 1 23 0.37920300000000001 1.2037611957791872 1 82 0.18093300000000001 0.0059040000000000004 0.16624800000000003 0.0039900000000000005 0.0010630000000000001 0.00232 0.0086809999999999995 0.041062000000000001 0.023220000000000001 0 0.026006999999999999 0.00070500000000000001 0.010155000000000001 0.0014250000000000001 0.002856 0.10134900000000001 0.036573000000000029 0.0097359999999999964 0 3
93 linear 2 0 0.95063600000000004 1.1949122635241698 1 89 0.71191499999999996 0.0092429999999999995 0.19760600000000003 0.0050689999999999997 0.0012979999999999999 0.0022759999999999998 0.0088120000000000004 0.175012 0.024747999999999999 0 0.026322999999999999 0.00075900000000000002 0.39533799999999997 0.0011299999999999999 0.0031940000000000007 0.082255000000000023 0.043638999999999976 0.015047 0 0
93 linear 2 7 0.64329099999999995 1.170350713314591 1 81 0.43564999999999998 0.0093919999999999993 0.17045599999999997 0.0041520000000000003 0.00117 0.0023930000000000002 0.0092639999999999997 0.032083 0.021706 0 0.027092000000000001 0.00072800000000000002 0.26091900000000001 0.0012570000000000001 0.0033130000000000008 0.099197000000000035 0.040558000000000011 0.011286999999999998 0 1
93 linear 2 15 0.63133099999999998 1.1527548293977961 1 81 0.42617500000000003 0.0090469999999999995 0.16839399999999993 0.0041130000000000003 0.0010500000000000002 0.0023410000000000002 0.0089730000000000001 0.030648999999999999 0.021517999999999999 0 0.026435 0.000834 0.257633 0.001101 0.0032069999999999998 0.102703 0.036687000000000011 0.010466999999999995 0 2
93 linear 2 23 0.463501 1.1389996345421387 1 74 0.26605099999999998 0.0086560000000000005 0.16367300000000004 0.0037370000000000003 0.00082799999999999996 0.0022009999999999998 0.0089789999999999991 0.029891000000000001 0.021101000000000002 0 0.026641999999999999 0.00077099999999999998 0.097419999999999993 0.00096900000000000003 0.0031289999999999994 0.107823 0.03082399999999998 0.0087920000000000029 0 3
93 linear 3 0 0.41420899999999999 94.191270045377465 1 44 0.312942 0.0097300000000000008 0.073622999999999994 0.0027060000000000001 0.00062800000000000009 0.002875 0.011076000000000001 0.16157099999999999 0.021926000000000001 0 0.026476 0.00092299999999999999 0.0019499999999999999 0.0011969999999999999 0.0032919999999999998 0.035870999999999993 0.018769999999999998 0.0070160000000000023 0 0
93 linear 3 7 0.32647599999999999 94.086576777398392 1 52 0.18018000000000001 0.0093159999999999996 0.11354599999999999 0.0061879999999999991 0.00072000000000000005 0.0028019999999999998 0.011015 0.030988000000000002 0.021717 0 0.028322 0.000892 0.001838 0.0010660000000000001 0.0031410000000000001 0.072425000000000003 0.019476000000000004 0.0079320000000000015 0 1
93 linear 3 15 0.29962 92.718004661350136 1 52 0.17266100000000001 0.0089259999999999999 0.09760400000000001 0.00331 0.00065900000000000008 0.00264 0.010656000000000001 0.027133000000000001 0.021186 0 0.027244999999999998 0.00083799999999999999 0.0018929999999999999 0.00098200000000000002 0.002967 0.058303000000000015 0.017846999999999998 0.0079680000000000029 0 2
93 linear 3 23 0.28645100000000001 90.192109182005922 1 52 0.16724700000000001 0.0087069999999999995 0.090388999999999997 0.0031350000000000006 0.00062500000000000001 0.0024390000000000002 0.010618000000000001 0.023785000000000001 0.021187000000000001 0 0.027067999999999998 0.00085800000000000004 0.0017820000000000002 0.00070899999999999999 0.0028269999999999997 0.051043999999999985 0.018141000000000004 0.0079520000000000042 0 3
93 linear 4 0 0.48062700000000003 1.0894222376048748 1 61 0.36142999999999997 0.0086269999999999993 0.085165000000000005 0.0043420000000000004 0.00092100000000000005 0.0028240000000000001 0.011233 0.16534299999999999 0.022261 0 0.027321000000000002 0.00087299999999999997 0.045987 0.0011559999999999999 0.0031779999999999998 0.039986999999999995 0.024278999999999998 0.0072560000000000012 0 0
93 linear 4 7 0.353767 1.091944252603378 1 61 0.164965 0.0097689999999999999 0.15361900000000001 0.0039529999999999999 0.00079999999999999993 0.0028739999999999998 0.010637000000000001 0.015730000000000001 0.021492000000000001 0 0.027400000000000001 0.00080800000000000002 0.0043189999999999999 0.001047 0.003441 0.105152 0.025652999999999992 0.0076399999999999958 0 1
93 linear 4 15 0.35725400000000002 1.0947419873949895 1 61 0.17607200000000001 0.0084440000000000001 0.14792800000000003 0.0038530000000000001 0.00080900000000000004 0.002643 0.010657 0.026827 0.024996999999999998 0 0.027123999999999999 0.00078799999999999996 0.0036240000000000001 0.00097900000000000005 0.0033310000000000002 0.10259100000000002 0.02402700000000001 0.0074539999999999945 0 2
93 linear 4 23 0.35226499999999999 1.0972928410408112 1 61 0.18432200000000001 0.0083199999999999993 0.13501700000000005 0.0037109999999999999 0.00077099999999999998 0.002709 0.010248999999999999 0.019365 0.02826 0 0.026306 0.00076300000000000001 0.019956999999999999 0.00098400000000000007 0.0032170000000000002 0.089860999999999996 0.023844000000000004 0.0074759999999999931 0 3
93 uniform 0 0 0.43658000000000002 1.2642861534007248 1 58 0.33404600000000001 0.0070109999999999999 0.077853999999999993 0.0027460000000000002 0.00085500000000000007 0.0024949999999999998 0.010451999999999999 0.18443899999999999 0.025559999999999999 0 0.026790999999999999 0.00079799999999999999 0.010083 0.00191 0.0032360000000000002 0.044708999999999992 0.024426000000000003 0 0 0
93 uniform 0 7 0.30142600000000003 1.26929333024005 1 58 0.17577699999999999 0.0062519999999999997 0.10184999999999995 0.0024629999999999999 0.00072699999999999989 0.0023930000000000002 0.0090489999999999998 0.043278999999999998 0.022006000000000001 0 0.025692 0.00080500000000000005 0.002751 0.001477 0.0027769999999999995 0.066053000000000014 0.027098999999999984 0 0 1
93 uniform 0 15 0.32172200000000001 1.2726063288471856 1 66 0.18180399999999999 0.006293 0.11411099999999999 0.0028419999999999999 0.000959 0.0023119999999999998 0.0088059999999999996 0.043076999999999997 0.021455999999999999 0 0.025863000000000001 0.00076400000000000003 0.010096000000000001 0.0016770000000000001 0.0027670000000000004 0.076453000000000007 0.027840000000000004 0 0 2
93 uniform 0 23 0.44377800000000001 1.2735079007789152 1 59 0.31681500000000001 0.006992 0.10157700000000003 0.0027749999999999997 0.00090899999999999998 0.0021900000000000001 0.0087679999999999998 0.040936 0.065046000000000007 0 0.025943999999999998 0.00075100000000000004 0.090844000000000008 0.001188 0.0030860000000000002 0.068837000000000009 0.023931000000000008 0 0 3
93 uniform 1 0 0.46124799999999999 1.246251469037162 1 58 0.35649700000000001 0.0064840000000000002 0.08098600000000003 0.0022960000000000003 0.00069400000000000006 0.002506 0.010142 0.213446 0.021897 0 0.025988000000000001 0.00069700000000000003 0.010237999999999999 0.002003 0.0028159999999999999 0.04494299999999999 0.027359999999999995 0 0 0
93 uniform 1 7 0.30871199999999999 1.2389264588060982 1 58 0.181339 0.0062090000000000001 0.10417900000000002 0.0022390000000000001 0.00058399999999999999 0.0024880000000000002 0.0092739999999999993 0.040659000000000001 0.021159000000000001 0 0.026301999999999999 0.00075000000000000002 0.010326999999999999 0.0016130000000000001 0.0028450000000000003 0.068629999999999997 0.026813 0 0 1
93 uniform 1 15 0.31052999999999997 1.2269941043908694 1 58 0.19019900000000001 0.0060000000000000001 0.097298000000000051 0.0021819999999999999 0.00068199999999999999 0.0022850000000000001 0.008848 0.052821 0.021222000000000001 0 0.025870000000000001 0.00069899999999999997 0.010142999999999999 0.001542 0.0029059999999999997 0.061528999999999986 0.027110000000000006 0 0 2
93 uniform 1 23 0.31022499999999997 1.2097327222663712 1 58 0.18133099999999999 0.0059979999999999999 0.10592700000000001 0.0022369999999999998 0.00067900000000000002 0.002222 0.0086739999999999994 0.044033000000000003 0.021396999999999999 0 0.025877000000000001 0.00068999999999999997 0.010101000000000001 0.001444 0.0028440000000000002 0.069264999999999979 0.027925000000000012 0 0 3
93 uniform 2 0 0.87327399999999999 1.1982832151364402 1 73 0.71177100000000004 0.0093259999999999992 0.12700500000000003 0.0036899999999999997 0.0010059999999999999 0.0022669999999999999 0.0087299999999999999 0.17471500000000001 0.024518999999999999 0 0.026598 0.00079500000000000003 0.39319599999999999 0.0011479999999999999 0.0064700000000000009 0.076462999999999962 0.038874999999999972 0 0 0
93 uniform 2 7 0.58269599999999999 1.1711697602174336 1 65 0.43201899999999999 0.0092320000000000006 0.12042700000000002 0.0029969999999999997 0.00075499999999999992 0.0024599999999999999 0.0095329999999999998 0.032106999999999997 0.023619000000000001 0 0.027328000000000002 0.00080500000000000005 0.25728000000000001 0.0011249999999999999 0.0031349999999999998 0.07427000000000003 0.035718 0 0 1
93 uniform 2 15 0.57620899999999997 1.1529776997867465 1 65 0.43085600000000002 0.0088570000000000003 0.11515000000000002 0.0028839999999999998 0.00077099999999999998 0.0024480000000000001 0.0088780000000000005 0.030724999999999999 0.022964999999999999 0 0.026780000000000002 0.00075500000000000003 0.26166 0.00096000000000000002 0.003137 0.072854000000000002 0.032067000000000005 0 0 2
93 uniform 2 23 0.40474100000000002 1.139025748829428 1 58 0.26422699999999999 0.0086160000000000004 0.113235 0.0024539999999999996 0.00077500000000000008 0.0023600000000000001 0.0089639999999999997 0.029734 0.022676999999999999 0 0.026681 0.00078600000000000002 0.097208000000000003 0.00099599999999999992 0.0031140000000000004 0.077897999999999995 0.026407999999999977 0 0 3
93 uniform 3 0 0.40576899999999999 94.985201876955458 1 44 0.31744499999999998 0.0095849999999999998 0.061366000000000004 0.002372 0.00069099999999999999 0.0028769999999999998 0.011223 0.16208 0.023106000000000002 0 0.029482000000000001 0.000941 0.0019730000000000004 0.0012260000000000001 0.0032479999999999996 0.035275000000000008 0.01860899999999999 0 0 0
93 uniform 3 7 0.31086900000000001 94.837064702299188 1 52 0.180034 0.0091929999999999998 0.10083100000000002 0.003078 0.00072799999999999991 0.002823 0.010691000000000001 0.030964999999999999 0.022615 0 0.027380999999999999 0.00084999999999999995 0.0020040000000000001 0.001075 0.0030899999999999999 0.072392999999999985 0.019532999999999991 0 0 1
93 uniform 3 15 0.290487 93.393202750282256 1 52 0.17649899999999999 0.0089899999999999997 0.084622000000000044 0.002941 0.00068499999999999995 0.0028219999999999999 0.011207 0.027369000000000001 0.022856000000000001 0 0.027427 0.00089700000000000001 0.0018590000000000002 0.00097999999999999997 0.0031000000000000003 0.058008999999999991 0.017989000000000008 0 0 2
93 uniform 3 23 0.28031699999999998 90.779815160794371 1 52 0.170292 0.0087159999999999998 0.080167999999999975 0.0028159999999999999 0.00064100000000000008 0.0026619999999999999 0.010848999999999999 0.023792000000000001 0.022776000000000001 0 0.027247 0.00093700000000000001 0.0017719999999999999 0.00066 0.0028500000000000001 0.051276999999999996 0.020228999999999994 0 0 3
93 uniform 4 0 0.44809700000000002 1.0896931613701153 1 45 0.36104700000000001 0.0087620000000000007 0.060767999999999982 0.002542 0.00068000000000000005 0.002947 0.011207999999999999 0.16514300000000001 0.023675999999999999 0 0.027647000000000001 0.00083299999999999997 0.045906000000000002 0.0011789999999999999 0.0030709999999999991 0.034735000000000002 0.019185000000000008 0 0 0
93 uniform 4 7 0.28390599999999999 1.092233734977933 1 45 0.16513700000000001 0.0084139999999999996 0.092674999999999993 0.0022050000000000004 0.00062999999999999992 0.0028969999999999998 0.010382000000000001 0.015580999999999999 0.021545000000000002 0 0.02743 0.000834 0.0042440000000000004 0.0011620000000000001 0.0031460000000000008 0.066442000000000001 0.019474000000000009 0 0 1
93 uniform 4 15 0.287607 1.0950462726003223 1 45 0.17086100000000001 0.0082019999999999992 0.091058000000000014 0.0022369999999999998 0.00064199999999999999 0.002774 0.0094590000000000004 0.025398 0.021336000000000001 0 0.027104 0.00080099999999999995 0.0036739999999999997 0.0011039999999999999 0.0030430000000000001 0.065961000000000006 0.018331 0 0 2
93 uniform 4 23 0.28336099999999997 1.0976041261386247 1 45 0.17341300000000001 0.0081080000000000006 0.084495000000000001 0.0022529999999999998 0.00058799999999999998 0.0025400000000000002 0.008881 0.017817 0.021319000000000001 0 0.026487 0.00070299999999999996 0.019977999999999999 0.00098499999999999998 0.0029040000000000003 0.059056999999999991 0.018630999999999998 0 0 3
94 linear 0 0 0.59047099999999997 5.441735962434354 1 95 0.30612200000000001 0.01323 0.23933399999999996 0.0052729999999999999 0.0013310000000000002 0.0030620000000000001 0.011233 0.147845 0.021760999999999999 0 0.026474999999999999 0.00078299999999999995 0.00088699999999999998 0.0010889999999999999 0.0037820000000000002 0.10956800000000003 0.039902000000000021 0.015152000000000002 0 0
94 linear 0 7 0.49255700000000002 5.7256983008281725 1 102 0.19739899999999999 0.012991000000000001 0.24998799999999996 0.0052409999999999991 0.0011849999999999999 0.0029060000000000002 0.010935 0.040261999999999999 0.021514999999999999 0 0.026936999999999999 0.00077999999999999999 0.00084000000000000003 0.001073 0.004019 0.11305800000000002 0.04318799999999999 0.016089000000000003 0 1
94 linear 0 15 0.51475300000000002 6.0507367061591397 1 110 0.19128500000000001 0.012442999999999999 0.27597599999999994 0.0054520000000000002 0.001405 0.0026540000000000001 0.010442999999999999 0.039975999999999998 0.020885000000000001 0 0.025735000000000001 0.00078100000000000001 0.00081599999999999999 0.00095699999999999995 0.0037189999999999996 0.13035300000000002 0.043847000000000004 0.016909999999999998 0 2
94 linear 0 23 0.50195599999999996 6.3708168268463163 1 110 0.19364600000000001 0.012286 0.26167799999999991 0.0053340000000000002 0.0011969999999999999 0.0026679999999999998 0.0098750000000000001 0.043087 0.020899000000000001 0 0.025398 0.000727 0.000834 0.00092400000000000002 0.0035739999999999999 0.12028799999999998 0.04252000000000003 0.016595999999999993 0 3
94 linear 1 0 0.43979499999999999 14.581816806490538 1 66 0.297039 0.010094000000000001 0.109111 0.00398 0.001044 0.0028739999999999998 0.011157 0.14431099999999999 0.022287000000000001 0 0.027553999999999999 0.00084000000000000003 0.00064500000000000007 0.0013359999999999999 0.0034160000000000002 0.053735999999999999 0.024159999999999997 0.011296000000000004 0 0
94 linear 1 7 0.34275899999999998 15.732741268015252 1 66 0.18060999999999999 0.0095449999999999997 0.12941200000000005 0.0037600000000000003 0.00095199999999999994 0.0028530000000000001 0.011154000000000001 0.029714999999999998 0.022422999999999998 0 0.028080999999999998 0.00087600000000000004 0.00058399999999999999 0.0010790000000000001 0.0033000000000000004 0.078757000000000035 0.021051999999999994 0.011295999999999997 0 1
94 linear 1 15 0.33589400000000003 16.708655197202578 1 66 0.18041199999999999 0.0097330000000000003 0.12336099999999997 0.0033049999999999998 0.00087000000000000011 0.0026120000000000002 0.010578000000000001 0.035074000000000001 0.021576000000000001 0 0.027328000000000002 0.00084400000000000002 0.0005889999999999999 0.0011180000000000001 0.0031289999999999998 0.073283999999999988 0.020700999999999983 0.011265000000000001 0 2
94 linear 1 23 0.36688500000000002 17.373803479257443 1 66 0.17422599999999999 0.010808999999999999 0.15803700000000001 0.0034009999999999995 0.001036 0.002447 0.010241 0.029961999999999999 0.021913999999999999 0 0.027521 0.00076499999999999995 0.00057999999999999989 0.0010690000000000001 0.003369 0.096083999999999989 0.023353000000000002 0.014586000000000007 0 3
94 linear 2 0 0.62959600000000004 9.699700262248216 1 96 0.32313399999999998 0.014038 0.25475199999999992 0.0057739999999999996 0.001634 0.003859 0.010351000000000001 0.16016900000000001 0.024015999999999999 0 0.026384000000000001 0.000776 0.00080600000000000008 0.0011850000000000001 0.00413 0.13841600000000004 0.037861999999999993 0.017832000000000015 0 0
94 linear 2 7 0.51363800000000004 10.251504066486662 1 112 0.20614299999999999 0.013745 0.25405199999999994 0.0080599999999999995 0.0014229999999999998 0.002794 0.011368 0.041658000000000001 0.024475 0 0.027237000000000001 0.00078899999999999999 0.00077400000000000006 0.0011180000000000001 0.0040029999999999996 0.14896299999999996 0.040888999999999981 0.016147000000000005 0 1
94 linear 2 15 0.47884900000000002 10.975604592398088 1 112 0.20064199999999999 0.012252000000000001 0.22921600000000014 0.0063689999999999997 0.0012930000000000001 0.0027409999999999999 0.011516999999999999 0.041506000000000001 0.024102999999999999 0 0.027695999999999998 0.00078600000000000002 0.00078100000000000001 0.0010070000000000001 0.0037129999999999997 0.13581199999999996 0.032735 0.015226999999999994 0 2
94 linear 2 23 0.47806900000000002 11.820792710835551 1 112 0.19143299999999999 0.011993999999999999 0.23828300000000008 0.0062240000000000004 0.0014730000000000004 0.002529 0.010114 0.039794000000000003 0.021078 0 0.026117000000000001 0.000785 0.00075699999999999997 0.001013 0.0037159999999999997 0.14609199999999997 0.032369999999999989 0.016539000000000005 0 3
94 linear 3 0 0.37758799999999998 7.5847990823813225 1 60 0.26256400000000002 0.0096589999999999992 0.082858999999999988 0.0039789999999999999 0.00090900000000000009 0.0025230000000000001 0.010133 0.11593199999999999 0.022213 0 0.027099999999999999 0.00080800000000000002 0.00060099999999999997 0.00117 0.0031939999999999998 0.047362000000000008 0.014685 0.0071430000000000044 0 0
94 linear 3 7 0.31462800000000002 7.9030752462254954 1 60 0.171709 0.0091179999999999994 0.11178500000000002 0.0036310000000000005 0.00076500000000000005 0.002637 0.010207000000000001 0.024760000000000001 0.021691999999999999 0 0.026779000000000001 0.00075199999999999996 0.00060400000000000004 0.001194 0.0031899999999999997 0.076449000000000017 0.014802000000000003 0.0071020000000000007 0 1
94 linear 3 15 0.328625 8.3072843839059747 1 60 0.17602000000000001 0.0095619999999999993 0.12121699999999999 0.0034590000000000003 0.00080499999999999994 0.0025349999999999999 0.0098279999999999999 0.032996999999999999 0.021087000000000002 0 0.027269000000000002 0.000776 0.00060099999999999997 0.0010790000000000001 0.0031340000000000005 0.086263999999999966 0.014426 0.0071190000000000029 0 2
94 linear 3 23 0.34545100000000001 8.764839705885846 1 75 0.16748199999999999 0.0092320000000000006 0.14114399999999999 0.0043709999999999999 0.00109 0.0025460000000000001 0.009953 0.025898999999999998 0.020853 0 0.027335999999999999 0.00080199999999999998 0.00065099999999999999 0.0011019999999999999 0.0031350000000000002 0.091177000000000036 0.020735999999999977 0.010695000000000001 0 3
94 linear 4 0 0.400839 1.8660549895791052 1 61 0.28724499999999997 0.0087019999999999997 0.079737999999999976 0.0041930000000000005 0.00093700000000000001 0.003039 0.011076000000000001 0.13555600000000001 0.022419999999999999 0 0.027238999999999999 0.00079199999999999995 0.00060499999999999996 0.0011460000000000001 0.003029 0.041188000000000016 0.017756000000000001 0.0072730000000000017 0 0
94 linear 4 7 0.30799300000000002 1.8145233441259354 1 61 0.18257499999999999 0.0084100000000000008 0.09240600000000003 0.0038670000000000002 0.00083900000000000001 0.0029260000000000002 0.010699 0.034158000000000001 0.021536 0 0.027489 0.00080900000000000004 0.00061600000000000001 0.001176 0.0032299999999999998 0.054484000000000005 0.017293999999999997 0.0072870000000000018 0 1
94 linear 4 15 0.30787100000000001 1.76433243170558 1 61 0.18163699999999999 0.0082990000000000008 0.093457999999999972 0.0037410000000000004 0.00080199999999999998 0.0027209999999999999 0.010539 0.035157000000000001 0.023095000000000001 0 0.027462 0.00072999999999999996 0.00062099999999999992 0.00096400000000000001 0.003091 0.055179000000000006 0.017734999999999994 0.0072680000000000019 0 2
94 linear 4 23 0.30613400000000002 1.7213453918485071 1 61 0.17633399999999999 0.0081700000000000002 0.097438999999999984 0.0035669999999999999 0.00082299999999999995 0.0025609999999999999 0.0099229999999999995 0.031961000000000003 0.022934 0 0.027338999999999999 0.00071000000000000002 0.00062200000000000005 0.0010300000000000001 0.0030120000000000004 0.059996999999999995 0.016845000000000002 0.0072470000000000026 0 3
94 uniform 0 0 0.52818900000000002 5.2955733950552011 1 103 0.30432799999999999 0.012775 0.177257 0.0056089999999999994 0.001523 0.002846 0.010616 0.147482 0.024036999999999999 0 0.026796 0.00076800000000000002 0.00090700000000000004 0.0010679999999999999 0.003934 0.11505199999999996 0.045531000000000044 0 0 0
94 uniform 0 7 0.41293600000000003 5.5560999591341158 1 102 0.19586300000000001 0.012874999999999999 0.17269899999999999 0.0049350000000000002 0.0012030000000000001 0.0027490000000000001 0.010383 0.040169000000000003 0.023935000000000001 0 0.026374999999999999 0.00083799999999999999 0.00082100000000000001 0.001036 0.0038790000000000001 0.11292100000000001 0.043236000000000017 0 0 1
94 uniform 0 15 0.42913499999999999 5.854392420409039 1 110 0.19111500000000001 0.012624 0.19120500000000012 0.0049220000000000002 0.0013649999999999999 0.0025760000000000002 0.0096319999999999999 0.040141999999999997 0.022529 0 0.026178 0.00079699999999999997 0.00085800000000000004 0.00095299999999999996 0.0035689999999999997 0.12963899999999998 0.043883000000000033 0 0 2
94 uniform 0 23 0.41886000000000001 6.1494507227009603 1 110 0.193192 0.012394000000000001 0.17983200000000005 0.0047080000000000004 0.0012270000000000002 0.0024840000000000001 0.0098359999999999993 0.043025000000000001 0.022502000000000001 0 0.025538999999999999 0.00074100000000000001 0.00086600000000000012 0.00095799999999999998 0.0035389999999999992 0.11982899999999999 0.042421999999999994 0 0 3
94 uniform 1 0 0.42692999999999998 15.081946719526973 1 74 0.30086200000000002 0.0101 0.088736999999999969 0.0044619999999999998 0.00095399999999999999 0.0028289999999999999 0.010810999999999999 0.14743000000000001 0.023691 0 0.027189999999999999 0.00082899999999999998 0.00063199999999999997 0.0013760000000000001 0.0034279999999999996 0.055253999999999998 0.021421999999999976 0 0 0
94 uniform 1 7 0.32431500000000002 16.075485866082367 1 66 0.18115500000000001 0.0095060000000000006 0.11097600000000002 0.0033439999999999998 0.00095599999999999993 0.002807 0.011028 0.029819999999999999 0.023834000000000001 0 0.027917000000000001 0.00083600000000000005 0.00058900000000000001 0.001121 0.0032749999999999997 0.078442999999999999 0.021176999999999994 0 0 1
94 uniform 1 15 0.31914700000000001 16.871614688283515 1 66 0.18213599999999999 0.0094889999999999992 0.10531799999999994 0.0031149999999999997 0.00085399999999999994 0.0024689999999999998 0.010737 0.035089000000000002 0.023172000000000002 0 0.027379000000000001 0.00078299999999999995 0.00059000000000000003 0.0010089999999999999 0.003153 0.07327800000000001 0.020773999999999994 0 0 2
94 uniform 1 23 0.31054799999999999 17.392129829046667 1 66 0.17910100000000001 0.0095680000000000001 0.10116700000000001 0.0029099999999999998 0.0010300000000000001 0.002317 0.010333 0.0332 0.023723999999999999 0 0.027479 0.000812 0.0005840000000000001 0.0010430000000000001 0.0031120000000000002 0.071373000000000006 0.018857999999999986 0 0 3
94 uniform 2 0 0.52510100000000004 9.9989461914073043 1 112 0.31620199999999998 0.012886999999999999 0.159112 0.0062059999999999997 0.0015440000000000002 0.0026870000000000002 0.010449 0.15878200000000001 0.021713 0 0.026436999999999999 0.00084099999999999995 0.00080399999999999992 0.001139 0.00379 0.10855699999999992 0.033020000000000015 0 0 0
94 uniform 2 7 0.442778 10.600250830341764 1 112 0.201492 0.012574 0.19185800000000006 0.0063559999999999997 0.001482 0.00266 0.010307 0.040280000000000003 0.021122999999999999 0 0.026594 0.00080099999999999995 0.00078600000000000013 0.0010939999999999999 0.0038139999999999997 0.14090399999999997 0.033450999999999995 0 0 1
94 uniform 2 15 0.43185299999999999 11.383768936795857 1 112 0.19645499999999999 0.0123 0.18682699999999999 0.0059190000000000006 0.001428 0.0027720000000000002 0.011023 0.040661000000000003 0.021902999999999999 0 0.028236000000000001 0.00080599999999999997 0.00078800000000000007 0.00099099999999999991 0.0037590000000000002 0.13642500000000002 0.032814999999999997 0 0 2
94 uniform 2 23 0.43815999999999999 12.291406802804612 1 112 0.19204399999999999 0.012097 0.19652599999999998 0.0055849999999999997 0.0013439999999999999 0.0025609999999999999 0.010515 0.039976999999999999 0.021146000000000002 0 0.025961000000000001 0.000834 0.000803 0.0010820000000000001 0.0037540000000000004 0.14648800000000001 0.032459999999999975 0 0 3
94 uniform 3 0 0.34371000000000002 7.6102175155009766 1 44 0.263318 0.0096259999999999991 0.055660999999999988 0.0022009999999999998 0.00068300000000000001 0.0025639999999999999 0.010338999999999999 0.115838 0.022138999999999999 0 0.027798 0.00082100000000000001 0.00061499999999999999 0.001196 0.003222 0.038694000000000006 0.010301000000000001 0 0 0
94 uniform 3 7 0.262243 7.9321372582231904 1 44 0.166045 0.0089580000000000007 0.072380999999999987 0.0021800000000000001 0.00056300000000000002 0.0025600000000000002 0.010361 0.024492 0.021392999999999999 0 0.026393 0.00079299999999999998 0.00061299999999999994 0.0010790000000000001 0.0031669999999999997 0.055626000000000002 0.010154000000000003 0 0 1
94 uniform 3 15 0.28927599999999998 8.3421650474575859 1 44 0.17541999999999999 0.013436999999999999 0.084883000000000014 0.0025040000000000001 0.00056000000000000006 0.0025820000000000001 0.010030000000000001 0.029350999999999999 0.021276 0 0.027559 0.00080000000000000004 0.00058500000000000002 0.0011640000000000001 0.0030629999999999998 0.068275999999999989 0.0098910000000000005 0 0 2
94 uniform 3 23 0.307257 8.8084104754088681 1 59 0.168071 0.0092010000000000008 0.10882700000000003 0.0032809999999999996 0.000852 0.0023180000000000002 0.010120000000000001 0.026048999999999999 0.021082 0 0.027685999999999999 0.00082700000000000004 0.000611 0.0010629999999999999 0.0030059999999999996 0.082293999999999992 0.016914000000000005 0 0 3
94 uniform 4 0 0.36063099999999998 1.8708434958210081 1 45 0.286084 0.0086840000000000007 0.047736000000000001 0.002787 0.000727 0.0030170000000000002 0.011253000000000001 0.13519200000000001 0.022141000000000001 0 0.02724 0.00077499999999999997 0.00060300000000000002 0.0011900000000000001 0.0031789999999999995 0.027922999999999996 0.013080000000000007 0 0 0
94 uniform 4 7 0.27121099999999998 1.8184714943385325 1 45 0.17918899999999999 0.0084019999999999997 0.065705000000000013 0.002722 0.00071500000000000003 0.0027269999999999998 0.010956 0.034195000000000003 0.021361999999999999 0 0.027296000000000001 0.00077200000000000001 0.00063199999999999997 0.001121 0.0030159999999999996 0.046564000000000008 0.012410000000000004 0 0 1
94 uniform 4 15 0.26723999999999998 1.7676216362949633 1 45 0.17902899999999999 0.0083590000000000001 0.062102000000000004 0.0025299999999999997 0.00066 0.0026029999999999998 0.010437999999999999 0.035032000000000001 0.021295999999999999 0 0.027355999999999998 0.00070299999999999996 0.00063499999999999993 0.001065 0.0030729999999999993 0.042597999999999997 0.012708000000000006 0 0 2
94 uniform 4 23 0.26759899999999998 1.7241771793186329 1 45 0.175507 0.0085380000000000005 0.064931000000000003 0.0026899999999999997 0.00071000000000000002 0.0025869999999999999 0.010184 0.031820000000000001 0.021159000000000001 0 0.027505000000000002 0.00076499999999999995 0.00061300000000000005 0.0009810000000000001 0.003088 0.045187000000000012 0.012729000000000001 0 0 3
95 linear 0 0 1.0303610000000001 1893.3702440111442 1 113 0.65524199999999999 0.010518 0.31784200000000018 0.009212999999999999 0.001268 0.0030270000000000002 0.012566000000000001 0.18446599999999999 0.110177 0 0.026429999999999999 0.00086799999999999996 0.22282199999999996 0.0011739999999999999 0.0039719999999999998 0.13981999999999997 0.060313000000000012 0.018272000000000014 0 0
95 linear 0 7 0.96748100000000004 1866.0660338455198 1 113 0.47859400000000002 0.010002 0.43444199999999972 0.0088019999999999991 0.001111 0.002813 0.011259 0.052956999999999997 0.089921000000000001 0 0.026110999999999999 0.00076499999999999995 0.20413000000000003 0.0011230000000000001 0.003921 0.26107999999999998 0.059128999999999973 0.017652999999999995 0 1
95 linear 0 15 0.94892500000000002 1834.0697874431112 1 113 0.46742299999999998 0.0095449999999999997 0.42819899999999994 0.0079500000000000005 0.001042 0.0026649999999999998 0.010279999999999999 0.051250999999999998 0.074596999999999997 0 0.025987 0.00082200000000000003 0.213282 0.0012179999999999999 0.0036589999999999999 0.25496099999999994 0.058873000000000057 0.017698000000000002 0 2
95 linear 0 23 0.83948400000000001 1801.3428753526139 1 89 0.472522 0.0094479999999999998 0.32465399999999994 0.0053249999999999999 0.0010600000000000002 0.0025829999999999998 0.010135 0.051130000000000002 0.095375000000000001 0 0.026128999999999999 0.00082799999999999996 0.199547 0.001049 0.0036239999999999996 0.19499700000000006 0.04197300000000001 0.011682 0 3
95 linear 1 0 0.76335600000000003 115.6437724333471 1 82 0.573017 0.012160000000000001 0.150147 0.0047879999999999997 0.0014319999999999999 0.0031280000000000001 0.011365999999999999 0.178343 0.12617400000000001 0 0.025666000000000001 0.000803 0.13677 0.001147 0.003494999999999999 0.06800500000000001 0.042199999999999981 0.0088910000000000013 0 0
95 linear 1 7 0.65540100000000001 117.70636253581812 1 82 0.38279400000000002 0.011879000000000001 0.23351499999999997 0.0044419999999999998 0.0012110000000000001 0.0028029999999999999 0.010388 0.051218 0.105641 0 0.024555 0.00081599999999999999 0.100966 0.0010790000000000001 0.0033510000000000002 0.15294399999999997 0.040461000000000018 0.0089220000000000011 0 1
95 linear 1 15 0.72037700000000005 117.6202558666528 1 82 0.42723699999999998 0.011679 0.25428299999999998 0.0043440000000000006 0.00108 0.0027569999999999999 0.0098849999999999997 0.051201000000000003 0.109809 0 0.025125000000000001 0.00078799999999999996 0.14272299999999999 0.001024 0.0032899999999999995 0.173545 0.041088000000000006 0.0089090000000000003 0 2
95 linear 1 23 0.69741299999999995 114.39206285084991 1 82 0.416682 0.011717999999999999 0.24206799999999995 0.0042189999999999997 0.0010799999999999998 0.0026120000000000002 0.010279999999999999 0.051270999999999997 0.127329 0 0.025478000000000001 0.00082700000000000004 0.113222 0.0010449999999999999 0.0032310000000000008 0.1615339999999999 0.040638999999999974 0.0088990000000000024 0 3
95 linear 2 0 0.76765600000000001 29.872465129697321 1 60 0.609097 0.0092350000000000002 0.12683599999999998 0.0040829999999999998 0.000834 0.002862 0.011226999999999999 0.18230399999999999 0.10632 0 0.026298999999999999 0.00090899999999999998 0.19556899999999999 0.001224 0.0032660000000000002 0.078063000000000007 0.020985000000000007 0.006661000000000002 0 0
95 linear 2 7 0.65435900000000002 29.865097706446228 1 60 0.43595 0.0090430000000000007 0.18718299999999999 0.003852 0.00068199999999999999 0.0026700000000000001 0.01018 0.051144000000000002 0.064527000000000001 0 0.025839999999999998 0.00073200000000000001 0.200352 0.0011919999999999999 0.0031879999999999999 0.13917500000000002 0.020579000000000007 0.0066390000000000008 0 1
95 linear 2 15 0.75250399999999995 31.9141591167167 1 75 0.45029200000000003 0.012617 0.26086900000000002 0.0052110000000000004 0.0010400000000000001 0.0024970000000000001 0.0097280000000000005 0.051137000000000002 0.075072 0 0.025604999999999999 0.00075799999999999999 0.19664100000000001 0.001067 0.003506 0.17433799999999991 0.025968999999999996 0.0066540000000000011 0 2
95 linear 2 23 0.72405299999999995 37.927244050496661 1 75 0.424064 0.015025 0.25728399999999996 0.0045599999999999998 0.00088899999999999992 0.002689 0.010397999999999999 0.051317000000000002 0.052835 0 0.025467 0.00084599999999999996 0.19574800000000001 0.001018 0.0033740000000000003 0.18385799999999999 0.025959999999999987 0.0074710000000000019 0 3
95 linear 3 0 0.58227799999999996 49.001420771880113 1 98 0.381326 0.014237 0.15055800000000003 0.0062729999999999991 0.0014010000000000001 0.0029250000000000001 0.010998000000000001 0.172044 0.073764999999999997 0 0.025804000000000001 0.00080800000000000002 0.0010030000000000002 0.00080900000000000004 0.0036329999999999999 0.065633000000000011 0.042059000000000006 0.010811999999999999 0 0
95 linear 3 7 0.59513099999999997 46.524421100898927 1 98 0.25571500000000003 0.013759 0.29029400000000011 0.0057790000000000003 0.001294 0.0026640000000000001 0.010125 0.048103 0.076105999999999993 0 0.025165 0.00079900000000000001 0.0010150000000000001 0.00071400000000000001 0.0034890000000000008 0.20710500000000004 0.04023000000000003 0.010793000000000001 0 1
95 linear 3 15 0.55586100000000005 44.219806922956799 1 90 0.22022 0.013648 0.28949499999999989 0.0050980000000000001 0.001088 0.0026389999999999999 0.01023 0.049598999999999997 0.041551999999999999 0 0.024369999999999999 0.00077200000000000001 0.0009859999999999999 0.00070100000000000002 0.0034799999999999996 0.21329899999999996 0.035959999999999999 0.0098600000000000076 0 2
95 linear 3 23 0.59190100000000001 42.297004509985804 1 90 0.26208500000000001 0.013856 0.28333500000000006 0.0050439999999999999 0.00123 0.0025170000000000001 0.0099509999999999998 0.050828999999999999 0.083170999999999995 0 0.024431999999999999 0.000718 0.0010120000000000001 0.00067500000000000004 0.0033189999999999999 0.20729700000000004 0.036223999999999999 0.0098489999999999966 0 3
95 linear 4 0 0.72091899999999998 225.48768448620896 1 53 0.57553900000000002 0.0069680000000000002 0.11580700000000003 0.003973 0.000794 0.0027430000000000002 0.010763 0.183112 0.074938000000000005 0 0.027071000000000001 0.00082899999999999998 0.18724199999999996 0.001374 0.0033819999999999996 0.065976999999999994 0.019408999999999999 0.0055939999999999974 0 0
95 linear 4 7 0.69985799999999998 227.50167069876142 1 53 0.45614700000000002 0.0077759999999999999 0.21396400000000002 0.0035720000000000001 0.00070299999999999996 0.002813 0.011068 0.052246000000000001 0.084696999999999995 0 0.026084 0.000776 0.19814599999999999 0.0012279999999999999 0.0035809999999999995 0.15597399999999997 0.025003000000000004 0.0056849999999999991 0 1
95 linear 4 15 0.71110200000000001 229.82688834849694 1 53 0.50335799999999997 0.006705 0.18037000000000003 0.0031059999999999998 0.00062599999999999993 0.0026029999999999998 0.010434000000000001 0.052329000000000001 0.13750599999999999 0 0.025951999999999999 0.00074399999999999998 0.19552000000000003 0.0010989999999999999 0.0034570000000000004 0.13393299999999997 0.017356000000000003 0.0055580000000000013 0 2
95 linear 4 23 0.71173900000000001 232.17652814303389 1 53 0.50518099999999999 0.0063940000000000004 0.17991299999999999 0.0030069999999999997 0.00062700000000000006 0.0023890000000000001 0.0090279999999999996 0.051075000000000002 0.12584600000000001 0 0.025676000000000001 0.00076800000000000002 0.21602799999999997 0.0010449999999999999 0.0030319999999999995 0.13265300000000002 0.017312000000000008 0.0053410000000000003 0 3
95 uniform 0 0 0.91142400000000001 1802.6121332468099 1 113 0.64052699999999996 0.010187 0.21672 0.0081349999999999999 0.001263 0.0022910000000000001 0.0089250000000000006 0.18290200000000001 0.106142 0 0.025798000000000001 0.00076099999999999996 0.22711500000000001 0.001142 0.0037339999999999995 0.13761599999999999 0.058939999999999972 0 0 0
95 uniform 0 7 0.85808099999999998 1777.2804424831681 1 113 0.46206399999999997 0.0099109999999999997 0.34250800000000031 0.0075840000000000005 0.0010250000000000001 0.0023679999999999999 0.0096100000000000005 0.051055999999999997 0.084520999999999999 0 0.025561 0.00070899999999999999 0.200958 0.0010870000000000001 0.0036229999999999999 0.26354600000000006 0.058932999999999985 0 0 1
95 uniform 0 15 0.848773 1747.7692410020375 1 113 0.461372 0.0096559999999999997 0.33562000000000014 0.0070410000000000004 0.00098999999999999999 0.0025070000000000001 0.010054 0.051186000000000002 0.074168999999999999 0 0.025961999999999999 0.00084000000000000003 0.20835100000000001 0.001139 0.0036340000000000001 0.25407699999999983 0.061287000000000015 0 0 2
95 uniform 0 23 0.87096600000000002 1717.7373462783012 1 121 0.46532499999999999 0.0095469999999999999 0.3490939999999999 0.0072649999999999998 0.001158 0.0023419999999999999 0.0095320000000000005 0.051173999999999997 0.096422999999999995 0 0.026013999999999999 0.00085999999999999998 0.19400400000000004 0.001011 0.0035899999999999994 0.26554600000000012 0.062298999999999993 0 0 3
95 uniform 1 0 0.71516500000000005 112.48280180701867 1 74 0.568268 0.012272 0.10927100000000003 0.0040630000000000006 0.0011200000000000001 0.0029190000000000002 0.011117999999999999 0.177837 0.12758900000000001 0 0.025668 0.00076000000000000004 0.13209599999999999 0.0011609999999999999 0.0035599999999999994 0.060982000000000029 0.03711600000000001 0 0 0
95 uniform 1 7 0.63584700000000005 115.30237374267212 1 82 0.39057599999999998 0.011879000000000001 0.20649099999999992 0.004241 0.001096 0.0028930000000000002 0.010657 0.051421000000000001 0.109241 0 0.024871000000000001 0.00083299999999999997 0.10072900000000001 0.0011850000000000001 0.0033010000000000001 0.15302000000000002 0.040749999999999988 0 0 1
95 uniform 1 15 0.69246700000000005 116.61413510432885 1 82 0.424738 0.011594 0.22924999999999995 0.0039689999999999994 0.0010170000000000001 0.0025539999999999998 0.0097859999999999996 0.051379000000000001 0.106451 0 0.025420000000000002 0.00078799999999999996 0.14236600000000002 0.001044 0.003248 0.17216199999999998 0.044309000000000008 0 0 2
95 uniform 1 23 0.66247 115.18958361205434 1 82 0.41042800000000002 0.011487000000000001 0.21418899999999999 0.0038410000000000002 0.00099600000000000014 0.0025200000000000001 0.0096229999999999996 0.051047000000000002 0.126781 0 0.024815 0.00079600000000000005 0.11019900000000001 0.001013 0.0031760000000000009 0.16103600000000001 0.040588000000000006 0 0 3
95 uniform 2 0 0.71329399999999998 29.872796551451152 1 44 0.61108200000000001 0.0092510000000000005 0.078031000000000003 0.0020080000000000002 0.00067699999999999998 0.0028879999999999999 0.010980999999999999 0.18596199999999999 0.104973 0 0.026404 0.00084099999999999995 0.19565699999999997 0.001397 0.0031900000000000001 0.055017000000000003 0.016332000000000003 0 0 0
95 uniform 2 7 0.58416400000000002 29.865428047743187 1 44 0.43459999999999999 0.0091260000000000004 0.12563200000000002 0.002186 0.00054500000000000002 0.0026059999999999998 0.01021 0.050999999999999997 0.062476999999999998 0 0.025862 0.00071699999999999997 0.20036000000000001 0.0012520000000000001 0.0031040000000000004 0.10304800000000001 0.015956999999999999 0 0 1
95 uniform 2 15 0.63983900000000005 32.979719351729692 1 59 0.44665100000000002 0.012369 0.16065800000000005 0.0026909999999999998 0.00082399999999999997 0.002624 0.010083999999999999 0.051146999999999998 0.073701000000000003 0 0.025409000000000001 0.00083199999999999995 0.19664300000000001 0.0011150000000000001 0.0032650000000000001 0.13066700000000003 0.021103999999999994 0 0 2
95 uniform 2 23 0.63096200000000002 41.197703013440595 1 59 0.42250900000000002 0.01189 0.17662100000000003 0.0026290000000000003 0.00072499999999999995 0.0022659999999999998 0.0092020000000000001 0.051062000000000003 0.052224 0 0.025610999999999998 0.00084999999999999995 0.19573000000000002 0.0010449999999999999 0.003215 0.14585000000000004 0.021392000000000005 0 0 3
95 uniform 3 0 0.52673499999999995 49.370232334204417 1 82 0.38190499999999999 0.014079 0.10268600000000004 0.0038710000000000003 0.0012270000000000002 0.0028180000000000002 0.010755000000000001 0.17224100000000001 0.073630000000000001 0 0.025739000000000001 0.00085400000000000005 0.00098399999999999985 0.00082100000000000001 0.0037960000000000003 0.056401 0.033962000000000013 0 0 0
95 uniform 3 7 0.49831999999999999 46.794528925363991 1 74 0.25095600000000001 0.013743999999999999 0.20775300000000002 0.0034849999999999998 0.00090200000000000002 0.0027460000000000002 0.0096830000000000006 0.048193 0.072444999999999996 0 0.025163000000000001 0.00082600000000000002 0.0010260000000000002 0.000736 0.003519 0.16764499999999999 0.028681999999999996 0 0 1
95 uniform 3 15 0.53049500000000005 44.420498785888036 1 74 0.22045799999999999 0.014813 0.26805699999999993 0.003519 0.00093300000000000002 0.0025460000000000001 0.0096589999999999992 0.049590000000000002 0.041897999999999998 0 0.024816000000000001 0.00077700000000000002 0.00098499999999999998 0.00063900000000000003 0.0037969999999999996 0.21197500000000008 0.038085999999999988 0 0 2
95 uniform 3 23 0.534833 42.452434530662551 1 74 0.26941199999999998 0.015147000000000001 0.22284299999999999 0.0042239999999999995 0.00088800000000000001 0.0024550000000000002 0.010626 0.051938999999999999 0.085250000000000006 0 0.024809000000000001 0.00070699999999999995 0.0010480000000000001 0.00075900000000000002 0.0038470000000000002 0.181501 0.029842000000000004 0 0 3
95 uniform 4 0 0.66561300000000001 225.82861649293019 1 37 0.58020700000000003 0.0068690000000000001 0.064318 0.0018549999999999999 0.00063200000000000007 0.0027750000000000001 0.012071999999999999 0.18451600000000001 0.077976000000000004 0 0.026438 0.00077300000000000003 0.19048299999999999 0.0013420000000000001 0.0032539999999999999 0.046107999999999989 0.012683000000000003 0 0 0
95 uniform 4 7 0.58377500000000004 227.85343572506551 1 37 0.44769300000000001 0.0066540000000000002 0.11558599999999999 0.0017650000000000001 0.00052599999999999999 0.0024520000000000002 0.0094330000000000004 0.051059 0.082983000000000001 0 0.025988000000000001 0.00074799999999999997 0.198133 0.0011770000000000001 0.0031870000000000002 0.096764999999999962 0.013246999999999998 0 0 1
95 uniform 4 15 0.623838 230.1913835969757 1 37 0.49894100000000002 0.0064549999999999998 0.10490499999999998 0.001774 0.00048200000000000006 0.0023110000000000001 0.0090939999999999997 0.051012000000000002 0.13859299999999999 0 0.025731 0.00079000000000000001 0.19525200000000001 0.001088 0.0030659999999999997 0.086701000000000014 0.012579000000000007 0 0 2
95 uniform 4 23 0.63369399999999998 232.55412461307606 1 37 0.50682700000000003 0.0063850000000000001 0.10691000000000001 0.001817 0.00048400000000000006 0.0022330000000000002 0.0091660000000000005 0.051043999999999999 0.123858 0 0.025596000000000001 0.00068800000000000003 0.21637199999999998 0.001049 0.0030250000000000003 0.088890999999999984 0.012441000000000002 0 0 3
96 linear 0 0 0.68974000000000002 4.9207883054924997 1 110 0.43951899999999999 0.012331 0.20155000000000009 0.0063220000000000004 0.001681 0.0029640000000000001 0.01052 0.18079799999999999 0.021728000000000001 0 0.026613000000000001 0.00088999999999999995 0.102849 0.001031 0.0038049999999999998 0.10581600000000001 0.053273000000000029 0.014915000000000001 0 0
96 linear 0 7 0.57184900000000005 4.9097984586537358 1 103 0.30704399999999998 0.012057999999999999 0.21898099999999993 0.0054299999999999991 0.0013190000000000001 0.0028960000000000001 0.010460000000000001 0.045761999999999997 0.021405 0 0.027185999999999998 0.00078799999999999996 0.10150099999999999 0.0010870000000000001 0.0039019999999999997 0.12765099999999999 0.051775999999999982 0.014024999999999994 0 1
96 linear 0 15 0.50884300000000005 4.8895892089339101 1 103 0.25878200000000001 0.011601 0.20549999999999996 0.0050829999999999998 0.0013289999999999999 0.0027430000000000002 0.010269 0.045089999999999998 0.022454999999999999 0 0.027493 0.00080599999999999997 0.060069000000000004 0.0010059999999999999 0.0038170000000000005 0.11574000000000002 0.049911999999999991 0.014050999999999999 0 2
96 linear 0 23 0.54571199999999997 4.8622272472092751 1 103 0.297184 0.011275 0.20448099999999989 0.0050740000000000004 0.0012619999999999999 0.0026610000000000002 0.0095700000000000004 0.047884000000000003 0.021999999999999999 0 0.026477000000000001 0.00073999999999999999 0.101786 0.00086300000000000005 0.0037330000000000006 0.11655 0.048482999999999998 0.014033999999999996 0 3
96 linear 1 0 0.69760299999999997 540.87327617536585 1 105 0.40367599999999998 0.0082950000000000003 0.25088700000000003 0.0070130000000000001 0.0014009999999999999 0.0029290000000000002 0.010847000000000001 0.13988200000000001 0.024555 0 0.027269999999999999 0.00091100000000000003 0.10650200000000001 0.00096900000000000003 0.0034129999999999998 0.123456 0.048063000000000008 0.02011799999999999 0 0
96 linear 1 7 0.78569100000000003 512.15000151883021 1 112 0.36805399999999999 0.007234 0.3750030000000002 0.0058590000000000005 0.0017099999999999999 0.0030539999999999999 0.011655 0.014416999999999999 0.023517 0 0.027057999999999999 0.00089999999999999998 0.20032700000000001 0.001152 0.0034519999999999993 0.23287199999999994 0.051366999999999975 0.020841999999999992 0 1
96 linear 1 15 0.78431399999999996 469.42135532637803 1 127 0.32452900000000001 0.0071939999999999999 0.41250999999999993 0.0069010000000000009 0.0016890000000000002 0.0028180000000000002 0.011263 0.014203 0.023216000000000001 0 0.027900000000000001 0.00090899999999999998 0.15801199999999999 0.00068999999999999997 0.0030010000000000002 0.25526199999999993 0.061068999999999977 0.024280999999999997 0 2
96 linear 1 23 0.73276300000000005 413.66140436088995 1 127 0.27933799999999998 0.0072119999999999997 0.40491399999999972 0.0076980000000000008 0.00175 0.0026559999999999999 0.010898 0.014347 0.024444 0 0.027314999999999999 0.00088099999999999995 0.11323899999999999 0.00071100000000000004 0.0030690000000000001 0.24787899999999996 0.060081000000000037 0.024476999999999995 0 3
96 linear 2 0 0.44990200000000002 1.4676861472717357 1 61 0.33469500000000002 0.0087760000000000008 0.080733000000000013 0.0046829999999999997 0.00097699999999999979 0.0031619999999999999 0.011749000000000001 0.181001 0.021315000000000001 0 0.027524 0.00082700000000000004 0.0031749999999999999 0.0013159999999999999 0.0035220000000000004 0.037483000000000002 0.022734999999999998 0.0072530000000000025 0 0
96 linear 2 7 0.32460800000000001 1.4740220337769414 1 61 0.18982399999999999 0.0084960000000000001 0.10168300000000002 0.0041369999999999992 0.00084000000000000014 0.0027539999999999999 0.010782999999999999 0.044097999999999998 0.020952999999999999 0 0.026206 0.00076400000000000003 0.0031180000000000001 0.001217 0.0031550000000000003 0.058387000000000001 0.022986999999999994 0.0072290000000000002 0 1
96 linear 2 15 0.39140999999999998 1.5992009934787867 1 90 0.19683999999999999 0.011584000000000001 0.15013300000000002 0.0055180000000000003 0.0012440000000000001 0.0025720000000000001 0.010298 0.043844000000000001 0.021387 0 0.026078 0.00085800000000000004 0.0042679999999999992 0.001134 0.0034679999999999997 0.079970999999999987 0.039809999999999984 0.010727999999999994 0 2
96 linear 2 23 0.40532099999999999 1.8265230992702608 1 98 0.200601 0.011148 0.15531599999999998 0.0057609999999999996 0.0013340000000000001 0.0025790000000000001 0.010449999999999999 0.043733000000000001 0.021346 0 0.027944 0.00078299999999999995 0.0044679999999999997 0.0010369999999999999 0.0035239999999999994 0.080639000000000016 0.041578999999999998 0.011635000000000001 0 3
96 linear 3 0 0.54677399999999998 186.19901397785307 1 59 0.41312599999999999 0.010003 0.10246299999999997 0.003418 0.00095799999999999987 0.0031289999999999998 0.011058999999999999 0.15595600000000001 0.0224 0 0.026738999999999999 0.00081599999999999999 0.10633699999999999 0.001206 0.003506 0.058272000000000004 0.019951999999999991 0.0087870000000000031 0 0
96 linear 3 7 0.55647899999999995 196.49922650797791 1 59 0.27330599999999999 0.0097249999999999993 0.25270699999999996 0.0031180000000000001 0.00084899999999999993 0.002807 0.010841 0.01857 0.021791000000000001 0 0.026695 0.00086600000000000002 0.104849 0.001248 0.0032649999999999997 0.20814900000000003 0.019848999999999992 0.0087790000000000021 0 1
96 linear 3 15 0.54517300000000002 208.80357415546626 1 59 0.26908799999999999 0.0096299999999999997 0.24535000000000001 0.0034030000000000002 0.00093199999999999999 0.0027079999999999999 0.010403000000000001 0.020294 0.021354999999999999 0 0.026338 0.00082799999999999996 0.10438399999999999 0.001181 0.0032359999999999997 0.19795400000000002 0.021525999999999993 0.009602999999999997 0 2
96 linear 3 23 0.65739800000000004 221.40171634524557 1 59 0.36076000000000003 0.0097450000000000002 0.26531399999999994 0.0033549999999999999 0.0010139999999999999 0.0025860000000000002 0.01022 0.022127999999999998 0.021177000000000001 0 0.026561999999999999 0.00079500000000000003 0.19136500000000001 0.001122 0.0031640000000000001 0.20870300000000006 0.024656000000000011 0.010799000000000003 0 3
96 linear 4 0 0.445044 1.5774108108721521 1 61 0.32966299999999998 0.010002 0.078952999999999982 0.004535 0.00091699999999999995 0.0027499999999999998 0.011669000000000001 0.17449899999999999 0.024809999999999999 0 0.026401000000000001 0.00080400000000000003 0.0027700000000000003 0.0011509999999999999 0.0035640000000000003 0.033842999999999998 0.023722999999999998 0.0074699999999999975 0 0
96 linear 4 7 0.33015099999999997 1.5698659889353284 1 61 0.190804 0.0084379999999999993 0.10542799999999999 0.0039199999999999999 0.00084699999999999999 0.002921 0.013998 0.037843000000000002 0.024367 0 0.026589000000000002 0.00078600000000000002 0.0026080000000000001 0.001103 0.0034540000000000005 0.061952999999999994 0.021773000000000004 0.0075389999999999945 0 1
96 linear 4 15 0.318795 1.5614863014927514 1 61 0.18310499999999999 0.0084309999999999993 0.10247000000000003 0.0037999999999999996 0.00077000000000000007 0.0025860000000000002 0.010898 0.037990000000000003 0.024070999999999999 0 0.026082000000000001 0.00076499999999999995 0.0026329999999999999 0.0010330000000000001 0.0034109999999999995 0.058407000000000008 0.023104999999999994 0.007432999999999996 0 2
96 linear 4 23 0.31696200000000002 1.5533855206028311 1 61 0.182835 0.008149 0.10222500000000001 0.0035949999999999997 0.00076000000000000004 0.0024099999999999998 0.010049000000000001 0.037594000000000002 0.023814999999999999 0 0.027389 0.00070299999999999996 0.0026229999999999999 0.00098799999999999995 0.0029340000000000004 0.059629000000000008 0.022223999999999997 0.0072629999999999986 0 3
96 uniform 0 0 0.66615800000000003 4.822553650539013 1 110 0.44048199999999998 0.012402 0.17733600000000005 0.0059120000000000006 0.0015899999999999998 0.002843 0.013990000000000001 0.18085699999999999 0.021513000000000001 0 0.026471000000000001 0.000754 0.10285799999999999 0.0010679999999999999 0.0038400000000000005 0.10655799999999993 0.053428000000000059 0 0 0
96 uniform 0 7 0.54596599999999995 4.8085607336879592 1 103 0.30175000000000002 0.012064999999999999 0.198824 0.0050100000000000006 0.0013169999999999998 0.0027469999999999999 0.010668 0.045692000000000003 0.021423999999999999 0 0.027806999999999998 0.00081800000000000004 0.10252700000000001 0.00099700000000000006 0.0038250000000000003 0.13087199999999991 0.051715999999999977 0 0 1
96 uniform 0 15 0.48104799999999998 4.7878094550815504 1 103 0.25478800000000001 0.011785 0.18195199999999997 0.0046480000000000002 0.0012649999999999998 0.0025709999999999999 0.01018 0.045106 0.020871000000000001 0 0.02665 0.00075600000000000005 0.059931999999999999 0.00092199999999999997 0.0036590000000000004 0.11579800000000001 0.049941999999999993 0 0 2
96 uniform 0 23 0.52208100000000002 4.7627809521283089 1 103 0.29672100000000001 0.011487000000000001 0.18160000000000009 0.0045329999999999988 0.0011380000000000001 0.0025240000000000002 0.0094330000000000004 0.044288000000000001 0.020840000000000001 0 0.026365 0.00073099999999999999 0.10169299999999999 0.00086700000000000004 0.0034880000000000002 0.11710400000000004 0.048339000000000007 0 0 3
96 uniform 1 0 0.63290299999999999 520.97380012103179 1 105 0.40311399999999997 0.0082699999999999996 0.18808599999999992 0.0063429999999999997 0.0013200000000000002 0.0029580000000000001 0.011030999999999999 0.14033100000000001 0.023019000000000001 0 0.027199000000000001 0.000861 0.106707 0.00097499999999999996 0.0037129999999999997 0.12143400000000006 0.047817999999999951 0 0 0
96 uniform 1 7 0.70683399999999996 500.66839801829849 1 104 0.37309999999999999 0.0072570000000000004 0.29484599999999994 0.0048559999999999992 0.0014780000000000001 0.002921 0.011534000000000001 0.014345 0.024341000000000002 0 0.027373000000000001 0.00096299999999999999 0.200376 0.0010839999999999999 0.0033699999999999997 0.22877200000000003 0.047360999999999973 0 0 1
96 uniform 1 15 0.712843 468.97517576648426 1 127 0.32566699999999998 0.0071079999999999997 0.34159399999999995 0.006134999999999999 0.0015899999999999998 0.0026849999999999999 0.011145 0.014252000000000001 0.024177000000000001 0 0.028441999999999999 0.000892 0.157946 0.00076499999999999995 0.0030259999999999996 0.25805000000000011 0.060870999999999981 0 0 2
96 uniform 1 23 0.63900999999999997 424.112859583344 1 119 0.27729700000000002 0.007038 0.31983200000000001 0.0051809999999999998 0.001423 0.0026879999999999999 0.011072 0.014223 0.025364999999999999 0 0.027816 0.00094899999999999997 0.110611 0.00066200000000000005 0.0029500000000000004 0.24198199999999992 0.056362999999999962 0 0 3
96 uniform 2 0 0.41641499999999998 1.4682031100407817 1 45 0.34049200000000002 0.0086230000000000005 0.048405000000000017 0.0028679999999999999 0.00079000000000000012 0.0029510000000000001 0.016399 0.18065400000000001 0.023167 0 0.027740000000000001 0.00086799999999999996 0.0030989999999999998 0.001212 0.0034360000000000003 0.026147 0.015489999999999999 0 0 0
96 uniform 2 7 0.28931200000000001 1.474558891598889 1 45 0.19122600000000001 0.0084019999999999997 0.071990999999999986 0.002457 0.00065300000000000004 0.0028500000000000001 0.011183999999999999 0.044116000000000002 0.023387000000000002 0 0.026190999999999999 0.00073899999999999997 0.0030339999999999998 0.0011429999999999999 0.0030950000000000001 0.048590999999999981 0.016598000000000002 0 0 1
96 uniform 2 15 0.33261499999999999 1.6428891938351726 1 66 0.19709599999999999 0.011311 0.10104099999999998 0.0032919999999999998 0.001039 0.002545 0.0099319999999999999 0.043854999999999998 0.022716 0 0.026395999999999999 0.00076099999999999996 0.0043179999999999998 0.0011000000000000001 0.0033959999999999997 0.063670000000000004 0.027441000000000007 0 0 2
96 uniform 2 23 0.33421499999999998 1.9064456491995627 1 74 0.19578999999999999 0.011106 0.10198299999999999 0.0037200000000000002 0.0011119999999999999 0.0025270000000000002 0.0098510000000000004 0.043539000000000001 0.022532 0 0.027033000000000001 0.00071699999999999997 0.0044180000000000001 0.0010349999999999999 0.0032230000000000002 0.059874000000000004 0.03095500000000001 0 0 3
96 uniform 3 0 0.55300300000000002 187.30691110366479 1 75 0.41448600000000002 0.0098720000000000006 0.10098099999999996 0.0047379999999999992 0.0010560000000000001 0.0029659999999999999 0.01064 0.156032 0.023599999999999999 0 0.027054999999999999 0.00086799999999999996 0.106838 0.0011739999999999999 0.0035159999999999996 0.065118999999999982 0.023887999999999993 0 0 0
96 uniform 3 7 0.54144199999999998 197.79887442650858 1 59 0.27397700000000003 0.0097099999999999999 0.23633699999999996 0.0032269999999999998 0.000843 0.0027409999999999999 0.010788000000000001 0.022043 0.021668 0 0.026497 0.00079299999999999998 0.10480600000000001 0.0011709999999999999 0.0033279999999999998 0.20682400000000001 0.019782999999999985 0 0 1
96 uniform 3 15 0.53309300000000004 210.39027173875479 1 59 0.27129199999999998 0.0096600000000000002 0.23117199999999999 0.0031530000000000004 0.000852 0.0026319999999999998 0.010942 0.020369999999999999 0.021874000000000001 0 0.027030999999999999 0.00089099999999999997 0.103924 0.001116 0.0031729999999999996 0.19920699999999991 0.021618999999999992 0 0 2
96 uniform 3 23 0.61423000000000005 223.37766867041438 1 59 0.35807699999999998 0.0097959999999999992 0.22583099999999995 0.0029520000000000002 0.00097900000000000005 0.0025769999999999999 0.010628 0.022121999999999999 0.021153999999999999 0 0.027352999999999999 0.00079500000000000003 0.19120999999999999 0.0010560000000000001 0.0030399999999999993 0.19466499999999998 0.020895999999999984 0 0 3
96 uniform 4 0 0.39702300000000001 1.5793907339601791 1 45 0.32573099999999999 0.0086320000000000008 0.044686000000000003 0.0025999999999999999 0.00073799999999999994 0.0029139999999999999 0.010928999999999999 0.17332 0.021578 0 0.026870000000000002 0.00079600000000000005 0.002885 0.0011230000000000001 0.0033309999999999998 0.022811000000000001 0.015062999999999997 0 0 0
96 uniform 4 7 0.26961299999999999 1.5717681444261353 1 45 0.17957100000000001 0.0083479999999999995 0.063900999999999999 0.0025409999999999999 0.00066899999999999989 0.002679 0.0099839999999999998 0.036731 0.021076000000000001 0 0.026280000000000001 0.00082899999999999998 0.0027159999999999997 0.001072 0.0032359999999999997 0.042502000000000005 0.014601999999999997 0 0 1
96 uniform 4 15 0.26939200000000002 1.5633016250786995 1 45 0.17987500000000001 0.0080389999999999993 0.063723000000000016 0.0024660000000000003 0.00060599999999999998 0.0026329999999999999 0.0096690000000000005 0.036991999999999997 0.020954 0 0.026627999999999999 0.00082899999999999998 0.0027309999999999999 0.001018 0.003019 0.041318000000000001 0.015643000000000001 0 0 2
96 uniform 4 23 0.26917999999999997 1.5551164963191222 1 45 0.17713799999999999 0.0080829999999999999 0.066730000000000012 0.0022450000000000005 0.00057299999999999994 0.002653 0.0097979999999999994 0.036135 0.020760000000000001 0 0.026433999999999999 0.00080199999999999998 0.0026029999999999998 0.00096299999999999999 0.0030530000000000002 0.044527999999999998 0.015459000000000002 0 0 3
97 linear 0 0 0.54185899999999998 2.7235779149644124 1 97 0.30569000000000002 0.012860999999999999 0.18653100000000009 0.0067269999999999995 0.0014680000000000001 0.0029849999999999998 0.011617000000000001 0.1479 0.022190999999999999 0 0.027172999999999999 0.00081300000000000003 0.00084099999999999995 0.0011249999999999999 0.0034779999999999993 0.073744999999999977 0.040932000000000017 0.015771000000000004 0 0
97 linear 0 7 0.454428 2.7192535506293116 1 97 0.18656600000000001 0.012635 0.21917900000000007 0.0064589999999999995 0.0011440000000000001 0.0027620000000000001 0.010763999999999999 0.033151 0.021683000000000001 0 0.027216000000000001 0.00091500000000000001 0.00087800000000000009 0.001029 0.0035409999999999999 0.105306 0.04253899999999998 0.015752999999999996 0 1
97 linear 0 15 0.49824800000000002 2.6899642723304455 1 105 0.20082 0.013519 0.24491400000000002 0.0062909999999999997 0.0013669999999999999 0.002862 0.011688 0.043589000000000003 0.024309999999999998 0 0.026960000000000001 0.00079000000000000001 0.00079100000000000004 0.0010039999999999999 0.003673 0.12230999999999999 0.046082000000000012 0.017308999999999998 0 2
97 linear 0 23 0.47642299999999999 2.6321492967434246 1 105 0.191464 0.013651999999999999 0.23239699999999985 0.0061770000000000002 0.0013649999999999999 0.0027209999999999999 0.011372999999999999 0.034450000000000001 0.024347000000000001 0 0.026415999999999999 0.00084599999999999996 0.00080199999999999987 0.001044 0.0034770000000000001 0.10972700000000003 0.044739000000000001 0.017128000000000008 0 3
97 linear 1 0 0.48307699999999998 2.239441326738028 1 99 0.30011100000000002 0.0094310000000000001 0.13947399999999999 0.0060600000000000003 0.0014469999999999999 0.0026340000000000001 0.011056 0.147731 0.025000000000000001 0 0.028067999999999999 0.000803 0.00062799999999999998 0.0011789999999999999 0.0035209999999999998 0.063500000000000015 0.036200999999999962 0.012295000000000002 0 0
97 linear 1 7 0.41846 2.3999653141601858 1 106 0.17902299999999999 0.009358 0.19447399999999998 0.0062289999999999993 0.0013829999999999997 0.002539 0.010167000000000001 0.038011999999999997 0.021291000000000001 0 0.026218000000000002 0.00086200000000000003 0.00057899999999999998 0.001114 0.0031719999999999999 0.10220300000000003 0.036287000000000007 0.014095000000000002 0 1
97 linear 1 15 0.42131099999999999 2.5617410055318621 1 106 0.185946 0.0092800000000000001 0.19032599999999997 0.0059109999999999996 0.0014849999999999998 0.0025309999999999998 0.010246 0.036621000000000001 0.021592 0 0.026280000000000001 0.00079699999999999997 0.00058999999999999992 0.0011850000000000001 0.0032949999999999998 0.09629699999999998 0.036272999999999993 0.014300000000000004 0 2
97 linear 1 23 0.43951899999999999 2.7017567064414245 1 97 0.186721 0.012585000000000001 0.20495499999999992 0.0056919999999999991 0.001439 0.0024520000000000002 0.010101000000000001 0.035823000000000001 0.021499999999999998 0 0.026845999999999998 0.00080699999999999999 0.00081500000000000008 0.0010449999999999999 0.0034770000000000001 0.10568000000000001 0.035501999999999999 0.014420999999999995 0 3
97 linear 2 0 0.41209299999999999 4.42465593710088 1 60 0.30771900000000002 0.0087679999999999998 0.073634000000000019 0.0034000000000000002 0.00097800000000000014 0.0030430000000000001 0.011414000000000001 0.152202 0.021923999999999999 0 0.027612999999999999 0.000825 0.00060299999999999991 0.0012049999999999999 0.0034230000000000003 0.035281000000000014 0.017818000000000007 0.0071479999999999998 0 0
97 linear 2 7 0.30939 4.419566456517809 1 67 0.18590499999999999 0.0089929999999999993 0.09396000000000003 0.0038799999999999998 0.00089999999999999998 0.0029889999999999999 0.010562999999999999 0.040332 0.021149999999999999 0 0.026827 0.00079600000000000005 0.00060800000000000003 0.0010640000000000001 0.0033150000000000007 0.050561999999999996 0.020759000000000003 0.0079600000000000018 0 1
97 linear 2 15 0.28720000000000001 4.416463002726668 1 59 0.18822800000000001 0.0086599999999999993 0.072654000000000038 0.0027899999999999999 0.00084099999999999995 0.002787 0.011086 0.040402 0.021350000000000001 0 0.026709 0.00088500000000000004 0.00062 0.001147 0.0033810000000000003 0.036377000000000007 0.016249999999999997 0.007084 0 2
97 linear 2 23 0.28992699999999999 4.4165149011095481 1 59 0.18579000000000001 0.0082850000000000007 0.078621000000000024 0.0026909999999999998 0.00071900000000000002 0.00263 0.010198 0.040100999999999998 0.021158 0 0.026189 0.00087399999999999999 0.00061900000000000008 0.0011000000000000001 0.0032090000000000005 0.040036000000000002 0.018393000000000003 0.0070060000000000053 0 3
97 linear 3 0 0.36791000000000001 5.6050242707939777 1 68 0.24060100000000001 0.009129 0.089958999999999997 0.0047810000000000005 0.00095999999999999992 0.0027260000000000001 0.010826000000000001 0.094917000000000001 0.02162 0 0.026617999999999999 0.00084000000000000003 0.00059400000000000002 0.001328 0.0032819999999999998 0.041394000000000007 0.021981000000000011 0.0098649999999999988 0 0
97 linear 3 7 0.32013799999999998 5.7570014071532585 1 68 0.151255 0.0089359999999999995 0.13238 0.0045409999999999999 0.000892 0.0026419999999999998 0.010253 0.0080459999999999993 0.023052 0 0.025985999999999999 0.00080500000000000005 0.00061799999999999995 0.0010610000000000001 0.0031190000000000002 0.083523999999999973 0.022234999999999991 0.0098739999999999991 0 1
97 linear 3 15 0.28341300000000003 5.9647373202511611 1 53 0.159279 0.0090010000000000003 0.088693000000000022 0.0038929999999999998 0.00082399999999999997 0.0024759999999999999 0.010314 0.014369 0.023924000000000001 0 0.027029000000000001 0.00082399999999999997 0.00067199999999999996 0.0011019999999999999 0.0031719999999999995 0.055112000000000001 0.015560999999999993 0.0062960000000000012 0 2
97 linear 3 23 0.28574899999999998 6.2331075405407388 1 53 0.15053 0.0085059999999999997 0.10487200000000001 0.0034719999999999998 0.00075599999999999994 0.0026849999999999999 0.0098670000000000008 0.0088839999999999995 0.023955000000000001 0 0.026258 0.00073099999999999999 0.00059699999999999998 0.00099700000000000006 0.0029920000000000003 0.071738999999999997 0.015123000000000001 0.0062950000000000029 0 3
97 linear 4 0 0.380305 1.7590627971725612 1 61 0.27011200000000002 0.0086219999999999995 0.076814000000000021 0.0039310000000000005 0.00091599999999999993 0.002849 0.011318 0.116914 0.024455999999999999 0 0.026870999999999999 0.00085300000000000003 0.00061499999999999999 0.0012340000000000001 0.0031319999999999998 0.037066000000000002 0.019264999999999994 0.0072350000000000018 0 0
97 linear 4 7 0.334596 1.7667556636888664 1 61 0.17535999999999999 0.0083260000000000001 0.12638099999999999 0.0039919999999999999 0.00089700000000000001 0.002575 0.010829 0.026339000000000001 0.022728999999999999 0 0.029242000000000001 0.00083000000000000001 0.00059199999999999997 0.0010510000000000001 0.0031110000000000001 0.084387999999999991 0.019796000000000001 0.007263000000000003 0 1
97 linear 4 15 0.31584099999999998 1.7764721885256929 1 61 0.17816100000000001 0.0085380000000000005 0.10367900000000004 0.0044429999999999999 0.00082799999999999996 0.002614 0.01023 0.029701000000000002 0.022783000000000001 0 0.029093999999999998 0.00081599999999999999 0.00062099999999999992 0.0010219999999999999 0.0032299999999999998 0.062817000000000012 0.02019099999999999 0.0072530000000000008 0 2
97 linear 4 23 0.31890099999999999 1.7873677590775914 1 61 0.170955 0.0083400000000000002 0.11514900000000002 0.0039500000000000004 0.00083699999999999996 0.0028319999999999999 0.010061 0.030786000000000001 0.021208999999999999 0 0.025668 0.00077399999999999995 0.00061100000000000011 0.0010809999999999999 0.0030649999999999996 0.074493000000000018 0.020110999999999993 0.0072380000000000005 0 3
97 uniform 0 0 0.45339200000000002 2.6803434191723561 1 81 0.29759000000000002 0.012833000000000001 0.11410999999999995 0.004457 0.0013059999999999999 0.002496 0.010459 0.14336199999999999 0.021958999999999999 0 0.030166999999999999 0.00078700000000000005 0.00080500000000000005 0.0010629999999999999 0.0035119999999999999 0.064509000000000025 0.036637999999999976 0 0 0
97 uniform 0 7 0.35717100000000002 2.6844434287854413 1 81 0.181029 0.012193000000000001 0.13641300000000003 0.0039039999999999999 0.0011489999999999998 0.002408 0.0098630000000000002 0.033208000000000001 0.021434000000000002 0 0.026464000000000001 0.00082600000000000002 0.00080100000000000006 0.00095399999999999999 0.0034640000000000001 0.085642000000000024 0.037931999999999994 0 0 1
97 uniform 0 15 0.38211000000000001 2.6710765844384268 1 89 0.184806 0.011873999999999999 0.15490399999999999 0.004259999999999999 0.0011559999999999999 0.0023509999999999998 0.0097190000000000002 0.038483999999999997 0.020764000000000001 0 0.026284999999999999 0.00077499999999999997 0.00077100000000000009 0.00087200000000000005 0.0033229999999999996 0.10094399999999998 0.039858999999999992 0 0 2
97 uniform 0 23 0.36723099999999997 2.6353370961043825 1 89 0.18085499999999999 0.012529 0.14305699999999999 0.0045520000000000005 0.001225 0.002336 0.0092870000000000001 0.033069000000000001 0.020976000000000002 0 0.025828 0.00078100000000000001 0.00078399999999999997 0.00092199999999999997 0.0032859999999999999 0.090272000000000047 0.038764000000000014 0 0 3
97 uniform 1 0 0.40948400000000001 2.2916978645117716 1 75 0.28828900000000002 0.0091090000000000008 0.087373000000000006 0.0040270000000000002 0.0010990000000000002 0.0025490000000000001 0.010784999999999999 0.14300499999999999 0.021826000000000002 0 0.026605 0.00078299999999999995 0.00064199999999999999 0.001111 0.0031750000000000003 0.050242999999999975 0.025885000000000019 0 0 0
97 uniform 1 7 0.34672700000000001 2.4365806562811558 1 90 0.180614 0.011637 0.125582 0.0046099999999999995 0.0012619999999999999 0.0025010000000000002 0.0095289999999999993 0.038212000000000003 0.022748000000000001 0 0.026995000000000002 0.00083299999999999997 0.00058600000000000004 0.0010529999999999999 0.0031930000000000001 0.080761000000000013 0.031279000000000001 0 0 1
97 uniform 1 15 0.33709 2.5742208144740215 1 90 0.179011 0.0089650000000000007 0.12080699999999998 0.0042139999999999999 0.0012390000000000001 0.002369 0.0096460000000000001 0.036683 0.022831000000000001 0 0.026259000000000001 0.00071500000000000003 0.00058200000000000005 0.001016 0.0030859999999999998 0.076452999999999993 0.030828000000000005 0 0 2
97 uniform 1 23 0.34482499999999999 2.6891978837413624 1 73 0.18437500000000001 0.012272 0.12295799999999997 0.003287 0.001072 0.0023830000000000001 0.0094420000000000007 0.035604999999999998 0.022997 0 0.026672999999999999 0.00078600000000000002 0.00079499999999999992 0.001023 0.0034159999999999998 0.083975999999999981 0.027531000000000007 0 0 3
97 uniform 2 0 0.38214500000000001 4.4390441170285504 1 44 0.310336 0.0088079999999999999 0.047410000000000022 0.0024760000000000003 0.00070100000000000002 0.0029650000000000002 0.011058999999999999 0.15693299999999999 0.023643999999999998 0 0.027480999999999998 0.00079000000000000001 0.00059600000000000007 0.0012650000000000001 0.0033169999999999996 0.028411000000000006 0.012383000000000003 0 0 0
97 uniform 2 7 0.300786 4.4329737385945291 1 67 0.18967700000000001 0.0087250000000000001 0.081882000000000038 0.0036620000000000003 0.00084199999999999998 0.002892 0.011089999999999999 0.040663999999999999 0.023045 0 0.026582999999999999 0.00078600000000000002 0.000611 0.001196 0.0032499999999999999 0.050984999999999996 0.020867999999999987 0 0 1
97 uniform 2 15 0.28275800000000001 4.4287914412024465 1 67 0.185725 0.0085199999999999998 0.068808999999999995 0.003326 0.00081800000000000004 0.00282 0.010578000000000001 0.040238000000000003 0.023005000000000001 0 0.026367999999999999 0.00081800000000000004 0.00059900000000000003 0.0011000000000000001 0.0032599999999999994 0.039912000000000003 0.018894999999999981 0 0 2
97 uniform 2 23 0.27034399999999997 4.4278677716075423 1 51 0.18956300000000001 0.0083619999999999996 0.058076999999999997 0.0018929999999999999 0.00059299999999999999 0.0024329999999999998 0.0098019999999999999 0.040046999999999999 0.023692999999999999 0 0.025614000000000001 0.00083100000000000003 0.00061299999999999994 0.0010510000000000001 0.0030430000000000001 0.036012999999999996 0.014377999999999995 0 0 3
97 uniform 3 0 0.33158500000000002 5.6194673839170806 1 52 0.242565 0.0091579999999999995 0.058962999999999988 0.0030590000000000001 0.000767 0.0028140000000000001 0.010643 0.095107999999999998 0.024257000000000001 0 0.026887000000000001 0.00074600000000000003 0.00060599999999999998 0.0011249999999999999 0.0033340000000000002 0.033256999999999988 0.017161999999999997 0 0 0
97 uniform 3 7 0.28180100000000002 5.7755224097676292 1 52 0.15492700000000001 0.0089669999999999993 0.096922999999999981 0.0029840000000000001 0.00075500000000000003 0.0025739999999999999 0.010281 0.0078300000000000002 0.023774 0 0.026714000000000002 0.00080699999999999999 0.00061899999999999998 0.0012509999999999999 0.0033290000000000004 0.07026700000000001 0.018073999999999976 0 0 1
97 uniform 3 15 0.238646 5.9907259308515819 1 37 0.157809 0.0088870000000000008 0.057198999999999986 0.0020169999999999997 0.00052099999999999998 0.0027680000000000001 0.010272999999999999 0.014441000000000001 0.023674000000000001 0 0.026603000000000002 0.00080900000000000004 0.00062500000000000001 0.001129 0.0031800000000000005 0.037704999999999995 0.013930999999999999 0 0 2
97 uniform 3 23 0.23491300000000001 6.2733770342434507 1 37 0.15101600000000001 0.0083040000000000006 0.061016000000000008 0.0019100000000000002 0.00049700000000000005 0.0024949999999999998 0.0098069999999999997 0.0092860000000000009 0.022780000000000002 0 0.028437 0.00071900000000000002 0.000629 0.0010039999999999999 0.0030999999999999999 0.045251 0.010215000000000002 0 0 3
97 uniform 4 0 0.34253299999999998 1.7598155967649867 1 45 0.26706099999999999 0.0084250000000000002 0.049249999999999995 0.0024200000000000003 0.00072599999999999987 0.002882 0.011152 0.116787 0.021777000000000001 0 0.026769999999999999 0.00086799999999999996 0.00063200000000000007 0.00117 0.0032060000000000001 0.028764999999999999 0.01374899999999999 0 0 0
97 uniform 4 7 0.27873700000000001 1.7676085865947606 1 45 0.17178599999999999 0.0082430000000000003 0.081249000000000002 0.0024259999999999998 0.00065800000000000006 0.0027230000000000002 0.010737999999999999 0.026303 0.021288000000000001 0 0.02681 0.00084400000000000002 0.00059400000000000002 0.001122 0.0031199999999999995 0.060214999999999991 0.014336000000000003 0 0 1
97 uniform 4 15 0.26629900000000001 1.7774685699095565 1 45 0.17684900000000001 0.0084670000000000006 0.062782000000000004 0.002562 0.00070300000000000007 0.0025829999999999998 0.0099349999999999994 0.029680000000000002 0.021333999999999999 0 0.02937 0.00085400000000000005 0.00062500000000000001 0.001054 0.0031129999999999994 0.041430999999999989 0.014603 0 0 2
97 uniform 4 23 0.27383000000000002 1.7885509202923633 1 45 0.170769 0.0083000000000000001 0.077236999999999986 0.002356 0.00067400000000000001 0.0026710000000000002 0.0099769999999999998 0.030894999999999999 0.021073000000000001 0 0.026505999999999998 0.00076199999999999998 0.00057899999999999987 0.00099799999999999997 0.0030330000000000001 0.055440000000000003 0.015061999999999999 0 0 3
98 linear 0 0 0.89515800000000001 4594.2226401816588 1 127 0.56477100000000002 0.013089 0.27582000000000012 0.0093880000000000005 0.0014959999999999999 0.0028540000000000002 0.010843 0.17945800000000001 0.022336000000000002 0 0.026435 0.00089300000000000002 0.22667299999999999 0.001129 0.0037420000000000001 0.1408120000000001 0.06381400000000001 0.023515000000000001 0 0
98 linear 0 7 0.936137 4517.0417308340684 1 127 0.38446599999999997 0.013258000000000001 0.49631100000000006 0.0080339999999999995 0.001042 0.0028170000000000001 0.011294 0.037089999999999998 0.024035000000000001 0 0.027824000000000002 0.00090799999999999995 0.18794 0.00090300000000000005 0.0033540000000000002 0.36096299999999992 0.062682999999999961 0.023387999999999989 0 1
98 linear 0 15 0.92968600000000001 4346.7505571206066 1 127 0.37959700000000002 0.013065999999999999 0.49819000000000008 0.0075199999999999998 0.00134 0.0025669999999999998 0.010652 0.036908000000000003 0.023074999999999998 0 0.026533999999999999 0.00082799999999999996 0.188805 0.00083100000000000003 0.0032379999999999996 0.36249399999999993 0.062667999999999988 0.023442999999999978 0 2
98 linear 0 23 0.86627500000000002 4091.465303865808 1 127 0.33807599999999999 0.012269 0.4774230000000001 0.0074189999999999994 0.0011670000000000001 0.0025079999999999998 0.010331 0.033141999999999998 0.023852999999999999 0 0.026870999999999999 0.00081700000000000002 0.15277799999999997 0.00077700000000000002 0.0031950000000000004 0.33855999999999997 0.064095999999999986 0.02334799999999998 0 3
98 linear 1 0 0.67507499999999998 12.556962325446904 1 98 0.48118300000000003 0.011558000000000001 0.14596299999999995 0.0067419999999999997 0.0017409999999999999 0.0029589999999999998 0.011466 0.18982499999999999 0.022985999999999999 0 0.026959 0.00086899999999999998 0.13433700000000001 0.001075 0.003421 0.068070000000000019 0.041077999999999955 0.011422999999999999 0 0
98 linear 1 7 0.68969100000000005 12.623755333735286 1 98 0.39701599999999998 0.011252 0.24658700000000008 0.0059049999999999997 0.0013470000000000001 0.0029580000000000001 0.010846 0.047709000000000001 0.022644000000000001 0 0.027132 0.00088699999999999998 0.19308900000000001 0.0010610000000000001 0.0034359999999999998 0.16847399999999996 0.040897999999999969 0.011416000000000001 0 1
98 linear 1 15 0.48616300000000001 12.622486699131684 1 98 0.19381799999999999 0.010982 0.24679100000000004 0.0055980000000000005 0.0012519999999999999 0.0027799999999999999 0.0098379999999999995 0.044238 0.020826999999999998 0 0.026408999999999998 0.00084500000000000005 0.0034770000000000001 0.00098499999999999998 0.0033589999999999996 0.169826 0.039901999999999986 0.011437000000000004 0 2
98 linear 1 23 0.62389600000000001 12.524332333313723 1 98 0.32345000000000002 0.010782 0.255832 0.0052429999999999994 0.0013269999999999998 0.0025339999999999998 0.0094149999999999998 0.048675000000000003 0.020619999999999999 0 0.026197999999999999 0.00081599999999999999 0.13104299999999999 0.00090799999999999995 0.0033159999999999999 0.17735300000000004 0.041747999999999952 0.011431 0 3
98 linear 2 0 0.62837299999999996 502.65581029803673 1 68 0.47254699999999999 0.012278000000000001 0.11595900000000003 0.0047159999999999997 0.00092400000000000002 0.0026619999999999999 0.011002 0.16345799999999999 0.022165000000000001 0 0.027292 0.00084500000000000005 0.156723 0.00097099999999999997 0.0032650000000000001 0.066016000000000005 0.024106000000000006 0.0079920000000000026 0 0
98 linear 2 7 0.58461399999999997 456.52737304623571 1 68 0.32477400000000001 0.011926000000000001 0.21986799999999998 0.0048079999999999998 0.00086600000000000002 0.0025079999999999998 0.010333999999999999 0.023132 0.021295999999999999 0 0.026783000000000001 0.00083699999999999996 0.151001 0.00091299999999999997 0.0032520000000000005 0.17024099999999992 0.023935999999999999 0.0079590000000000025 0 1
98 linear 2 15 0.66711100000000001 408.56301574555386 1 68 0.39769700000000002 0.011863 0.23010099999999992 0.0045490000000000001 0.00090200000000000002 0.0025270000000000002 0.01085 0.026609000000000001 0.021697000000000001 0 0.030508 0.00080400000000000003 0.21875500000000001 0.00098900000000000008 0.0029819999999999998 0.17859499999999998 0.023768000000000011 0.0078110000000000011 0 2
98 linear 2 23 0.56365699999999996 371.7263690299776 1 53 0.36214600000000002 0.0090340000000000004 0.1689510000000001 0.0032989999999999998 0.00072600000000000008 0.0024020000000000001 0.010066 0.026103000000000001 0.021659999999999999 0 0.026331 0.00084999999999999995 0.194739 0.0010859999999999999 0.0028500000000000001 0.13153300000000004 0.018915000000000001 0.0063000000000000018 0 3
98 linear 3 0 0.53243700000000005 8.8379561272484946 1 61 0.38717400000000002 0.031066 0.088849999999999985 0.0039770000000000005 0.00089400000000000005 0.002826 0.011258000000000001 0.19090299999999999 0.025522 0 0.026202 0.00087399999999999999 0.044325999999999997 0.001297 0.0033969999999999998 0.040228999999999994 0.023797000000000016 0.0072349999999999966 0 0
98 linear 3 7 0.58121 8.8963178622831407 1 61 0.32472600000000001 0.027422999999999999 0.20336600000000007 0.0041479999999999998 0.00088600000000000007 0.0028210000000000002 0.011766 0.049123 0.0247 0 0.025975999999999999 0.00084400000000000002 0.12661500000000001 0.001196 0.0033059999999999999 0.15493099999999996 0.023724000000000002 0.0072329999999999946 0 1
98 linear 3 15 0.67932300000000001 8.9743066222503511 1 61 0.438282 0.024989000000000001 0.19160000000000002 0.0036820000000000004 0.00072899999999999994 0.0028639999999999998 0.011731 0.049902000000000002 0.024712000000000001 0 0.027389 0.00092400000000000002 0.23580899999999999 0.0012310000000000001 0.0032509999999999995 0.14466399999999996 0.023043999999999985 0.0070089999999999979 0 2
98 linear 3 23 0.42791800000000002 9.0689618765614082 1 61 0.19126299999999999 0.024896000000000001 0.187528 0.0037229999999999997 0.00076300000000000001 0.0026220000000000002 0.0098320000000000005 0.048568 0.021843000000000001 0 0.026010999999999999 0.00084400000000000002 0.0026329999999999999 0.00097099999999999997 0.0030739999999999999 0.14129499999999995 0.022491999999999984 0.007010999999999999 0 3
98 linear 4 0 0.53727000000000003 10.239297576475705 1 107 0.33608199999999999 0.014095 0.14526800000000001 0.0061900000000000002 0.0016979999999999999 0.0027309999999999999 0.011025999999999999 0.17132700000000001 0.02164 0 0.026683999999999999 0.00081499999999999997 0.0046010000000000001 0.00083199999999999995 0.0037779999999999997 0.061288000000000016 0.044685000000000009 0.012462000000000001 0 0
98 linear 4 7 0.52987899999999999 10.186460709022072 1 107 0.18304200000000001 0.013627 0.29160100000000005 0.0059430000000000004 0.0015409999999999998 0.0066140000000000001 0.010376 0.021971000000000001 0.020917000000000002 0 0.025697999999999999 0.00075000000000000002 0.0044860000000000004 0.00066799999999999997 0.0035890000000000006 0.20679500000000006 0.045396000000000013 0.012487999999999999 0 1
98 linear 4 15 0.53388899999999995 10.130372008415971 1 107 0.18127299999999999 0.013624000000000001 0.29704399999999997 0.0065000000000000006 0.0013930000000000001 0.0025590000000000001 0.0097990000000000004 0.025326000000000001 0.020580999999999999 0 0.025274000000000001 0.00073800000000000005 0.0045149999999999999 0.00067199999999999996 0.0035790000000000001 0.21174799999999999 0.045701000000000006 0.012479999999999998 0 2
98 linear 4 23 0.50478599999999996 10.078333485226295 1 107 0.17694799999999999 0.013273999999999999 0.27300399999999997 0.0062130000000000006 0.001464 0.0025600000000000002 0.010286 0.020624 0.021113 0 0.026152000000000002 0.00077499999999999997 0.0044989999999999995 0.00067500000000000004 0.0035530000000000006 0.19042600000000001 0.04341200000000002 0.012484000000000007 0 3
98 uniform 0 0 0.84764399999999995 4507.5280339841538 1 127 0.56805799999999995 0.013082 0.22694099999999998 0.0082730000000000008 0.0013159999999999999 0.0027669999999999999 0.011145 0.18051600000000001 0.024202999999999999 0 0.026134000000000001 0.00079500000000000003 0.228829 0.00099400000000000009 0.0036779999999999998 0.14059900000000014 0.063738999999999921 0 0 0
98 uniform 0 7 0.88056800000000002 4439.1893135386772 1 127 0.38082300000000002 0.013032999999999999 0.44755800000000001 0.0073309999999999998 0.0011079999999999998 0.0026640000000000001 0.010718 0.037074999999999997 0.023545 0 0.02743 0.00082799999999999996 0.187831 0.00092800000000000001 0.0033770000000000002 0.36215500000000023 0.062478999999999965 0 0 1
98 uniform 0 15 0.87936199999999998 4298.0024214902924 1 127 0.37920199999999998 0.012989000000000001 0.44789900000000016 0.0077380000000000001 0.001237 0.0026280000000000001 0.010621 0.036760000000000001 0.023307999999999999 0 0.026102 0.00075699999999999997 0.18909200000000001 0.00088199999999999997 0.0034419999999999997 0.362097 0.063216999999999982 0 0 2
98 uniform 0 23 0.81542899999999996 4089.448716920776 1 127 0.33984599999999998 0.012401000000000001 0.42504300000000006 0.0069010000000000009 0.0011069999999999999 0.002581 0.01077 0.033322999999999998 0.023587 0 0.027196000000000001 0.00083299999999999997 0.15256699999999998 0.000794 0.0033109999999999997 0.33813600000000005 0.063940999999999984 0 0 3
98 uniform 1 0 0.628085 12.42673582877118 1 82 0.480848 0.011495 0.10734000000000003 0.004509 0.001315 0.0029420000000000002 0.011357000000000001 0.19017000000000001 0.023328999999999999 0 0.027356999999999999 0.00087699999999999996 0.134296 0.0011529999999999999 0.0035229999999999997 0.059826000000000004 0.035203999999999978 0 0 0
98 uniform 1 7 0.601769 12.523048123504674 1 82 0.390737 0.011212 0.17176 0.0043470000000000002 0.0011539999999999999 0.0026719999999999999 0.010155000000000001 0.047558000000000003 0.021042999999999999 0 0.026505000000000001 0.00090300000000000005 0.19464900000000002 0.0010250000000000001 0.0034359999999999998 0.12409099999999994 0.035340999999999977 0 0 1
98 uniform 1 15 0.398206 12.572337446827678 1 82 0.19514899999999999 0.010869 0.16506000000000004 0.0038430000000000001 0.00098799999999999995 0.0025569999999999998 0.0099279999999999993 0.044349 0.020750000000000001 0 0.027133999999999998 0.00088099999999999995 0.0034779999999999998 0.00096299999999999999 0.0033849999999999996 0.11784799999999998 0.034844000000000007 0 0 2
98 uniform 1 23 0.54420299999999999 12.538677495872449 1 82 0.32482699999999998 0.010911000000000001 0.18165499999999993 0.0036579999999999998 0.00097900000000000027 0.0025379999999999999 0.0090900000000000009 0.048489999999999998 0.020518999999999999 0 0.026629 0.000785 0.132747 0.00089099999999999997 0.0032339999999999999 0.13306599999999996 0.036203999999999986 0 0 3
98 uniform 2 0 0.57875100000000002 525.7177986049744 1 52 0.462974 0.012245000000000001 0.083202000000000026 0.0028030000000000004 0.00085900000000000006 0.0026450000000000002 0.010682000000000001 0.16357099999999999 0.022134000000000001 0 0.027153 0.00090399999999999996 0.14820800000000001 0.00083299999999999997 0.0032619999999999997 0.055682999999999996 0.019640000000000005 0 0 0
98 uniform 2 7 0.51049100000000003 475.11533756858591 1 52 0.32473000000000002 0.011920999999999999 0.15371600000000002 0.0027379999999999995 0.00073699999999999992 0.0024859999999999999 0.0098560000000000002 0.023060000000000001 0.021214 0 0.026617999999999999 0.00081999999999999998 0.150918 0.00082899999999999998 0.0031589999999999995 0.126474 0.019360999999999993 0 0 1
98 uniform 2 15 0.646513 419.24706856431095 1 68 0.39041300000000001 0.011898000000000001 0.21299800000000002 0.0044380000000000001 0.00093499999999999996 0.0022980000000000001 0.0098209999999999999 0.026107000000000002 0.020957 0 0.025871999999999999 0.00076400000000000003 0.218721 0.00086899999999999998 0.003058 0.17861199999999994 0.023826 0 0 2
98 uniform 2 23 0.55289999999999995 371.89602881137449 1 53 0.36451800000000001 0.0088249999999999995 0.15810099999999996 0.0032449999999999996 0.00072100000000000007 0.002362 0.010401000000000001 0.026252999999999999 0.022095 0 0.027042 0.00081999999999999998 0.19492899999999999 0.0011670000000000001 0.0029879999999999998 0.13090200000000002 0.019187999999999997 0 0 3
98 uniform 3 0 0.48708099999999999 8.8419468454827133 1 45 0.38461099999999998 0.02845 0.055595999999999979 0.0025380000000000003 0.00071900000000000002 0.002833 0.010987 0.19062299999999999 0.021906999999999999 0 0.026391999999999999 0.00086200000000000003 0.044660999999999999 0.0012979999999999999 0.0034420000000000002 0.030273000000000005 0.018266000000000004 0 0 0
98 uniform 3 7 0.49264999999999998 8.9012781103588292 1 45 0.31969399999999998 0.026768 0.12805399999999997 0.0023990000000000001 0.00068100000000000007 0.0027049999999999999 0.011622 0.049006000000000001 0.024836 0 0.025753999999999999 0.00084000000000000003 0.123691 0.0012080000000000001 0.0033229999999999996 0.10314699999999995 0.017927000000000002 0 0 1
98 uniform 3 15 0.59999100000000005 8.980859847601117 1 45 0.43354399999999998 0.026107999999999999 0.122007 0.0024949999999999998 0.00064999999999999997 0.0025690000000000001 0.01022 0.049929000000000001 0.024398 0 0.026821999999999999 0.00077800000000000005 0.238315 0.0010759999999999999 0.0032430000000000007 0.097044999999999979 0.017843000000000001 0 0 2
98 uniform 3 23 0.36380099999999999 9.0780049179204703 1 45 0.20327200000000001 0.02674 0.11644299999999999 0.0022040000000000002 0.00057300000000000005 0.0025349999999999999 0.010193000000000001 0.050250999999999997 0.025375000000000002 0 0.026721999999999999 0.00086600000000000002 0.0025699999999999998 0.0011039999999999999 0.0035780000000000005 0.092829999999999996 0.016889000000000008 0 0 3
98 uniform 4 0 0.476217 10.246229035982642 1 75 0.33609600000000001 0.014168 0.09580899999999995 0.0038170000000000001 0.0011839999999999999 0.0027130000000000001 0.010944000000000001 0.17089099999999999 0.022006999999999999 0 0.027002000000000002 0.00081499999999999997 0.004653 0.000785 0.0037020000000000004 0.051159999999999983 0.033402999999999995 0 0 0
98 uniform 4 7 0.401225 10.1926690460585 1 75 0.17816399999999999 0.013292999999999999 0.18129899999999993 0.003777 0.00097400000000000015 0.0026519999999999998 0.0099069999999999991 0.021944000000000002 0.020771000000000001 0 0.026013999999999999 0.00081099999999999998 0.0044750000000000007 0.00064999999999999997 0.0035130000000000001 0.13536200000000007 0.034736000000000003 0 0 1
98 uniform 4 15 0.395982 10.135879494637452 1 75 0.17925199999999999 0.013258000000000001 0.17516000000000001 0.0037889999999999998 0.00099599999999999992 0.0024499999999999999 0.0094439999999999993 0.024982000000000001 0.020559000000000001 0 0.025610999999999998 0.00074100000000000001 0.0045170000000000002 0.00070600000000000003 0.0034739999999999997 0.12910300000000005 0.034937999999999976 0 0 2
98 uniform 4 23 0.388872 10.083247799369815 1 75 0.17818200000000001 0.01325 0.16847799999999996 0.003898 0.0011900000000000001 0.0024020000000000001 0.0091319999999999995 0.020303000000000002 0.020722999999999998 0 0.029069999999999999 0.00076199999999999998 0.0044939999999999997 0.00064599999999999998 0.0034499999999999995 0.12452699999999997 0.032752999999999997 0 0 3
99 linear 0 0 0.890957 210.42832108511274 1 118 0.58927200000000002 0.01627 0.24388000000000004 0.0072950000000000011 0.0020080000000000002 0.0029559999999999999 0.011243 0.16397400000000001 0.083376000000000006 0 0.025751 0.00079900000000000001 0.20138600000000004 0.00077899999999999996 0.0040989999999999993 0.12917600000000001 0.048363999999999942 0.017793000000000003 0 0
99 linear 0 7 0.800068 209.37247821675879 1 118 0.36431799999999998 0.015762000000000002 0.37964199999999998 0.006559999999999999 0.001696 0.0026050000000000001 0.01026 0.047749 0.074642 0 0.025541000000000001 0.00080400000000000003 0.10655799999999999 0.00075699999999999997 0.0041259999999999995 0.26030300000000012 0.053338999999999984 0.017826999999999992 0 1
99 linear 0 15 0.89667699999999995 207.86420578338397 1 118 0.465976 0.015661000000000001 0.37410700000000002 0.0070530000000000002 0.0015989999999999999 0.0024759999999999999 0.0099579999999999998 0.048860000000000001 0.084006999999999998 0 0.025293 0.00082600000000000002 0.19980599999999998 0.00073099999999999999 0.0041240000000000009 0.25962299999999988 0.048889000000000002 0.017715999999999985 0 2
99 linear 0 23 0.77371400000000001 206.07442021938257 1 118 0.354769 0.015424 0.36336299999999983 0.0065050000000000004 0.001555 0.0026389999999999999 0.010366 0.051207999999999997 0.064544000000000004 0 0.025711999999999999 0.00084900000000000004 0.10605099999999998 0.000718 0.004117 0.24892999999999996 0.049152000000000036 0.017726999999999989 0 3
99 linear 1 0 0.790709 212.99415983636294 1 89 0.54970399999999997 0.010425 0.19724299999999997 0.0058189999999999995 0.001209 0.0025049999999999998 0.010496999999999999 0.16761400000000001 0.033812000000000002 0 0.025954999999999999 0.00079199999999999995 0.215229 0.001214 0.0039050000000000009 0.10458100000000001 0.036424000000000005 0.014360999999999994 0 0
99 linear 1 7 0.728325 207.98809114598762 1 89 0.41303000000000001 0.0099570000000000006 0.27268100000000001 0.0054299999999999999 0.0010610000000000001 0.002359 0.0097680000000000006 0.045061999999999998 0.043478000000000003 0 0.026293 0.00077999999999999999 0.19756600000000002 0.0011410000000000001 0.0037810000000000001 0.17730199999999996 0.038518999999999977 0.01440099999999999 0 1
99 linear 1 15 0.71670900000000004 202.23547255735943 1 89 0.40870699999999999 0.011171 0.26359900000000008 0.0054539999999999996 0.001188 0.0023400000000000001 0.0097330000000000003 0.044658999999999997 0.041896999999999997 0 0.025544000000000001 0.00078100000000000001 0.19594200000000001 0.001157 0.0037719999999999997 0.17052699999999998 0.037251999999999966 0.014410000000000001 0 2
99 linear 1 23 0.72675800000000002 196.47898921200616 1 89 0.41606500000000002 0.0097850000000000003 0.26871200000000006 0.0050329999999999993 0.0010970000000000001 0.0025899999999999999 0.010345 0.052533999999999997 0.042286999999999998 0 0.026287999999999999 0.00081700000000000002 0.19366700000000001 0.0010690000000000001 0.0036780000000000003 0.17561000000000002 0.037575999999999971 0.014365999999999995 0 3
99 linear 2 0 0.47157199999999999 14.522663160314204 1 53 0.37038599999999999 0.0086160000000000004 0.070463999999999999 0.0037629999999999999 0.00079100000000000004 0.0031380000000000002 0.01128 0.17849899999999999 0.065539 0 0.026915000000000001 0.00083799999999999999 0.00064700000000000001 0.001361 0.0033430000000000005 0.033548000000000001 0.016375000000000004 0.0060610000000000004 0 0
99 linear 2 7 0.35531800000000002 14.392168182172041 1 53 0.233485 0.0082209999999999991 0.092003000000000001 0.00362 0.00066599999999999993 0.0026740000000000002 0.010416999999999999 0.051105999999999999 0.062214999999999999 0 0.026086000000000002 0.00080500000000000005 0.00062 0.0012520000000000001 0.0031640000000000001 0.057151000000000007 0.014540000000000006 0.0060650000000000035 0 1
99 linear 2 15 0.35151900000000003 14.244763544373692 1 53 0.231798 0.0082179999999999996 0.089982999999999994 0.0034099999999999998 0.00061499999999999999 0.0025119999999999999 0.009953 0.051073 0.062134000000000002 0 0.026102 0.000892 0.00063199999999999997 0.001145 0.0031930000000000001 0.052916999999999992 0.016772999999999993 0.006039000000000001 0 2
99 linear 2 23 0.37366700000000003 14.099233139567447 1 53 0.24870600000000001 0.0081449999999999995 0.095398000000000011 0.003398 0.00057399999999999997 0.002591 0.01 0.054831999999999999 0.073492000000000002 0 0.026596999999999999 0.000754 0.00059599999999999996 0.0011900000000000001 0.0030799999999999998 0.058672000000000009 0.016396999999999995 0.0060389999999999975 0 3
99 linear 3 0 0.51512800000000003 14.28504245656009 1 98 0.32521800000000001 0.014239 0.13872799999999999 0.005934 0.0017620000000000001 0.0028900000000000002 0.010902 0.165189 0.021912000000000001 0 0.026270000000000002 0.00074799999999999997 0.0010759999999999999 0.00077399999999999995 0.0037140000000000007 0.065127000000000018 0.036628000000000001 0.011410999999999999 0 0
99 linear 3 7 0.50797300000000001 13.760655394499933 1 98 0.19556100000000001 0.013579000000000001 0.26263400000000009 0.0057209999999999995 0.0014100000000000002 0.002699 0.0099450000000000007 0.039357000000000003 0.020924999999999999 0 0.026282 0.00078899999999999999 0.001065 0.00066399999999999999 0.0036329999999999999 0.18865499999999996 0.036649999999999988 0.011410999999999996 0 1
99 linear 3 15 0.53632899999999994 13.246013999809241 1 98 0.19619500000000001 0.014619 0.28793000000000002 0.0056989999999999992 0.00156 0.0025100000000000001 0.0096109999999999998 0.043656 0.021767000000000002 0 0.025679 0.00070699999999999995 0.00099599999999999992 0.00060400000000000004 0.0038179999999999998 0.204684 0.041053000000000055 0.012032000000000004 0 2
99 linear 3 23 0.55996199999999996 12.799511636834742 1 105 0.199986 0.014933 0.30493500000000007 0.006731 0.0016739999999999999 0.0024610000000000001 0.010772 0.042470000000000001 0.023390999999999999 0 0.025545999999999999 0.00069300000000000004 0.0010730000000000002 0.00060499999999999996 0.0039360000000000003 0.21897000000000003 0.042320999999999998 0.012932999999999998 0 3
99 linear 4 0 0.55253600000000003 12.66927555686034 1 98 0.348167 0.017087999999999999 0.150452 0.0060739999999999995 0.0013730000000000001 0.0027850000000000001 0.012494 0.151446 0.056641999999999998 0 0.026911000000000001 0.00080800000000000002 0.0010280000000000001 0.000727 0.0039480000000000001 0.070244000000000001 0.040881000000000001 0.011643999999999998 0 0
99 linear 4 7 0.580592 12.244654275363899 1 98 0.22643099999999999 0.015179 0.30293700000000001 0.0056690000000000004 0.0013959999999999999 0.0026870000000000002 0.010201 0.043243999999999998 0.051801 0 0.025864000000000002 0.00079000000000000001 0.0010020000000000003 0.00068800000000000003 0.0034090000000000001 0.23009999999999992 0.039641000000000003 0.011641999999999998 0 1
99 linear 4 15 0.57298400000000005 11.835246542538098 1 98 0.21546199999999999 0.015121000000000001 0.30493000000000009 0.0054069999999999995 0.0013259999999999999 0.0025200000000000001 0.0098539999999999999 0.043816000000000001 0.041383000000000003 0 0.025988000000000001 0.00078299999999999995 0.0010090000000000001 0.00076000000000000004 0.0033960000000000001 0.23233799999999996 0.039402999999999994 0.011644999999999999 0 2
99 linear 4 23 0.53484299999999996 11.486541912135788 1 91 0.20755499999999999 0.014949 0.27735899999999997 0.0051060000000000003 0.0013450000000000001 0.0023449999999999999 0.0098750000000000001 0.037644999999999998 0.041300000000000003 0 0.025252 0.00073099999999999999 0.001003 0.00072099999999999996 0.0034020000000000005 0.20841800000000005 0.038267999999999996 0.010817000000000004 0 3
99 uniform 0 0 0.84276099999999998 204.95227815851717 1 118 0.59372100000000005 0.016157000000000001 0.19183699999999995 0.0066660000000000001 0.0018239999999999999 0.0026649999999999998 0.010874 0.16367599999999999 0.086937 0 0.025808999999999999 0.00077200000000000001 0.20143000000000003 0.00077200000000000001 0.0041519999999999994 0.12395799999999998 0.048624999999999939 0 0 0
99 uniform 0 7 0.75134599999999996 204.03034476369928 1 118 0.36702600000000002 0.015699000000000001 0.32939299999999982 0.0058960000000000002 0.001482 0.0028960000000000001 0.010318000000000001 0.047974999999999997 0.072417999999999996 0 0.025572000000000001 0.00081099999999999998 0.106737 0.00073800000000000005 0.0040119999999999999 0.25952500000000001 0.050361999999999983 0 0 1
99 uniform 0 15 0.84855400000000003 202.79466025699023 1 118 0.46337200000000001 0.01541 0.33025899999999991 0.0059199999999999999 0.0016280000000000001 0.0024710000000000001 0.009698 0.048869000000000003 0.083646999999999999 0 0.025236000000000001 0.00076999999999999996 0.19865799999999997 0.00074899999999999999 0.0041659999999999996 0.26229399999999986 0.048750999999999947 0 0 2
99 uniform 0 23 0.719719 201.39581389120181 1 118 0.34921600000000003 0.015332 0.31617700000000021 0.0055150000000000008 0.0014809999999999999 0.0024970000000000001 0.0098219999999999991 0.047132 0.063990000000000005 0 0.025023 0.00084199999999999998 0.105722 0.00068300000000000001 0.004019 0.2473149999999999 0.049315999999999999 0 0 3
99 uniform 1 0 0.74408700000000005 209.78381620091793 1 89 0.54575099999999999 0.010118 0.15550099999999994 0.0050610000000000004 0.0013319999999999999 0.0025600000000000002 0.010283 0.16728799999999999 0.033952999999999997 0 0.026322000000000002 0.00080999999999999996 0.21525800000000003 0.001225 0.003673 0.10417200000000007 0.036383000000000019 0 0 0
99 uniform 1 7 0.68491899999999994 204.97240386945654 1 89 0.41656500000000002 0.0098650000000000005 0.2263960000000001 0.0048390000000000004 0.001029 0.0024459999999999998 0.0099710000000000007 0.044810999999999997 0.044295000000000001 0 0.025662000000000001 0.00077399999999999995 0.20098299999999999 0.001176 0.0035980000000000001 0.17299199999999998 0.038428000000000011 0 0 1
99 uniform 1 15 0.67854199999999998 199.44190826888786 1 89 0.40925299999999998 0.011328 0.22584400000000002 0.0047819999999999998 0.0010400000000000001 0.0022230000000000001 0.0093699999999999999 0.044632999999999999 0.043707000000000003 0 0.025505 0.00075299999999999998 0.196133 0.0010449999999999999 0.0036030000000000003 0.169742 0.041050999999999983 0 0 2
99 uniform 1 23 0.68407700000000005 193.90258722713372 1 89 0.41450500000000001 0.0097630000000000008 0.22796399999999997 0.0045969999999999995 0.001041 0.0024320000000000001 0.010237 0.052491000000000003 0.042145000000000002 0 0.025840999999999999 0.00078399999999999997 0.19359499999999999 0.001106 0.0035730000000000007 0.17510500000000004 0.037223999999999993 0 0 3
99 uniform 2 0 0.43382599999999999 14.60583659779998 1 37 0.37115300000000001 0.0086090000000000003 0.038992999999999986 0.0020540000000000003 0.00060300000000000002 0.0029870000000000001 0.01129 0.181696 0.063850000000000004 0 0.026903 0.00080099999999999995 0.00063699999999999998 0.001284 0.0033529999999999996 0.023444 0.0099169999999999987 0 0 0
99 uniform 2 7 0.31511600000000001 14.472632436047455 1 37 0.232821 0.0082740000000000001 0.059451999999999998 0.0018439999999999999 0.00054000000000000001 0.0026350000000000002 0.010296 0.051089000000000002 0.062051000000000002 0 0.025909000000000001 0.00081499999999999997 0.00063000000000000003 0.001189 0.0031579999999999993 0.044596999999999991 0.0090190000000000027 0 0 1
99 uniform 2 15 0.31120399999999998 14.322230473823577 1 37 0.23050699999999999 0.0079190000000000007 0.058203000000000005 0.001944 0.00050900000000000001 0.002493 0.0099080000000000001 0.051115000000000001 0.062354 0 0.025642999999999999 0.00085499999999999997 0.00060399999999999994 0.001194 0.0030160000000000005 0.041690000000000012 0.010913000000000001 0 0 2
99 uniform 2 23 0.33087299999999997 14.173807069056 1 37 0.246478 0.0082019999999999992 0.061549000000000006 0.0018370000000000001 0.00057700000000000004 0.002434 0.0093790000000000002 0.055003000000000003 0.073463000000000001 0 0.026223 0.00074100000000000001 0.00062299999999999996 0.0011839999999999999 0.0030259999999999992 0.045946999999999995 0.010017999999999997 0 0 3
99 uniform 3 0 0.48787799999999998 14.359163734091283 1 98 0.32512799999999997 0.014364999999999999 0.11422500000000001 0.0055329999999999997 0.0015479999999999999 0.0028059999999999999 0.010751999999999999 0.16497300000000001 0.021881000000000001 0 0.026786999999999998 0.00078600000000000002 0.0010769999999999998 0.00078899999999999999 0.0036210000000000001 0.063573999999999978 0.03599200000000001 0 0 0
99 uniform 3 7 0.44842300000000002 13.819452631483175 1 82 0.193548 0.013547 0.21245100000000003 0.0039229999999999994 0.0011619999999999998 0.002643 0.010059999999999999 0.03952 0.020735 0 0.026993 0.00073300000000000004 0.0010640000000000001 0.00071699999999999997 0.0035319999999999991 0.16977699999999998 0.030437999999999975 0 0 1
99 uniform 3 15 0.43892100000000001 13.292552523583325 1 82 0.19355800000000001 0.013280999999999999 0.20319700000000002 0.0038019999999999998 0.001132 0.0024710000000000001 0.0095750000000000002 0.043539000000000001 0.020490999999999999 0 0.025729999999999999 0.00074899999999999999 0.0010060000000000002 0.00060300000000000002 0.0034269999999999999 0.16142100000000001 0.029585999999999994 0 0 2
99 uniform 3 23 0.46828700000000001 12.837287641000708 1 89 0.189777 0.013802999999999999 0.23284800000000003 0.0044169999999999999 0.001389 0.0023609999999999998 0.0093139999999999994 0.041637 0.020500999999999998 0 0.025305999999999999 0.00077099999999999998 0.001057 0.000629 0.0033540000000000002 0.18023499999999998 0.037257999999999986 0 0 3
99 uniform 4 0 0.50469399999999998 12.71210535524096 1 82 0.34399600000000002 0.017240999999999999 0.11378400000000002 0.0042140000000000007 0.001165 0.0026419999999999998 0.011469 0.151282 0.055765000000000002 0 0.026141000000000001 0.000785 0.0010429999999999999 0.00072300000000000001 0.003846 0.066149999999999973 0.034602999999999981 0 0 0
99 uniform 4 7 0.54039899999999996 12.27800717896619 1 82 0.236044 0.016492 0.25845499999999993 0.0040049999999999999 0.0010759999999999999 0.002643 0.011559 0.044373999999999997 0.055657999999999999 0 0.026268 0.00084400000000000002 0.00099400000000000009 0.00071500000000000003 0.0039349999999999993 0.20889600000000005 0.036823000000000009 0 0 1
99 uniform 4 15 0.54806100000000002 11.861135212869023 1 98 0.222605 0.015011999999999999 0.27641100000000007 0.0053740000000000003 0.0012639999999999999 0.002493 0.011024000000000001 0.045208999999999999 0.044761000000000002 0 0.025610000000000001 0.00079699999999999997 0.00098600000000000011 0.00069999999999999999 0.0041099999999999999 0.22129500000000016 0.040341000000000002 0 0 2
99 uniform 4 23 0.48902400000000001 11.507294412433852 1 75 0.206203 0.019443999999999999 0.23499300000000001 0.0037699999999999999 0.001098 0.0023 0.0091310000000000002 0.037733000000000003 0.041302999999999999 0 0.025238 0.00076199999999999998 0.0010189999999999999 0.00062600000000000004 0.0034840000000000001 0.193355 0.030390000000000007 0 0 3
100 linear 0 0 0.50198299999999996 4.909924338994621 1 89 0.29480600000000001 0.011604 0.16354599999999997 0.0056569999999999997 0.0013320000000000001 0.0031549999999999998 0.011018999999999999 0.13911000000000001 0.022034999999999999 0 0.027302 0.00077999999999999999 0.00080800000000000002 0.0010579999999999999 0.0034159999999999998 0.060004999999999982 0.029861999999999986 0.015428000000000004 0 0
100 linear 0 7 0.41164099999999998 4.9963308268722715 1 89 0.18889900000000001 0.015828999999999999 0.17550299999999999 0.0049199999999999999 0.00124 0.0029859999999999999 0.010716 0.033896999999999997 0.021453 0 0.027111 0.00078899999999999999 0.00078899999999999999 0.001109 0.003627 0.074758999999999978 0.028079999999999994 0.01530499999999999 0 1
100 linear 0 15 0.40653099999999998 5.0245598289944731 1 89 0.18893499999999999 0.011520000000000001 0.17595099999999989 0.0048679999999999991 0.0012000000000000001 0.0029919999999999999 0.010435 0.038353999999999999 0.021271999999999999 0 0.026432000000000001 0.00087600000000000004 0.00074100000000000001 0.001013 0.0034060000000000006 0.07986299999999999 0.028856999999999976 0.015001999999999995 0 2
100 linear 0 23 0.40120099999999997 4.9739830351235401 1 89 0.181699 0.011058 0.17842799999999995 0.0048630000000000001 0.0010970000000000001 0.0027239999999999999 0.0097400000000000004 0.034807999999999999 0.020990000000000002 0 0.026453999999999998 0.00076000000000000004 0.00077799999999999994 0.00097300000000000002 0.0033289999999999999 0.078451000000000007 0.03092099999999999 0.015162999999999998 0 3
100 linear 1 0 0.42935899999999999 3.0902328638050638 1 83 0.28468300000000002 0.0089529999999999992 0.10727700000000003 0.0054549999999999998 0.0012229999999999997 0.0029459999999999998 0.01047 0.13961299999999999 0.022228999999999999 0 0.026596000000000002 0.000754 0.00064999999999999997 0.0011980000000000001 0.0031789999999999995 0.047644000000000006 0.026410999999999997 0.010159999999999999 0 0
100 linear 1 7 0.37227700000000002 3.4531769051758099 1 91 0.182313 0.0084849999999999995 0.15161599999999997 0.0054199999999999995 0.0012150000000000002 0.0027490000000000001 0.010784 0.034763000000000002 0.022973 0 0.027734999999999999 0.00080500000000000005 0.00062200000000000005 0.0011820000000000001 0.0031269999999999996 0.070427999999999991 0.028184999999999998 0.012134000000000004 0 1
100 linear 1 15 0.37290699999999999 3.8155555598505404 1 91 0.183471 0.0085349999999999992 0.15173800000000001 0.0050010000000000002 0.0012159999999999999 0.0024979999999999998 0.0098890000000000002 0.036701999999999999 0.023001000000000001 0 0.026731999999999999 0.00073300000000000004 0.00060499999999999996 0.0011100000000000001 0.0031259999999999999 0.066164000000000001 0.028169999999999987 0.012589999999999997 0 2
100 linear 1 23 0.39172200000000001 4.1202370579105922 1 81 0.18442600000000001 0.012160000000000001 0.16662000000000002 0.0044989999999999995 0.0013060000000000001 0.0025530000000000001 0.0095890000000000003 0.034855999999999998 0.023179000000000002 0 0.026873999999999999 0.00072499999999999995 0.0008160000000000001 0.00093999999999999997 0.0033440000000000002 0.07141699999999998 0.030787999999999979 0.012839 0 3
100 linear 2 0 0.41008499999999998 3.8385001498701987 1 90 0.23574700000000001 0.012052999999999999 0.13212800000000002 0.0057919999999999994 0.0014350000000000001 0.002928 0.011068 0.076180999999999999 0.023954 0 0.027389 0.00089599999999999999 0.00079300000000000009 0.001119 0.0034130000000000002 0.074074999999999988 0.023190999999999996 0.014517000000000002 0 0
100 linear 2 7 0.32466699999999998 3.6604857064606451 1 68 0.16709599999999999 0.0088430000000000002 0.124278 0.0046310000000000014 0.001005 0.002859 0.011021 0.012702 0.024820999999999999 0 0.027562 0.00085599999999999999 0.00059199999999999997 0.0013320000000000001 0.003454 0.083813999999999986 0.016971 0.0080520000000000001 0 1
100 linear 2 15 0.31293100000000001 3.6146013095528642 1 68 0.16325200000000001 0.0084989999999999996 0.11735999999999999 0.0044900000000000001 0.001011 0.0027409999999999999 0.010626 0.013285999999999999 0.024584000000000002 0 0.027459999999999998 0.00081300000000000003 0.00058399999999999988 0.001281 0.0030409999999999999 0.078249000000000013 0.015719000000000004 0.0080759999999999998 0 2
100 linear 2 23 0.29577100000000001 3.5792642275863016 1 59 0.15643599999999999 0.0087799999999999996 0.109877 0.0032700000000000003 0.00098899999999999986 0.002506 0.01034 0.0090109999999999999 0.024287 0 0.027414999999999998 0.00078799999999999996 0.00058099999999999992 0.0011689999999999999 0.003117 0.075225000000000014 0.014375000000000004 0.006990000000000004 0 3
100 linear 3 0 0.37947700000000001 3.3884521321733367 1 75 0.24466299999999999 0.0092280000000000001 0.097427000000000014 0.00464 0.0013599999999999999 0.0028419999999999999 0.010681 0.097663 0.023956999999999999 0 0.027171000000000001 0.00083900000000000001 0.00065299999999999993 0.0012509999999999999 0.0032959999999999995 0.050402999999999996 0.019844999999999991 0.0097450000000000002 0 0
100 linear 3 7 0.32032500000000003 3.4826738064642702 1 67 0.162357 0.0089750000000000003 0.12450199999999995 0.0038010000000000001 0.001186 0.0027439999999999999 0.010187999999999999 0.020039999999999999 0.023175000000000001 0 0.026554000000000001 0.00080099999999999995 0.00061300000000000005 0.0011460000000000001 0.0031310000000000001 0.078800999999999982 0.019383999999999992 0.0097449999999999985 0 1
100 linear 3 15 0.33545999999999998 3.6018300111980768 1 67 0.16506499999999999 0.0090150000000000004 0.13648599999999997 0.00428 0.001175 0.0025999999999999999 0.010298 0.017770999999999999 0.023911000000000002 0 0.026911000000000001 0.00078899999999999999 0.00059500000000000004 0.0011659999999999999 0.0031179999999999997 0.085922999999999972 0.020199999999999982 0.013671000000000001 0 2
100 linear 3 23 0.31526399999999999 3.7370322247792291 1 60 0.16814499999999999 0.0086969999999999999 0.114276 0.0038939999999999999 0.000977 0.0025609999999999999 0.010248999999999999 0.025009 0.023699999999999999 0 0.027137999999999999 0.00072599999999999997 0.00062200000000000005 0.0011919999999999999 0.0031720000000000003 0.072335999999999998 0.017882999999999996 0.0089040000000000074 0 3
100 linear 4 0 0.58959300000000003 6.8227660478625349 1 134 0.30854799999999999 0.015982 0.21887900000000005 0.0083730000000000002 0.0023899999999999998 0.0027190000000000001 0.010123999999999999 0.14571200000000001 0.021107000000000001 0 0.026450000000000001 0.00076900000000000004 0.00094400000000000007 0.00081099999999999998 0.0041910000000000003 0.11700599999999996 0.043885999999999981 0.019599999999999992 0 0
100 linear 4 7 0.498141 7.015362829185352 1 134 0.202458 0.015309 0.23783100000000004 0.0074729999999999996 0.0017540000000000001 0.002653 0.0099810000000000003 0.044865000000000002 0.020608999999999999 0 0.025878999999999999 0.00080999999999999996 0.0010059999999999999 0.00076400000000000003 0.0041929999999999997 0.14568400000000006 0.042523000000000033 0.017707999999999998 0 1
100 linear 4 15 0.52349299999999999 7.2606758720504736 1 150 0.19565199999999999 0.015212 0.26528000000000002 0.0085539999999999991 0.0018320000000000001 0.0025240000000000002 0.0099249999999999998 0.040614999999999998 0.020423 0 0.025284000000000001 0.00080500000000000005 0.00094600000000000012 0.00076999999999999996 0.0040079999999999994 0.15948700000000016 0.046797000000000019 0.019696999999999978 0 2
100 linear 4 23 0.53034000000000003 7.5377527581771462 1 149 0.21004100000000001 0.015556 0.25979399999999991 0.0078399999999999997 0.0017989999999999998 0.0025769999999999999 0.0096799999999999994 0.050785999999999998 0.020346 0 0.024694000000000001 0.000767 0.00099799999999999997 0.00073399999999999995 0.0041830000000000001 0.14906000000000003 0.044937000000000026 0.019688999999999984 0 3
100 uniform 0 0 0.450409 4.7393746282111566 1 89 0.295765 0.011943 0.11110300000000005 0.004693000000000001 0.001341 0.0030349999999999999 0.010827 0.13898099999999999 0.022339000000000001 0 0.026608 0.00079000000000000001 0.00082899999999999998 0.0011490000000000001 0.0034979999999999998 0.06663100000000001 0.030220000000000004 0 0 0
100 uniform 0 7 0.34801399999999999 4.8154875425949228 1 89 0.18749399999999999 0.011587 0.11741999999999997 0.004836 0.001085 0.0027520000000000001 0.010789999999999999 0.033841000000000003 0.021321 0 0.027380000000000002 0.00081300000000000003 0.00079099999999999993 0.001047 0.0034439999999999996 0.074975 0.028411999999999996 0 0 1
100 uniform 0 15 0.33911999999999998 4.8530746805157934 1 81 0.18845600000000001 0.011641 0.11141599999999996 0.003986 0.0010149999999999998 0.00296 0.010302 0.0385 0.021468999999999999 0 0.026414 0.00087799999999999998 0.00077799999999999994 0.001065 0.0034269999999999999 0.072332999999999995 0.026227999999999994 0 0 2
100 uniform 0 23 0.34511500000000001 4.8348843823117313 1 89 0.18085000000000001 0.011098 0.12326699999999995 0.0043749999999999995 0.001121 0.0027179999999999999 0.009868 0.034773999999999999 0.021038000000000001 0 0.026377999999999999 0.00076099999999999996 0.00078200000000000003 0.00090499999999999999 0.0033740000000000007 0.080305000000000043 0.028806999999999996 0 0 3
100 uniform 1 0 0.39918799999999999 3.1887915709661652 1 75 0.28471600000000002 0.0089859999999999992 0.080417000000000002 0.0042050000000000004 0.0010499999999999999 0.0027820000000000002 0.010325000000000001 0.140151 0.022157 0 0.02656 0.00080099999999999995 0.00061600000000000001 0.0013090000000000001 0.0036550000000000003 0.045189 0.023838999999999992 0 0 0
100 uniform 1 7 0.33254699999999998 3.5089129092941342 1 83 0.18381900000000001 0.0099419999999999994 0.11058600000000002 0.0047729999999999995 0.0011169999999999999 0.0026779999999999998 0.010973 0.035865000000000001 0.024058 0 0.026488000000000001 0.000754 0.00061600000000000001 0.0011440000000000001 0.0033329999999999992 0.071170000000000025 0.026424 0 0 1
100 uniform 1 15 0.34387800000000002 3.812937618334769 1 91 0.19323799999999999 0.0086459999999999992 0.11182399999999992 0.0048320000000000004 0.001173 0.0028170000000000001 0.011233999999999999 0.037991999999999998 0.024884 0 0.030889 0.00071299999999999998 0.00062700000000000006 0.00116 0.0033099999999999996 0.068638999999999992 0.028926000000000011 0 0 2
100 uniform 1 23 0.35128300000000001 4.0607394751455308 1 81 0.19142400000000001 0.013369000000000001 0.11754100000000002 0.0040949999999999997 0.0011700000000000002 0.0027599999999999999 0.010999 0.036173999999999998 0.024962000000000002 0 0.026207999999999999 0.00072400000000000003 0.00079999999999999993 0.0011130000000000001 0.0036589999999999999 0.072745000000000018 0.031929000000000006 0 0 3
100 uniform 2 0 0.39767200000000003 3.9236153541025223 1 90 0.24151 0.012219000000000001 0.113638 0.0050770000000000008 0.001451 0.0029069999999999999 0.012217 0.077625 0.025558000000000001 0 0.027550999999999999 0.00083900000000000001 0.000825 0.0011559999999999999 0.0038699999999999997 0.077042999999999986 0.023007999999999997 0 0 0
100 uniform 2 7 0.303643 3.6802214856856006 1 68 0.160805 0.0085959999999999995 0.11068299999999998 0.0041329999999999995 0.001013 0.0028649999999999999 0.010647999999999999 0.012832 0.022114999999999999 0 0.026976 0.000852 0.00060700000000000001 0.0012409999999999999 0.0031570000000000001 0.083518999999999982 0.016995 0 0 1
100 uniform 2 15 0.29920999999999998 3.6294375099437959 1 68 0.16366700000000001 0.0085369999999999994 0.10413700000000002 0.0036390000000000003 0.0010040000000000001 0.0028289999999999999 0.010659999999999999 0.013147000000000001 0.022235000000000001 0 0.027945999999999999 0.00093499999999999996 0.00058800000000000009 0.0011720000000000001 0.0031519999999999999 0.07819799999999999 0.015717999999999996 0 0 2
100 uniform 2 23 0.28015699999999999 3.5910914057112193 1 59 0.15634200000000001 0.0086890000000000005 0.094794000000000003 0.0029520000000000002 0.00087600000000000004 0.0027850000000000001 0.01074 0.0091610000000000007 0.022041999999999999 0 0.027538 0.00081400000000000005 0.00058500000000000002 0.001049 0.0031539999999999997 0.071521000000000029 0.014441000000000004 0 0 3
100 uniform 3 0 0.34705000000000003 3.3939379873641133 1 59 0.24665500000000001 0.0091900000000000003 0.070132999999999987 0.0029870000000000001 0.00096199999999999996 0.0028149999999999998 0.010451 0.102307 0.022102 0 0.026682000000000001 0.00080999999999999996 0.00061900000000000008 0.0011839999999999999 0.0032020000000000009 0.044295000000000029 0.016643000000000005 0 0 0
100 uniform 3 7 0.30175800000000003 3.4892549301378488 1 67 0.16036 0.0089320000000000007 0.10897599999999996 0.0033839999999999999 0.0010820000000000001 0.0027160000000000001 0.0098139999999999998 0.020139000000000001 0.02111 0 0.026884000000000002 0.00084800000000000001 0.00059100000000000005 0.00116 0.0031500000000000005 0.078887000000000013 0.019303999999999995 0 0 1
100 uniform 3 15 0.30588799999999999 3.6101452664407683 1 67 0.15790100000000001 0.0088920000000000006 0.11558699999999995 0.003385 0.0010510000000000001 0.0025309999999999998 0.0099760000000000005 0.017618000000000002 0.021169 0 0.026393 0.00073399999999999995 0.00058200000000000005 0.001206 0.0030789999999999997 0.084707000000000018 0.020055999999999994 0 0 2
100 uniform 3 23 0.30193599999999998 3.7479113406927014 1 60 0.17084099999999999 0.0085310000000000004 0.099256000000000011 0.0033430000000000001 0.00091599999999999993 0.002643 0.010205000000000001 0.024854000000000001 0.021663999999999999 0 0.031479 0.00072800000000000002 0.00062399999999999999 0.0010610000000000001 0.003091 0.071613999999999983 0.017849000000000011 0 0 3
100 uniform 4 0 0.54088199999999997 6.8381684854265732 1 134 0.30864599999999998 0.015911999999999999 0.1739200000000001 0.0072919999999999999 0.0019400000000000001 0.0027290000000000001 0.010352 0.14637500000000001 0.021003999999999998 0 0.026553 0.00074899999999999999 0.00096099999999999994 0.00078700000000000005 0.0040399999999999993 0.11079200000000004 0.042257000000000003 0 0 0
100 uniform 4 7 0.46941699999999997 7.0317663939283879 1 134 0.20429800000000001 0.015056999999999999 0.20854500000000001 0.006879999999999999 0.001629 0.0026900000000000001 0.0098279999999999999 0.045081000000000003 0.020524000000000001 0 0.025836999999999999 0.00080099999999999995 0.00099200000000000004 0.00070799999999999997 0.0045080000000000007 0.14486299999999999 0.042386999999999987 0 0 1
100 uniform 4 15 0.484541 7.2786422263544743 1 150 0.19647899999999999 0.015108 0.22665600000000002 0.0078560000000000001 0.0017209999999999999 0.002447 0.010012999999999999 0.040702000000000002 0.021774000000000002 0 0.025138000000000001 0.00077999999999999999 0.00095099999999999991 0.00072199999999999999 0.0040780000000000009 0.15635400000000002 0.046595000000000053 0 0 2
100 uniform 4 23 0.493282 7.5578759813296958 1 149 0.21005299999999999 0.020005999999999999 0.21805399999999997 0.0076620000000000004 0.001714 0.00248 0.0099349999999999994 0.050549999999999998 0.021787000000000001 0 0.024539999999999999 0.00071500000000000003 0.0010269999999999999 0.00076900000000000004 0.0040219999999999995 0.14984399999999989 0.045124000000000011 0 0 3
101 linear 0 0 0.77514799999999995 1496.8946999900502 1 59 0.61742399999999997 0.012685 0.12478599999999999 0.0033119999999999998 0.00082899999999999988 0.0030370000000000002 0.010562999999999999 0.18119399999999999 0.063594999999999999 0 0.025839999999999998 0.00081999999999999998 0.24542800000000001 0.0011739999999999999 0.00349 0.075029999999999972 0.019732000000000003 0.0062980000000000024 0 0
101 linear 0 7 0.64753000000000005 1487.7176393889358 1 59 0.40406199999999998 0.012207000000000001 0.21157400000000007 0.0028760000000000001 0.00071100000000000004 0.002686 0.0099229999999999995 0.055529000000000002 0.063662999999999997 0 0.025742000000000001 0.00075600000000000005 0.16225799999999999 0.00098299999999999993 0.0032680000000000001 0.16603300000000007 0.015930000000000007 0.0063130000000000018 0 1
101 linear 0 15 0.72592699999999999 1474.8317447642571 1 59 0.49090499999999998 0.012128999999999999 0.20279300000000003 0.0029229999999999998 0.0008160000000000001 0.0025609999999999999 0.0097059999999999994 0.051207000000000003 0.073195999999999997 0 0.025523000000000001 0.00082899999999999998 0.24628499999999998 0.00094600000000000001 0.0032209999999999995 0.15713299999999999 0.015988000000000002 0.0063230000000000014 0 2
101 linear 0 23 0.65751400000000004 1459.4841252848823 1 59 0.403839 0.012005 0.22176699999999996 0.0030300000000000001 0.00074200000000000004 0.0025479999999999999 0.0097909999999999994 0.055499 0.062966999999999995 0 0.025294000000000001 0.00076099999999999996 0.16577599999999998 0.00094600000000000001 0.0032339999999999999 0.17288700000000001 0.015961999999999997 0.0062940000000000019 0 3
101 linear 1 0 0.50104800000000005 253.70529424317769 1 74 0.29668299999999997 0.013256 0.16644499999999998 0.0040549999999999996 0.0010940000000000001 0.0028370000000000001 0.011070999999999999 0.14552200000000001 0.021689 0 0.026138999999999999 0.00080099999999999995 0.00080000000000000004 0.0010660000000000001 0.0034039999999999999 0.10323800000000002 0.021826000000000005 0.0077160000000000024 0 0
101 linear 1 7 0.46698200000000001 274.90408478815363 1 66 0.18388699999999999 0.012703000000000001 0.24792900000000001 0.0034610000000000001 0.00098099999999999988 0.0025639999999999999 0.010272999999999999 0.039958 0.021065 0 0.025432 0.00082700000000000004 0.00082299999999999995 0.00095799999999999998 0.0033309999999999998 0.18879699999999999 0.020970999999999986 0.0067640000000000018 0 1
101 linear 1 15 0.46484700000000001 288.0229382750332 1 66 0.185557 0.012544 0.245256 0.0030970000000000004 0.00084000000000000003 0.0024580000000000001 0.0099100000000000004 0.043646999999999998 0.020582 0 0.024978 0.000785 0.00080400000000000003 0.00094600000000000001 0.0033519999999999995 0.187357 0.019707999999999996 0.0067780000000000028 0 2
101 linear 1 23 0.47475099999999998 293.06027811091923 1 66 0.17216799999999999 0.012520999999999999 0.2687190000000001 0.0030959999999999998 0.00078000000000000009 0.0023149999999999998 0.0091870000000000007 0.032537999999999997 0.020639999999999999 0 0.025263000000000001 0.000794 0.00077400000000000006 0.00090600000000000001 0.0032980000000000002 0.20779399999999992 0.022741999999999991 0.0067750000000000006 0 3
101 linear 2 0 0.53793100000000005 8.4094102000840412 1 75 0.33190799999999998 0.011467 0.168319 0.0039220000000000001 0.0013359999999999999 0.002738 0.010383 0.17942900000000001 0.021998 0 0.025957999999999998 0.00079000000000000001 0.00081499999999999986 0.0010009999999999999 0.0034770000000000001 0.075650999999999982 0.027619999999999978 0.0063020000000000003 0 0
101 linear 2 7 0.51835500000000001 15.273691634917157 1 67 0.20605399999999999 0.01112 0.27763599999999999 0.0034419999999999997 0.001054 0.002787 0.010423 0.052038000000000001 0.021861999999999999 0 0.026748999999999998 0.00088000000000000003 0.00078300000000000006 0.0010529999999999999 0.0034689999999999999 0.20230200000000004 0.024153999999999988 0.0060660000000000011 0 1
101 linear 2 15 0.50529599999999997 23.53194618788164 1 67 0.204204 0.010769000000000001 0.26777000000000006 0.00332 0.00094299999999999994 0.0028 0.0099950000000000004 0.056222000000000001 0.021479000000000002 0 0.026046 0.00094200000000000002 0.00082200000000000003 0.001005 0.0033 0.19200900000000001 0.024820999999999982 0.0060670000000000003 0 2
101 linear 2 23 0.50421099999999996 31.974566262122156 1 67 0.194108 0.010621999999999999 0.27660699999999994 0.0032949999999999998 0.0010679999999999999 0.0025660000000000001 0.0092329999999999999 0.051665999999999997 0.021166999999999998 0 0.025059000000000001 0.00087200000000000005 0.00082300000000000006 0.00086200000000000003 0.0031619999999999999 0.20145200000000002 0.023886999999999981 0.0060699999999999999 0 3
101 linear 3 0 0.52615900000000004 28.691836855265272 1 53 0.40478399999999998 0.010208 0.088794000000000012 0.0037620000000000002 0.00072399999999999993 0.0029819999999999998 0.011509999999999999 0.18032899999999999 0.098205000000000001 0 0.026110000000000001 0.00084000000000000003 0.00061900000000000008 0.001235 0.0033919999999999996 0.036613000000000014 0.017163000000000001 0.0050039999999999989 0 0
101 linear 3 7 0.42355599999999999 28.673545795089275 1 53 0.261818 0.012109 0.12731099999999998 0.003803 0.00065400000000000007 0.0028159999999999999 0.011025999999999999 0.052575999999999998 0.088058999999999998 0 0.025898000000000001 0.00080800000000000002 0.00061200000000000002 0.0011839999999999999 0.003408 0.074925999999999979 0.017744999999999997 0.0050219999999999987 0 1
101 linear 3 15 0.46311600000000003 28.652665787079258 1 53 0.30382500000000001 0.0090799999999999995 0.12790000000000001 0.0034810000000000002 0.00073600000000000011 0.0026459999999999999 0.010935 0.052672999999999998 0.13020300000000001 0 0.026187999999999999 0.00081099999999999998 0.00057200000000000003 0.001196 0.0034869999999999996 0.074136999999999995 0.018908999999999999 0.0049590000000000016 0 2
101 linear 3 23 0.41917500000000002 28.631811411079465 1 53 0.26230900000000001 0.0084600000000000005 0.12690699999999996 0.0033709999999999999 0.000669 0.0027929999999999999 0.010154 0.051132999999999998 0.094488000000000003 0 0.025784999999999999 0.00077700000000000002 0.00060899999999999995 0.0012179999999999999 0.0030289999999999996 0.076112000000000013 0.017155000000000004 0.0048690000000000018 0 3
101 linear 4 0 0.46895199999999998 4.5493093802485483 1 61 0.28703899999999999 0.0095239999999999995 0.147979 0.0035119999999999999 0.00089100000000000008 0.0029260000000000002 0.010541999999999999 0.145348 0.021395999999999998 0 0.025697999999999999 0.00078600000000000002 0.00059600000000000007 0.001186 0.0032659999999999998 0.08229199999999999 0.021158999999999994 0.0056029999999999995 0 0
101 linear 4 7 0.42608200000000002 4.549425056987503 1 61 0.17086399999999999 0.009273 0.22168299999999996 0.0035220000000000004 0.00079999999999999993 0.0025860000000000002 0.0097169999999999999 0.034694999999999997 0.020694000000000001 0 0.024826000000000001 0.000812 0.00060099999999999997 0.00098799999999999995 0.0030669999999999998 0.15670800000000001 0.020747999999999982 0.0056029999999999986 0 1
101 linear 4 15 0.43919799999999998 4.5495572591494815 1 61 0.17740600000000001 0.0091529999999999997 0.22850699999999999 0.0036099999999999995 0.00077000000000000007 0.0025339999999999998 0.012973999999999999 0.039626000000000001 0.020691999999999999 0 0.025085 0.00079500000000000003 0.00059199999999999997 0.00096400000000000001 0.003016 0.16423299999999993 0.020191999999999988 0.0055870000000000026 0 2
101 linear 4 23 0.42174400000000001 4.5496894615626715 1 61 0.167549 0.0093650000000000001 0.22057499999999997 0.0035060000000000004 0.0007899999999999999 0.0023540000000000002 0.0092479999999999993 0.034832000000000002 0.020576000000000001 0 0.024761999999999999 0.00066600000000000003 0.00058799999999999998 0.0009810000000000001 0.0030589999999999997 0.15563999999999992 0.020923999999999974 0.0056060000000000016 0 3
101 uniform 0 0 0.75375000000000003 1453.4943755514075 1 59 0.62130399999999997 0.012458 0.09995900000000002 0.003058 0.00093499999999999996 0.0027290000000000001 0.010451 0.186858 0.062153 0 0.025649000000000002 0.00079299999999999998 0.24568400000000001 0.0011490000000000001 0.0033559999999999996 0.074634000000000034 0.016389000000000004 0 0 0
101 uniform 0 7 0.62753400000000004 1442.2237939517972 1 59 0.40488099999999999 0.012115000000000001 0.190914 0.0027980000000000001 0.00071600000000000006 0.0023530000000000001 0.0097909999999999994 0.055738999999999997 0.063662999999999997 0 0.025281000000000001 0.00068499999999999995 0.16475099999999998 0.0010219999999999999 0.0032690000000000002 0.16608000000000001 0.015965000000000003 0 0 1
101 uniform 0 15 0.69760100000000003 1427.5822166986977 1 59 0.48529499999999998 0.011981 0.18127399999999999 0.0026360000000000003 0.00069200000000000002 0.0023389999999999999 0.0093089999999999996 0.051265999999999999 0.072706999999999994 0 0.025034000000000001 0.00082899999999999998 0.24242000000000002 0.0010319999999999999 0.0032789999999999998 0.15632199999999996 0.015934000000000004 0 0 2
101 uniform 0 23 0.63275999999999999 1411.1484478391394 1 59 0.40367199999999998 0.011884 0.19813800000000001 0.0025319999999999995 0.00072099999999999996 0.002349 0.012921 0.055412999999999997 0.062851000000000004 0 0.024801 0.000736 0.16560600000000003 0.00092800000000000001 0.0032250000000000004 0.17334000000000008 0.015926999999999997 0 0 3
101 uniform 1 0 0.50631400000000004 260.33575933676246 1 90 0.29555199999999998 0.013109000000000001 0.16839700000000002 0.0049579999999999997 0.001147 0.002506 0.010399 0.145541 0.023095999999999998 0 0.025989999999999999 0.00077999999999999999 0.00080800000000000002 0.0010150000000000001 0.0032450000000000001 0.12859400000000001 0.026304000000000008 0 0 0
101 uniform 1 7 0.44141900000000001 278.58538823809528 1 66 0.187886 0.012782 0.21865100000000004 0.003382 0.00084499999999999994 0.002545 0.010206 0.039687 0.022804999999999999 0 0.025732000000000001 0.00087299999999999997 0.00083200000000000006 0.001126 0.0033799999999999993 0.18925800000000001 0.019273999999999989 0 0 1
101 uniform 1 15 0.44491799999999998 286.92305387982094 1 66 0.18900700000000001 0.012607999999999999 0.22179199999999993 0.0030530000000000002 0.0008160000000000001 0.0026940000000000002 0.0097730000000000004 0.043574000000000002 0.022098 0 0.025479000000000002 0.000776 0.00079299999999999998 0.00098999999999999999 0.0032910000000000001 0.19186400000000001 0.019823999999999991 0 0 2
101 uniform 1 23 0.44530900000000001 287.81667231815652 1 66 0.175013 0.012546 0.23651000000000005 0.0028720000000000004 0.00076399999999999992 0.0023900000000000002 0.0090600000000000003 0.032390000000000002 0.02215 0 0.025812999999999999 0.00077200000000000001 0.00080399999999999992 0.00094700000000000003 0.0031910000000000003 0.20724900000000002 0.019343999999999986 0 0 3
101 uniform 2 0 0.46751999999999999 10.35378933482674 1 67 0.33318300000000001 0.011342 0.10033099999999998 0.0031099999999999999 0.0010890000000000001 0.0027669999999999999 0.010472 0.17967 0.022124999999999999 0 0.026112 0.00085999999999999998 0.00084199999999999998 0.00094899999999999997 0.0035309999999999999 0.066049999999999998 0.024277999999999987 0 0 0
101 uniform 2 7 0.47179700000000002 18.226950419925487 1 67 0.20363200000000001 0.011154000000000001 0.23439400000000005 0.0031050000000000006 0.00096900000000000003 0.0026090000000000002 0.013431999999999999 0.051874000000000003 0.021413000000000001 0 0.026402999999999999 0.00078799999999999996 0.00080699999999999999 0.00095100000000000002 0.0033389999999999995 0.20025899999999996 0.024062999999999987 0 0 1
101 uniform 2 15 0.46696599999999999 26.92262916290715 1 67 0.20480499999999999 0.011139 0.22768099999999994 0.0034879999999999998 0.00099400000000000009 0.002594 0.0096120000000000008 0.056155999999999998 0.021614999999999999 0 0.025978000000000001 0.00085099999999999998 0.00084399999999999992 0.0010139999999999999 0.0033 0.19267199999999998 0.024948999999999992 0 0 2
101 uniform 2 23 0.46693400000000002 35.286361493123195 1 67 0.201322 0.010815999999999999 0.23213499999999998 0.0032059999999999996 0.00098799999999999995 0.0023869999999999998 0.0093200000000000002 0.057376000000000003 0.02137 0 0.025249000000000001 0.00079799999999999999 0.00085099999999999998 0.00095299999999999996 0.0032039999999999998 0.19831800000000002 0.023776999999999972 0 0 3
101 uniform 3 0 0.46378900000000001 28.693591539721488 1 37 0.39760099999999998 0.0087980000000000003 0.042549000000000003 0.0019229999999999998 0.00063199999999999997 0.0028709999999999999 0.010078999999999999 0.17910599999999999 0.095102000000000006 0 0.02622 0.00083500000000000002 0.00061399999999999996 0.001302 0.0030400000000000002 0.026812999999999997 0.010190999999999999 0 0 0
101 uniform 3 7 0.34972700000000001 28.675296200247754 1 37 0.25643100000000002 0.0085730000000000008 0.070218000000000003 0.0019040000000000001 0.00051800000000000001 0.0027859999999999998 0.0094809999999999998 0.051135 0.087819999999999995 0 0.025842 0.00087200000000000005 0.00062500000000000001 0.0012099999999999999 0.0030220000000000004 0.053621999999999989 0.011014999999999997 0 0 1
101 uniform 3 15 0.38591599999999998 28.654411316168456 1 37 0.29214099999999998 0.0087329999999999994 0.070508000000000029 0.0017899999999999999 0.00048000000000000001 0.0025179999999999998 0.0093380000000000008 0.051053000000000001 0.125447 0 0.026075000000000001 0.00085599999999999999 0.00057799999999999995 0.0011000000000000001 0.0030000000000000001 0.053934999999999997 0.010932000000000002 0 0 2
101 uniform 3 23 0.35077900000000001 28.633552079623424 1 37 0.25882699999999997 0.0084239999999999992 0.067115000000000008 0.0039370000000000004 0.00046300000000000003 0.0023839999999999998 0.0091669999999999998 0.051076000000000003 0.094008999999999995 0 0.025412000000000001 0.00074700000000000005 0.000602 0.001116 0.0029859999999999999 0.050993999999999998 0.010549999999999997 0 0 3
101 uniform 4 0 0.39506799999999997 4.5493093870649597 1 45 0.28762500000000002 0.0095099999999999994 0.08019500000000003 0.002297 0.00072899999999999994 0.0026419999999999998 0.010149 0.14508099999999999 0.021465000000000001 0 0.026093999999999999 0.00084699999999999999 0.00061300000000000005 0.0012390000000000001 0.0033209999999999997 0.057395000000000002 0.015853999999999997 0 0 0
101 uniform 4 7 0.33870299999999998 4.5494250637647919 1 45 0.170822 0.009384 0.14068800000000001 0.0023540000000000002 0.00065400000000000007 0.0023969999999999998 0.0094599999999999997 0.034995999999999999 0.020629000000000002 0 0.025031000000000001 0.00084099999999999995 0.00060700000000000001 0.001085 0.003042 0.11804000000000001 0.015625999999999998 0 0 1
101 uniform 4 15 0.40109699999999998 4.5495572659523571 1 45 0.17710600000000001 0.010529999999999999 0.19423699999999999 0.0024529999999999999 0.00063000000000000003 0.0023219999999999998 0.0089049999999999997 0.039827000000000001 0.022860999999999999 0 0.025104000000000001 0.00080000000000000004 0.00059600000000000007 0.00097799999999999992 0.0032829999999999999 0.16624 0.017592 0 0 2
101 uniform 4 23 0.36690699999999998 4.5496894683531508 1 45 0.17255100000000001 0.010496 0.16548099999999999 0.0022760000000000002 0.00062100000000000002 0.0032399999999999998 0.0086119999999999999 0.036172999999999997 0.022959 0 0.025087999999999999 0.00073300000000000004 0.00059999999999999995 0.00096299999999999999 0.0032479999999999996 0.13084899999999997 0.023781999999999991 0 0 3
102 linear 0 0 0.64919899999999997 452.42254789400914 1 66 0.48878100000000002 0.013742000000000001 0.124005 0.0038429999999999996 0.0010690000000000001 0.003104 0.011538 0.156776 0.024753000000000001 0 0.026297000000000001 0.00077899999999999996 0.17284300000000002 0.001059 0.0037920000000000002 0.076413999999999954 0.020326999999999991 0.0078999999999999973 0 0
102 linear 0 7 0.67757299999999998 418.62098721604843 1 66 0.376413 0.012423 0.26606599999999991 0.0040840000000000008 0.00085599999999999999 0.002934 0.011554 0.028240000000000001 0.023904999999999999 0 0.026919999999999999 0.00086799999999999996 0.19179399999999999 0.0010889999999999999 0.003568 0.22039799999999993 0.019419000000000002 0.0076070000000000018 0 1
102 linear 0 15 0.57052999999999998 375.00242090290442 1 66 0.28173900000000002 0.012204 0.25463900000000006 0.0036129999999999999 0.00082200000000000003 0.0025200000000000001 0.0099129999999999999 0.027389 0.020854000000000001 0 0.031220000000000001 0.00080699999999999999 0.102827 0.0010250000000000001 0.0033430000000000005 0.20885899999999999 0.019630999999999999 0.0076060000000000034 0 2
102 linear 0 23 0.63282400000000005 326.94360734125195 1 74 0.308618 0.012061000000000001 0.28683999999999993 0.003921 0.00098099999999999988 0.0022780000000000001 0.0092490000000000003 0.029642000000000002 0.021089 0 0.026256999999999999 0.00079100000000000004 0.13428899999999999 0.0010510000000000001 0.0032049999999999995 0.23551299999999994 0.022631000000000005 0.0085500000000000038 0 3
102 linear 1 0 0.80741499999999999 1524.9817180478642 1 121 0.46033299999999999 0.010156 0.28778400000000004 0.010485 0.0013239999999999999 0.002624 0.010083 0.18651999999999999 0.032088999999999999 0 0.026197000000000002 0.00084500000000000005 0.109512 0.001062 0.0034620000000000002 0.1492740000000001 0.061891999999999975 0.021898999999999998 0 0
102 linear 1 7 0.81586499999999995 1464.1675746922861 1 121 0.32568999999999998 0.0096039999999999997 0.43385699999999988 0.0086119999999999999 0.00114 0.0025720000000000001 0.0095820000000000002 0.056396000000000002 0.032814000000000003 0 0.026291999999999999 0.000794 0.10968399999999999 0.001013 0.0033739999999999998 0.29577400000000009 0.061686000000000012 0.021952999999999993 0 1
102 linear 1 15 0.86605200000000004 1391.9637472609027 1 121 0.390824 0.0094839999999999994 0.41940700000000014 0.0085050000000000004 0.001145 0.0024020000000000001 0.0093200000000000002 0.051298999999999997 0.032555000000000001 0 0.025243999999999999 0.000776 0.18329300000000001 0.00082600000000000002 0.0031579999999999998 0.28142100000000003 0.060986999999999993 0.02188 0 2
102 linear 1 23 0.92995300000000003 1318.6337085780219 1 121 0.43753999999999998 0.012161 0.4324179999999998 0.008938999999999999 0.0012950000000000001 0.0023 0.0091769999999999994 0.051318999999999997 0.032620999999999997 0 0.025454000000000001 0.00074100000000000001 0.22745400000000002 0.001023 0.0033569999999999997 0.2931180000000001 0.062011999999999977 0.021868999999999993 0 3
102 linear 2 0 0.84160900000000005 1010.388729866636 1 126 0.48107899999999998 0.017415 0.29587199999999997 0.0080049999999999982 0.0018339999999999999 0.002856 0.0098110000000000003 0.185666 0.032060999999999999 0 0.026098 0.00087100000000000003 0.114103 0.00054199999999999995 0.004350999999999999 0.17288600000000018 0.054269999999999999 0.018623999999999984 0 0
102 linear 2 7 0.90024599999999999 1066.41930336415 1 126 0.42832900000000002 0.016813999999999999 0.40844499999999989 0.0077550000000000006 0.001678 0.0025959999999999998 0.0095160000000000002 0.051489 0.031959000000000001 0 0.025444999999999999 0.00081599999999999999 0.20007100000000003 0.00054900000000000001 0.0042039999999999994 0.28528300000000012 0.054916000000000006 0.018566999999999997 0 1
102 linear 2 15 0.91207400000000005 1146.8678832622779 1 126 0.43969599999999998 0.016407000000000001 0.40982300000000021 0.0076469999999999993 0.0015420000000000002 0.002545 0.0099559999999999996 0.051115000000000001 0.030641000000000002 0 0.025396999999999999 0.00083699999999999996 0.217302 0.00047199999999999998 0.0041120000000000002 0.28806999999999999 0.053282000000000031 0.018530999999999999 0 2
102 linear 2 23 0.917991 1276.0437498538672 1 126 0.43857600000000002 0.01379 0.42405799999999993 0.0069269999999999991 0.0016620000000000001 0.0024069999999999999 0.0095860000000000008 0.051140999999999999 0.031696000000000002 0 0.025624999999999998 0.00083299999999999997 0.22245199999999998 0.00073899999999999997 0.0040829999999999998 0.30021300000000001 0.055916999999999988 0.018591999999999994 0 3
102 linear 3 0 0.43712099999999998 2.864088691718945 1 61 0.31195099999999998 0.0086990000000000001 0.091652999999999984 0.004045 0.00101 0.0029729999999999999 0.011124 0.16208500000000001 0.021812000000000002 0 0.026200999999999999 0.00090700000000000004 0.0017980000000000001 0.0012869999999999999 0.0034080000000000004 0.043608999999999967 0.021040999999999997 0.0067870000000000005 0 0
102 linear 3 7 0.42385699999999998 2.8644655757565474 1 61 0.18254999999999999 0.0082909999999999998 0.20820600000000006 0.0039049999999999996 0.00088699999999999998 0.0027550000000000001 0.010201 0.040771000000000002 0.021201999999999999 0 0.025929000000000001 0.00083100000000000003 0.0017360000000000001 0.001103 0.0032059999999999996 0.16053499999999996 0.020549000000000012 0.0067710000000000027 0 1
102 linear 3 15 0.41872199999999998 2.8648965104519002 1 61 0.17629300000000001 0.0083610000000000004 0.21001000000000011 0.0035839999999999995 0.00078600000000000002 0.0026020000000000001 0.0099260000000000008 0.038032999999999997 0.020753000000000001 0 0.026016000000000001 0.00076199999999999998 0.0017819999999999999 0.0010690000000000001 0.0031149999999999997 0.16235899999999998 0.020589 0.0067859999999999995 0 2
102 linear 3 23 0.420097 2.8653276693688685 1 61 0.17673900000000001 0.0081049999999999994 0.21136899999999997 0.0034449999999999997 0.00071099999999999994 0.002477 0.0095409999999999991 0.042025 0.020719000000000001 0 0.025075 0.00076400000000000003 0.0017029999999999999 0.000968 0.0030440000000000003 0.16376400000000002 0.02080100000000001 0.006760000000000003 0 3
102 linear 4 0 0.50887899999999997 14.446320495625374 1 99 0.30671700000000002 0.015469 0.14664999999999992 0.006324999999999999 0.0014940000000000001 0.0027750000000000001 0.015994999999999999 0.14291899999999999 0.021455999999999999 0 0.026283999999999998 0.00077399999999999995 0.0026340000000000001 0.00078100000000000001 0.0036389999999999999 0.067174000000000011 0.041406999999999985 0.011860999999999997 0 0
102 linear 4 7 0.70607399999999998 14.515569201325459 1 99 0.299593 0.013931000000000001 0.35252199999999984 0.0062389999999999998 0.001405 0.002908 0.011474 0.030924 0.024413000000000001 0 0.026287999999999999 0.00075299999999999998 0.106631 0.00069499999999999998 0.0036950000000000004 0.27526200000000006 0.039125000000000007 0.011837999999999998 0 1
102 linear 4 15 0.71234399999999998 14.596640324634992 1 99 0.32729399999999997 0.013776 0.33272399999999996 0.0058989999999999997 0.001219 0.002751 0.010307999999999999 0.031061999999999999 0.023671999999999999 0 0.026963999999999998 0.00074600000000000003 0.13895999999999997 0.00064599999999999998 0.0038400000000000001 0.25657600000000003 0.038163000000000002 0.011574000000000004 0 2
102 linear 4 23 0.64969399999999999 14.679867630040398 1 99 0.28278199999999998 0.013299999999999999 0.31581700000000007 0.0057219999999999997 0.0011649999999999998 0.0025170000000000001 0.0095759999999999994 0.024746000000000001 0.025080000000000002 0 0.025191999999999999 0.000776 0.10675 0.00066600000000000003 0.0034220000000000006 0.24079200000000003 0.038092999999999974 0.011518999999999996 0 3
102 uniform 0 0 0.61342600000000003 439.89169090470256 1 66 0.478796 0.012422000000000001 0.10015599999999998 0.0036490000000000003 0.0010840000000000001 0.002673 0.010459 0.154836 0.021774000000000002 0 0.026151000000000001 0.00077700000000000002 0.17247999999999999 0.0012340000000000001 0.0034770000000000005 0.070720999999999978 0.019514000000000007 0 0 0
102 uniform 0 7 0.65269699999999997 409.987958736206 1 66 0.36957499999999999 0.012271000000000001 0.24924200000000005 0.0030860000000000002 0.000745 0.0027499999999999998 0.010642 0.026735999999999999 0.021122999999999999 0 0.026831000000000001 0.00087100000000000003 0.19202899999999998 0.0010740000000000001 0.0033650000000000004 0.219939 0.019349000000000009 0 0 1
102 uniform 0 15 0.54785399999999995 371.82160325306842 1 66 0.277001 0.012063000000000001 0.23750100000000002 0.0029319999999999997 0.00072199999999999999 0.0023709999999999998 0.0097070000000000004 0.027172999999999999 0.020875000000000001 0 0.028358000000000001 0.00099599999999999992 0.102726 0.00099200000000000004 0.0032909999999999997 0.20797800000000005 0.0195 0 0 2
102 uniform 0 23 0.59130099999999997 329.70206357817841 1 66 0.30862499999999998 0.011986999999999999 0.24956699999999998 0.0029090000000000001 0.00069700000000000003 0.0022980000000000001 0.0092020000000000001 0.029626 0.020955000000000001 0 0.026096000000000001 0.00074799999999999997 0.13500799999999999 0.00087500000000000002 0.0032239999999999999 0.21981300000000009 0.019383000000000001 0 0 3
102 uniform 1 0 0.74867799999999995 1537.5624441901132 1 121 0.459374 0.010034 0.23171100000000003 0.0091590000000000005 0.00132 0.002454 0.0095149999999999992 0.186418 0.033590000000000002 0 0.025926999999999999 0.00086300000000000005 0.10938199999999999 0.0010740000000000001 0.0034579999999999997 0.14871499999999996 0.061746000000000023 0 0 0
102 uniform 1 7 0.76419899999999996 1477.7905613106655 1 121 0.32934099999999999 0.0097230000000000007 0.37816499999999997 0.0084920000000000013 0.0011279999999999999 0.002562 0.010037000000000001 0.051652999999999998 0.033651 0 0.026193999999999999 0.00088599999999999996 0.109732 0.0010480000000000001 0.0034110000000000004 0.29495900000000008 0.061919000000000064 0 0 1
102 uniform 1 15 0.81567500000000004 1406.3576391137813 1 121 0.38806200000000002 0.019014 0.36330800000000008 0.0076600000000000001 0.001073 0.0023649999999999999 0.009809 0.051322 0.033480999999999997 0 0.025113 0.00080199999999999998 0.177701 0.0009990000000000001 0.0031550000000000003 0.28051699999999991 0.061149000000000009 0 0 2
102 uniform 1 23 0.86138599999999999 1333.1361321474437 1 121 0.42843799999999999 0.012271000000000001 0.37530499999999978 0.0076399999999999992 0.0012199999999999999 0.0022439999999999999 0.0094889999999999992 0.051272999999999999 0.032578999999999997 0 0.025527999999999999 0.00072300000000000001 0.22133200000000003 0.00091500000000000001 0.0031830000000000001 0.29185800000000001 0.062109000000000046 0 0 3
102 uniform 2 0 0.78776000000000002 1016.1469159343541 1 126 0.472557 0.017415 0.25147700000000012 0.0070909999999999992 0.0017520000000000001 0.0024650000000000002 0.0096170000000000005 0.186032 0.032712999999999999 0 0.025864000000000002 0.00091100000000000003 0.10971900000000001 0.00061499999999999999 0.0042560000000000002 0.17667800000000003 0.054330000000000017 0 0 0
102 uniform 2 7 0.84438899999999995 1074.1353558088663 1 126 0.426452 0.016809000000000001 0.35484900000000003 0.0071679999999999999 0.0015250000000000001 0.002483 0.0099019999999999993 0.051493999999999998 0.030304999999999999 0 0.025566999999999999 0.00081400000000000005 0.19970700000000002 0.00054900000000000001 0.0042690000000000002 0.27926699999999999 0.05503000000000003 0 0 1
102 uniform 2 15 0.86722200000000005 1158.9102882929149 1 126 0.44791399999999998 0.016420000000000001 0.35719700000000015 0.006796 0.0015140000000000002 0.002696 0.010094000000000001 0.057924999999999997 0.030669999999999999 0 0.025884000000000001 0.00086700000000000004 0.21672600000000003 0.000486 0.0040689999999999997 0.28355499999999995 0.053217999999999994 0 0 2
102 uniform 2 23 0.86836199999999997 1302.1775387012087 1 126 0.44298500000000002 0.013677 0.37144400000000011 0.0060040000000000007 0.0014669999999999996 0.0024680000000000001 0.0096959999999999998 0.051562999999999998 0.031521 0 0.025443 0.00084000000000000003 0.222527 0.00068999999999999997 0.0039900000000000005 0.29973899999999981 0.050935000000000036 0 0 3
102 uniform 3 0 0.400088 2.8640886960766636 1 45 0.31578299999999998 0.0086119999999999999 0.057735999999999989 0.002408 0.000794 0.002882 0.010921999999999999 0.161936 0.021923000000000002 0 0.025857000000000002 0.00080599999999999997 0.001949 0.001284 0.0032620000000000006 0.034800999999999985 0.016211999999999994 0 0 0
102 uniform 3 7 0.33480300000000002 2.8644655801484937 1 45 0.18191199999999999 0.0083160000000000005 0.126667 0.002346 0.00066699999999999995 0.002735 0.010281 0.040718999999999998 0.021166999999999998 0 0.025625999999999999 0.00084500000000000005 0.0017829999999999999 0.001163 0.003065 0.10421900000000002 0.015696000000000005 0 0 1
102 uniform 3 15 0.34442600000000001 2.8648965148825507 1 45 0.176569 0.0082330000000000007 0.14177400000000001 0.0022919999999999998 0.00064999999999999997 0.0024650000000000002 0.0097470000000000005 0.037976999999999997 0.020961 0 0.025964000000000001 0.00074700000000000005 0.0018810000000000003 0.0011119999999999999 0.0030090000000000004 0.118578 0.016253999999999998 0 0 2
102 uniform 3 23 0.38677499999999998 2.8653276738386073 1 45 0.18917700000000001 0.0095490000000000002 0.16913500000000001 0.002408 0.000687 0.0025040000000000001 0.010826000000000001 0.043195999999999998 0.023573 0 0.025288999999999999 0.00069099999999999999 0.0028909999999999999 0.0011360000000000001 0.0033939999999999999 0.13653999999999999 0.022716000000000007 0 0 3
102 uniform 4 0 0.44445600000000002 14.470538824588177 1 67 0.30956800000000001 0.015311999999999999 0.093201999999999993 0.0034039999999999999 0.0010969999999999999 0.0028860000000000001 0.011629 0.1444 0.024448999999999999 0 0.026165000000000001 0.00082600000000000002 0.0026719999999999999 0.00075100000000000004 0.0038570000000000002 0.055760999999999991 0.02687200000000001 0 0 0
102 uniform 4 7 0.55546799999999996 14.540706123799643 1 67 0.29343399999999997 0.01487 0.22118300000000007 0.003349 0.00093000000000000005 0.0026849999999999999 0.010949 0.030466 0.023703999999999999 0 0.025811000000000001 0.00080500000000000005 0.10632499999999999 0.000696 0.0037950000000000006 0.18515400000000001 0.025742000000000015 0 0 1
102 uniform 4 15 0.54070200000000002 14.622890343897945 1 67 0.315191 0.013282 0.18711999999999998 0.003225 0.00090300000000000016 0.0024450000000000001 0.0095809999999999992 0.029229999999999999 0.020523 0 0.025291000000000001 0.00077899999999999996 0.13889200000000002 0.000669 0.0034189999999999997 0.15299200000000004 0.024072 0 0 2
102 uniform 4 23 0.51894200000000001 14.707303967965645 1 67 0.28323799999999999 0.014615 0.19461200000000003 0.0033630000000000001 0.00080100000000000006 0.002366 0.0091929999999999998 0.024653000000000001 0.020426 0 0.025444000000000001 0.000785 0.11078399999999999 0.00071100000000000004 0.0037949999999999998 0.15642900000000001 0.027129999999999998 0 0 3
103 linear 0 0 0.589036 522.58029466688151 1 82 0.34550700000000001 0.013576 0.19946100000000005 0.0055300000000000002 0.0014480000000000001 0.0028779999999999999 0.010144 0.181948 0.032743000000000001 0 0.026537000000000002 0.00079000000000000001 0.0015670000000000003 0.001101 0.0035329999999999997 0.136076 0.025406000000000012 0.011176999999999996 0 0
103 linear 0 7 0.53668499999999997 505.94293114023975 1 82 0.21720200000000001 0.0137 0.27599899999999999 0.0051129999999999995 0.001279 0.0028040000000000001 0.010559000000000001 0.051438999999999999 0.032022000000000002 0 0.026046 0.00079799999999999999 0.0015769999999999998 0.001008 0.0033909999999999999 0.21253400000000003 0.025277000000000001 0.011204000000000006 0 1
103 linear 0 15 0.52951800000000004 477.60979090998143 1 82 0.20566899999999999 0.013146 0.27848600000000007 0.005058 0.0012999999999999999 0.0024750000000000002 0.0096710000000000008 0.051042999999999998 0.032023999999999997 0 0.025583999999999999 0.00082100000000000001 0.0015829999999999998 0.00090300000000000005 0.0033869999999999994 0.21427799999999994 0.026204000000000009 0.011141000000000007 0 2
103 linear 0 23 0.51838799999999996 440.51589408520556 1 82 0.20542199999999999 0.012918000000000001 0.27090400000000003 0.0047000000000000002 0.0012980000000000001 0.0023370000000000001 0.0092919999999999999 0.050974999999999999 0.033529000000000003 0 0.025016 0.00077800000000000005 0.0021419999999999998 0.000892 0.003395 0.20757299999999998 0.025196000000000007 0.011164999999999998 0 3
103 linear 1 0 0.53488000000000002 86.23669164830909 1 67 0.34108100000000002 0.012949 0.15765999999999999 0.0037659999999999998 0.0011640000000000001 0.0025079999999999998 0.0099469999999999992 0.181781 0.033945999999999997 0 0.026186999999999998 0.000767 0.00079499999999999992 0.001013 0.0031289999999999998 0.093344999999999997 0.01952799999999999 0.0070250000000000026 0 0
103 linear 1 7 0.467555 103.99882144497884 1 67 0.207397 0.01273 0.22411399999999992 0.0036470000000000005 0.00098399999999999985 0.0024520000000000002 0.0094409999999999997 0.051055000000000003 0.033862000000000003 0 0.025815999999999999 0.00077899999999999996 0.00080600000000000008 0.000892 0.0032139999999999998 0.16687999999999997 0.019757 0.0070170000000000015 0 1
103 linear 1 15 0.45844699999999999 124.36055864126826 1 67 0.204762 0.012742 0.217805 0.0035669999999999999 0.001049 0.002323 0.0089429999999999996 0.050983000000000001 0.033334999999999997 0 0.025042999999999999 0.00079500000000000003 0.00079000000000000001 0.0010460000000000001 0.0033939999999999999 0.16072100000000003 0.019582999999999989 0.0070170000000000015 0 2
103 linear 1 23 0.45563500000000001 144.55037941601935 1 67 0.20651700000000001 0.012442999999999999 0.21392099999999994 0.0033890000000000001 0.00096099999999999994 0.0024780000000000002 0.0097789999999999995 0.051103999999999997 0.033495999999999998 0 0.025946 0.00077399999999999995 0.00080600000000000008 0.00093400000000000004 0.0033349999999999994 0.15698300000000001 0.01947999999999999 0.0070320000000000035 0 3
103 linear 2 0 0.87486699999999995 39.476482618327488 1 75 0.69229399999999996 0.011009 0.14531700000000003 0.0045409999999999999 0.0013059999999999999 0.0028289999999999999 0.011480000000000001 0.18432000000000001 0.14860000000000001 0 0.027009999999999999 0.00085499999999999997 0.22850300000000001 0.00108 0.0033359999999999996 0.075312000000000004 0.032388000000000014 0.0080590000000000019 0 0
103 linear 2 7 0.75975800000000004 37.466005972582003 1 75 0.519621 0.010789 0.20291200000000006 0.0047209999999999995 0.001173 0.0027880000000000001 0.010376 0.051663000000000001 0.11766600000000001 0 0.025499000000000001 0.00087699999999999996 0.22414000000000001 0.001083 0.0031849999999999995 0.13375100000000001 0.031673999999999994 0.0080850000000000019 0 1
103 linear 2 15 0.80891900000000005 35.197205817155101 1 91 0.50641000000000003 0.010737 0.25905100000000009 0.0059779999999999998 0.001181 0.002578 0.010041 0.054665999999999999 0.12567500000000001 0 0.025218999999999998 0.00073999999999999999 0.204258 0.00096299999999999999 0.0032440000000000004 0.17742700000000006 0.037186000000000011 0.0098510000000000073 0 2
103 linear 2 23 0.63968899999999995 32.962503849170254 1 68 0.413968 0.010939000000000001 0.186553 0.004829 0.00094899999999999997 0.00249 0.0097999999999999997 0.054905000000000002 0.124462 0 0.025832999999999998 0.00084699999999999999 0.110183 0.00094399999999999996 0.003326 0.12393199999999999 0.026787999999999992 0.007237000000000003 0 3
103 linear 3 0 0.621363 137.74363763215337 1 83 0.41911399999999999 0.013605000000000001 0.15611699999999995 0.004993 0.0013129999999999999 0.0028210000000000002 0.010599000000000001 0.16544 0.115129 0 0.025690000000000001 0.00073800000000000005 0.0029349999999999997 0.00069800000000000005 0.0036970000000000002 0.076308000000000001 0.039293000000000008 0.0090420000000000032 0 0
103 linear 3 7 0.55593999999999999 135.54834898582368 1 83 0.32034899999999999 0.013318 0.19005899999999989 0.0048450000000000003 0.00115 0.002784 0.0096190000000000008 0.051978999999999997 0.13625200000000001 0 0.025004999999999999 0.00080099999999999995 0.0029390000000000002 0.000754 0.0036570000000000001 0.11121500000000002 0.03838600000000001 0.0090400000000000029 0 1
103 linear 3 15 0.55745599999999995 133.2055321695122 1 83 0.32224799999999998 0.01319 0.1898230000000001 0.0049109999999999996 0.00097400000000000004 0.0026080000000000001 0.0091430000000000001 0.052886000000000002 0.13966100000000001 0 0.025415 0.000745 0.0023470000000000006 0.00072800000000000002 0.0034980000000000002 0.11177200000000005 0.037758 0.0090299999999999998 0 2
103 linear 3 23 0.53520500000000004 131.01610936811286 1 83 0.30605100000000002 0.013051 0.18429900000000002 0.0047330000000000002 0.00096499999999999993 0.0024369999999999999 0.0090760000000000007 0.051526000000000002 0.12598100000000001 0 0.025288999999999999 0.00078700000000000005 0.0023579999999999999 0.00072800000000000002 0.0035140000000000006 0.106867 0.037058000000000008 0.0090309999999999991 0 3
103 linear 4 0 0.61340600000000001 79.006547220841853 1 83 0.41024699999999997 0.016517 0.15294599999999997 0.0051260000000000003 0.0012080000000000001 0.002653 0.0094540000000000006 0.18315500000000001 0.094549999999999995 0 0.025675 0.00084699999999999999 0.0010660000000000001 0.00072999999999999996 0.0036029999999999999 0.066927999999999988 0.044139999999999992 0.0094529999999999996 0 0
103 linear 4 7 0.68694999999999995 76.56696293892999 1 83 0.32558100000000001 0.015977000000000002 0.31150600000000001 0.0050959999999999998 0.0011329999999999999 0.0028080000000000002 0.01111 0.052406000000000001 0.139039 0 0.026379 0.00079500000000000003 0.00096199999999999996 0.00065200000000000002 0.0039090000000000001 0.22598000000000007 0.043090000000000017 0.0093889999999999963 0 1
103 linear 4 15 0.63133700000000004 74.100876637095197 1 90 0.302037 0.015254999999999999 0.28271599999999991 0.0051510000000000002 0.001243 0.0026519999999999998 0.010359999999999999 0.052537 0.119153 0 0.025576000000000002 0.00079699999999999997 0.00099100000000000013 0.00065899999999999997 0.0035039999999999997 0.19691 0.043829000000000028 0.0098650000000000022 0 2
103 linear 4 23 0.63748400000000005 71.913146337918349 1 90 0.29464800000000002 0.014655 0.29550200000000004 0.0051730000000000005 0.001067 0.0024650000000000002 0.008966 0.053525000000000003 0.114645 0 0.025731 0.00074700000000000005 0.000968 0.00073899999999999997 0.0034750000000000007 0.20949999999999996 0.044079999999999966 0.0098330000000000032 0 3
103 uniform 0 0 0.56783700000000004 506.7757267791398 1 82 0.34504299999999999 0.01358 0.17450900000000005 0.0046710000000000007 0.001271 0.002846 0.010525 0.18186099999999999 0.032681000000000002 0 0.026276000000000001 0.00077399999999999995 0.0016329999999999999 0.0011659999999999999 0.0034099999999999998 0.13583200000000009 0.025497000000000002 0 0 0
103 uniform 0 7 0.50350799999999996 488.74402896639697 1 82 0.210228 0.013691999999999999 0.25054300000000002 0.0044709999999999993 0.0010690000000000001 0.0026180000000000001 0.010088 0.051154999999999999 0.032021000000000001 0 0.025696 0.00077999999999999999 0.001611 0.0010369999999999999 0.0035040000000000002 0.21213800000000013 0.025360000000000011 0 0 1
103 uniform 0 15 0.47295399999999999 461.39891159576388 1 74 0.208511 0.013138 0.22481199999999998 0.0040160000000000005 0.00094000000000000008 0.002575 0.010245000000000001 0.051268000000000001 0.032654000000000002 0 0.026450000000000001 0.00082899999999999998 0.0015229999999999998 0.00098400000000000007 0.0033550000000000003 0.18871200000000005 0.024226999999999985 0 0 2
103 uniform 0 23 0.49246099999999998 427.68538773924649 1 82 0.20555999999999999 0.012933999999999999 0.24588400000000002 0.0040269999999999993 0.0012329999999999999 0.0023890000000000001 0.0096319999999999999 0.051082000000000002 0.032113000000000003 0 0.02555 0.00076499999999999995 0.0021489999999999999 0.00089400000000000005 0.0032989999999999998 0.20750600000000002 0.025148999999999991 0 0 3
103 uniform 1 0 0.50112999999999996 95.444071543388915 1 67 0.34284399999999998 0.012978 0.12253199999999996 0.0031470000000000001 0.00098999999999999999 0.0025300000000000001 0.0098429999999999993 0.18166399999999999 0.033846000000000001 0 0.026564000000000001 0.00077099999999999998 0.00081999999999999998 0.00097599999999999998 0.003101 0.092998999999999998 0.019491999999999995 0 0 0
103 uniform 1 7 0.438029 113.04934666931663 1 67 0.206176 0.012666 0.19668299999999994 0.0030610000000000004 0.00084600000000000018 0.0024380000000000001 0.0093240000000000007 0.051172000000000002 0.033563999999999997 0 0.025989000000000002 0.00078100000000000001 0.000767 0.00091699999999999995 0.0031160000000000003 0.16684100000000004 0.019792999999999998 0 0 1
103 uniform 1 15 0.42665900000000001 132.49868836097721 1 67 0.203592 0.012721 0.187947 0.0029480000000000001 0.00091 0.0023029999999999999 0.0090279999999999996 0.051166000000000003 0.033484 0 0.025184999999999999 0.00080800000000000002 0.00078599999999999991 0.00087600000000000004 0.0031769999999999997 0.158383 0.01949699999999999 0 0 2
103 uniform 1 23 0.42201100000000002 151.21010521055933 1 67 0.20214599999999999 0.012326 0.18532200000000004 0.0028770000000000002 0.00098200000000000002 0.0021020000000000001 0.0087639999999999992 0.050992999999999997 0.033137 0 0.025034000000000001 0.00076300000000000001 0.00080399999999999992 0.00088999999999999995 0.00316 0.15591699999999997 0.019462 0 0 3
103 uniform 2 0 0.85192500000000004 43.888612697253613 1 75 0.69411599999999996 0.011374 0.11963199999999996 0.0047089999999999996 0.0011770000000000001 0.0027469999999999999 0.011098999999999999 0.18448800000000001 0.14963199999999999 0 0.026863000000000001 0.00088699999999999998 0.22844900000000001 0.0011130000000000001 0.0034539999999999996 0.075861999999999985 0.03244600000000001 0 0 0
103 uniform 2 7 0.73250800000000005 41.669061389824186 1 75 0.51897700000000002 0.010796999999999999 0.1770459999999999 0.0042389999999999997 0.00090700000000000004 0.0028760000000000001 0.0099050000000000006 0.051677000000000001 0.117451 0 0.025869 0.00089599999999999999 0.22424899999999998 0.0010549999999999999 0.0032819999999999998 0.12941099999999997 0.036368000000000004 0 0 1
103 uniform 2 15 0.72535899999999998 39.117464009438585 1 75 0.50663999999999998 0.010699999999999999 0.18267899999999995 0.0038649999999999999 0.00093900000000000006 0.0023709999999999998 0.0095989999999999999 0.054641000000000002 0.127496 0 0.024997999999999999 0.00077899999999999996 0.204097 0.00099799999999999997 0.0032260000000000001 0.14071400000000001 0.030718999999999996 0 0 2
103 uniform 2 23 0.56601999999999997 36.548016599314217 1 52 0.41199799999999998 0.010919 0.12297 0.0026260000000000003 0.00082200000000000003 0.0024250000000000001 0.0092069999999999999 0.055069 0.12684000000000001 0 0.025498 0.00076300000000000001 0.110072 0.00089700000000000001 0.003212 0.095589999999999994 0.019070999999999991 0 0 3
103 uniform 3 0 0.55416500000000002 138.61389281816284 1 67 0.414516 0.013838 0.099832000000000018 0.0036360000000000003 0.00096999999999999994 0.0028010000000000001 0.010145 0.16547400000000001 0.11475 0 0.02564 0.00077200000000000001 0.0030620000000000005 0.00077099999999999998 0.0037390000000000006 0.059710999999999993 0.029880999999999984 0 0 0
103 uniform 3 7 0.48680600000000002 136.33468770019499 1 67 0.32146400000000003 0.013387 0.12638699999999994 0.0033250000000000003 0.00086299999999999994 0.0027339999999999999 0.010371999999999999 0.052152999999999998 0.136181 0 0.025519 0.00075500000000000003 0.0029029999999999998 0.00076800000000000002 0.003617 0.08721799999999999 0.029051999999999984 0 0 1
103 uniform 3 15 0.485315 133.91075449415246 1 67 0.31868299999999999 0.013073 0.12855 0.0031849999999999999 0.00080699999999999999 0.0024810000000000001 0.0093349999999999995 0.052708999999999999 0.13633400000000001 0 0.025713 0.00071299999999999998 0.0023740000000000002 0.00068000000000000005 0.0034069999999999999 0.089221999999999996 0.029171999999999997 0 0 2
103 uniform 3 23 0.46630899999999997 131.65261924040598 1 67 0.30483199999999999 0.013004 0.12320100000000002 0.0033099999999999996 0.00078499999999999989 0.0023249999999999998 0.0089130000000000008 0.051595000000000002 0.12523000000000001 0 0.025479999999999999 0.00078399999999999997 0.0023179999999999997 0.00068300000000000001 0.0033870000000000003 0.084491999999999998 0.028670999999999978 0 0 3
103 uniform 4 0 0.54364500000000004 79.200121317698489 1 67 0.40179999999999999 0.015008000000000001 0.10147699999999998 0.0034590000000000003 0.00093000000000000005 0.0026540000000000001 0.0093939999999999996 0.17699799999999999 0.094259999999999997 0 0.026041999999999999 0.00081400000000000005 0.00106 0.00069999999999999999 0.0034830000000000004 0.059596999999999997 0.031841999999999995 0 0 0
103 uniform 4 7 0.57381499999999996 76.727198464677102 1 67 0.31373600000000001 0.014864 0.21962100000000004 0.0032890000000000003 0.001023 0.0025200000000000001 0.0091190000000000004 0.051040000000000002 0.13556799999999999 0 0.02564 0.00081899999999999996 0.00097500000000000006 0.00075500000000000003 0.0034829999999999996 0.17744400000000002 0.031755000000000012 0 0 1
103 uniform 4 15 0.64831399999999995 74.23239624022041 1 90 0.29910300000000001 0.016639000000000001 0.29876300000000006 0.0056619999999999995 0.0012229999999999999 0.0023909999999999999 0.0090200000000000002 0.051112999999999999 0.117796 0 0.025613 0.00076900000000000004 0.0010059999999999999 0.00070899999999999999 0.0037870000000000004 0.22319300000000003 0.053065999999999981 0 0 2
103 uniform 4 23 0.57697500000000002 72.022931856680941 1 74 0.30134300000000003 0.015977000000000002 0.23307600000000003 0.0037269999999999998 0.000941 0.0026679999999999998 0.011143 0.05246 0.117565 0 0.025614000000000001 0.00070699999999999995 0.0010119999999999999 0.00068599999999999998 0.0037130000000000002 0.18543100000000001 0.036184000000000001 0 0 3
104 linear 0 0 0.66911799999999999 50.229877275623856 1 114 0.29543000000000003 0.0099609999999999994 0.32510600000000006 0.0094160000000000008 0.0012959999999999998 0.003137 0.012574999999999999 0.137575 0.025888000000000001 0 0.027630999999999999 0.00082700000000000004 0.0021020000000000001 0.0012470000000000001 0.003522 0.124517 0.055299000000000001 0.022625999999999983 0 0
104 linear 0 7 0.532474 51.361375941777901 1 114 0.16134999999999999 0.0096609999999999994 0.32440299999999994 0.0080280000000000004 0.0011440000000000001 0.0029910000000000002 0.011058999999999999 0.0062030000000000002 0.022615 0 0.027583 0.00097499999999999996 0.0020020000000000003 0.00090499999999999999 0.0032139999999999998 0.12141400000000004 0.053068000000000004 0.022581999999999981 0 1
104 linear 0 15 0.52369600000000005 51.955425835891035 1 114 0.15870999999999999 0.0094380000000000002 0.31947300000000012 0.0073029999999999996 0.0010760000000000001 0.0031020000000000002 0.011224 0.0061180000000000002 0.022721000000000002 0 0.028802999999999999 0.00092299999999999999 0.0018400000000000001 0.00089400000000000005 0.0030709999999999999 0.12312800000000006 0.053097999999999999 0.022495999999999978 0 2
104 linear 0 23 0.52525999999999995 51.813900746020451 1 114 0.155002 0.0096109999999999998 0.3228660000000001 0.0085769999999999996 0.00115 0.0028909999999999999 0.010965000000000001 0.0047070000000000002 0.021774999999999999 0 0.028256 0.00081800000000000004 0.001915 0.00052099999999999998 0.0027830000000000003 0.12206600000000002 0.052776000000000045 0.02233499999999999 0 3
104 linear 1 0 0.44760899999999998 1.0309799983899137 1 66 0.31784400000000002 0.0067679999999999997 0.10042200000000003 0.004019 0.00077900000000000007 0.0031319999999999998 0.012395 0.17075899999999999 0.021919000000000001 0 0.028389000000000001 0.00087699999999999996 0.0023569999999999997 0.0020219999999999999 0.0030809999999999995 0.046985999999999986 0.023150000000000014 0.0087720000000000003 0 0
104 linear 1 7 0.29778300000000002 1.0295081120290117 1 66 0.15302099999999999 0.0062909999999999997 0.11609099999999997 0.003519 0.00072300000000000001 0.0027690000000000002 0.011013999999999999 0.014843 0.021443 0 0.027311999999999999 0.00084500000000000005 0.0018059999999999999 0.0016050000000000001 0.0029160000000000002 0.062896999999999995 0.023653000000000007 0.0085529999999999964 0 1
104 linear 1 15 0.30587599999999998 1.027388978481885 1 66 0.15523500000000001 0.0062760000000000003 0.12161800000000003 0.0036590000000000004 0.00070300000000000007 0.0026029999999999998 0.010323000000000001 0.014590000000000001 0.021183 0 0.031376000000000001 0.00077999999999999999 0.0019789999999999999 0.0016169999999999999 0.0028609999999999998 0.067471000000000003 0.022232000000000002 0.0088220000000000017 0 2
104 linear 1 23 0.30771999999999999 1.0246774263505374 1 66 0.16029199999999999 0.0060140000000000002 0.11886800000000002 0.0035960000000000002 0.00081499999999999997 0.0027829999999999999 0.010348 0.014534 0.022811999999999999 0 0.027431000000000001 0.00080999999999999996 0.010181000000000001 0.001366 0.0028109999999999997 0.061923000000000006 0.024925999999999986 0.0086370000000000023 0 3
104 linear 2 0 0.44429099999999999 1.0233024128411936 1 66 0.31430399999999997 0.0060780000000000001 0.10245800000000002 0.003189 0.00068099999999999996 0.002421 0.010142 0.16885 0.022641000000000001 0 0.027479 0.00082100000000000001 0.010231000000000001 0.001547 0.0027120000000000004 0.050972999999999997 0.024606999999999983 0.007817000000000001 0 0
104 linear 2 7 0.32153799999999999 1.0200740867017926 1 67 0.169178 0.0088870000000000008 0.11909299999999999 0.0034920000000000003 0.00079200000000000006 0.0024090000000000001 0.009195 0.015129 0.022932999999999999 0 0.027397000000000001 0.00079299999999999998 0.012107 0.0011770000000000001 0.0029999999999999996 0.070584000000000022 0.025466999999999997 0.0079680000000000029 0 1
104 linear 2 15 0.29678300000000002 1.0179591598299103 1 67 0.15717200000000001 0.0085500000000000003 0.10684799999999997 0.003532 0.00087600000000000004 0.0024299999999999999 0.0092820000000000003 0.0134 0.022692 0 0.026943999999999999 0.00078299999999999995 0.0038919999999999996 0.0010629999999999999 0.0029920000000000003 0.059898999999999994 0.024125000000000008 0.0079430000000000021 0 2
104 linear 2 23 0.30282300000000001 1.016447124494428 1 67 0.157911 0.0085079999999999999 0.11190900000000004 0.0038780000000000004 0.000785 0.0024120000000000001 0.0087749999999999998 0.016254999999999999 0.022313 0 0.026842000000000001 0.00081400000000000005 0.0033110000000000001 0.00095299999999999996 0.0031609999999999997 0.065760000000000027 0.023331999999999995 0.0079790000000000017 0 3
104 linear 3 0 0.64006600000000002 19.920430337537606 1 169 0.32807599999999998 0.0095370000000000003 0.24932700000000013 0.01311 0.0018329999999999998 0.0029689999999999999 0.011533 0.17064199999999999 0.023403 0 0.028346 0.00098499999999999998 0.0020100000000000001 0.00076499999999999995 0.0034020000000000005 0.12811100000000003 0.04980700000000006 0.020494999999999999 0 0
104 linear 3 7 0.50682000000000005 18.370156898942987 1 145 0.19048799999999999 0.0090209999999999995 0.26283400000000007 0.009604999999999999 0.0016070000000000001 0.0028800000000000002 0.011228 0.036481 0.023345999999999999 0 0.027914000000000001 0.00097199999999999999 0.0018370000000000001 0.00071299999999999998 0.0032720000000000002 0.16317800000000007 0.042918000000000005 0.017432999999999997 0 1
104 linear 3 15 0.42558800000000002 16.836465879586015 1 113 0.18746499999999999 0.0088079999999999999 0.19656099999999993 0.0060980000000000001 0.0013749999999999999 0.002624 0.010496999999999999 0.036228999999999997 0.023109999999999999 0 0.028093 0.00099200000000000004 0.001864 0.00068199999999999999 0.003101 0.12259399999999997 0.034134999999999992 0.013565000000000001 0 2
104 linear 3 23 0.41555300000000001 15.514530693711608 1 105 0.18452199999999999 0.0088529999999999998 0.19068999999999997 0.0061760000000000001 0.0013700000000000001 0.0025839999999999999 0.010784999999999999 0.033134999999999998 0.023855999999999999 0 0.027338000000000001 0.00086200000000000003 0.0020480000000000003 0.00071400000000000001 0.0032079999999999999 0.12100799999999995 0.032634999999999983 0.012619999999999999 0 3
104 linear 4 0 0.49937100000000001 16.329890293805335 1 115 0.320656 0.0086920000000000001 0.13376600000000002 0.0084550000000000007 0.0014320000000000001 0.0029199999999999999 0.010770999999999999 0.171514 0.02181 0 0.027782999999999999 0.00089300000000000002 0.00183 0.00076199999999999998 0.0029090000000000001 0.061843000000000016 0.032630999999999973 0.013639 0 0
104 linear 4 7 0.34401700000000002 15.430047630213675 1 83 0.18336 0.0085470000000000008 0.12718199999999999 0.004579999999999999 0.001029 0.002712 0.010411999999999999 0.036181999999999999 0.021645999999999999 0 0.027733000000000001 0.00083100000000000003 0.0018939999999999999 0.00060899999999999995 0.0026639999999999997 0.075112999999999985 0.023975999999999983 0.009856999999999996 0 1
104 linear 4 15 0.34535300000000002 14.472651317443939 1 91 0.18887300000000001 0.0085609999999999992 0.12002300000000006 0.0055820000000000002 0.0011389999999999998 0.002506 0.010401000000000001 0.036377 0.021739000000000001 0 0.030329999999999999 0.00089599999999999999 0.0020920000000000001 0.00071599999999999995 0.0027809999999999996 0.062009999999999996 0.025948999999999989 0.011403000000000007 0 2
104 linear 4 23 0.34504400000000002 13.593405530602883 1 91 0.18174799999999999 0.0084679999999999998 0.12798400000000007 0.0048399999999999997 0.0011819999999999999 0.0025469999999999998 0.010163999999999999 0.036163000000000001 0.021343999999999998 0 0.027355999999999998 0.00088400000000000002 0.001977 0.00070899999999999999 0.002598 0.070635000000000017 0.025330000000000002 0.011513999999999995 0 3
104 uniform 0 0 0.53706299999999996 47.51202418605601 1 114 0.28440599999999999 0.0098519999999999996 0.20541000000000001 0.0082480000000000019 0.0012280000000000001 0.0028830000000000001 0.010741000000000001 0.130805 0.022998999999999999 0 0.027879000000000001 0.00087399999999999999 0.001828 0.0012489999999999999 0.003418 0.12820799999999993 0.056454000000000025 0 0 0
104 uniform 0 7 0.40055400000000002 48.261039740472434 1 114 0.16040099999999999 0.0096810000000000004 0.19461700000000012 0.0070359999999999989 0.0010640000000000001 0.002947 0.010881999999999999 0.0062379999999999996 0.022741000000000001 0 0.027892 0.00088900000000000003 0.0019289999999999999 0.00093300000000000002 0.0033710000000000007 0.12091200000000001 0.053070999999999952 0 0 1
104 uniform 0 15 0.39975699999999997 48.649943539849424 1 114 0.15850800000000001 0.0094319999999999994 0.19615099999999996 0.0066810000000000003 0.0010560000000000001 0.0028249999999999998 0.010799 0.0060829999999999999 0.022603999999999999 0 0.029080000000000002 0.00090799999999999995 0.0019159999999999997 0.00083199999999999995 0.0031169999999999995 0.12268099999999998 0.052982000000000001 0 0 2
104 uniform 0 23 0.39215499999999998 48.557458818858962 1 114 0.15631900000000001 0.0093279999999999995 0.19198499999999988 0.0062229999999999994 0.0010189999999999999 0.0028149999999999998 0.013557 0.0048690000000000001 0.021864999999999999 0 0.028243000000000001 0.00083799999999999999 0.0019610000000000001 0.00053799999999999996 0.0026910000000000002 0.11966800000000002 0.051713999999999954 0 0 3
104 uniform 1 0 0.40648800000000002 1.0299410223528991 1 50 0.31653900000000001 0.0067510000000000001 0.067469999999999988 0.002264 0.000531 0.003003 0.011624000000000001 0.17082800000000001 0.022017999999999999 0 0.028322 0.000892 0.0024359999999999998 0.001916 0.0030850000000000001 0.040895000000000029 0.018988999999999999 0 0 0
104 uniform 1 7 0.25322800000000001 1.0288762076762901 1 50 0.15267700000000001 0.0062820000000000003 0.078600000000000031 0.0020569999999999998 0.00046200000000000001 0.0027469999999999999 0.011055000000000001 0.014470999999999999 0.021833999999999999 0 0.027144999999999999 0.00088699999999999998 0.0018749999999999999 0.001647 0.0028730000000000006 0.046726000000000018 0.024278000000000011 0 0 1
104 uniform 1 15 0.245617 1.0272735865391638 1 50 0.14916099999999999 0.0061960000000000001 0.075190000000000007 0.00199 0.00048999999999999998 0.0025379999999999999 0.010102 0.014637000000000001 0.021239000000000001 0 0.027295 0.00081599999999999999 0.0018610000000000002 0.001438 0.0027929999999999999 0.049499000000000001 0.018182999999999998 0 0 2
104 uniform 1 23 0.26070900000000002 1.0250458781971155 1 50 0.162579 0.0060400000000000002 0.076580000000000009 0.0019810000000000001 0.00058 0.002604 0.010605 0.015525000000000001 0.023925999999999999 0 0.027026999999999999 0.00078899999999999999 0.010161 0.0013320000000000001 0.0031380000000000002 0.047586999999999997 0.021293999999999993 0 0 3
104 uniform 2 0 0.41669099999999998 1.0238222392928926 1 50 0.318631 0.0061370000000000001 0.076300999999999994 0.002 0.00068999999999999997 0.002513 0.010931 0.17031299999999999 0.024804 0 0.027182000000000001 0.00073800000000000005 0.010239999999999999 0.001536 0.0030610000000000004 0.043358999999999995 0.025150000000000006 0 0 0
104 uniform 2 7 0.28362500000000002 1.0202799680027619 1 51 0.175093 0.010129000000000001 0.080046000000000034 0.002434 0.00075799999999999999 0.0024429999999999999 0.010442999999999999 0.016462000000000001 0.025066000000000001 0 0.027029000000000001 0.00081599999999999999 0.012171000000000001 0.001108 0.0033750000000000004 0.050787000000000006 0.021374000000000008 0 0 1
104 uniform 2 15 0.26584200000000002 1.0180649812797984 1 51 0.16642899999999999 0.008907 0.072414999999999993 0.002343 0.00073700000000000002 0.002516 0.01056 0.014796 0.024822 0 0.026828000000000001 0.00081300000000000003 0.0040430000000000006 0.0011310000000000001 0.0034969999999999997 0.044276000000000017 0.020354000000000001 0 0 2
104 uniform 2 23 0.25809599999999999 1.0165123119571213 1 51 0.15887000000000001 0.0084799999999999997 0.073537999999999978 0.0022109999999999999 0.00056999999999999998 0.0027299999999999998 0.0090729999999999995 0.017856 0.020764000000000001 0 0.026651999999999999 0.00091100000000000003 0.0032039999999999998 0.001 0.0032290000000000001 0.047220999999999999 0.018741000000000004 0 0 3
104 uniform 3 0 0.61411300000000002 20.07621975642601 1 177 0.33065299999999997 0.0095659999999999999 0.21864499999999995 0.013087 0.0017959999999999999 0.0028059999999999999 0.011011 0.176896 0.021994 0 0.028206999999999999 0.000892 0.0019560000000000003 0.00076999999999999996 0.0033460000000000004 0.13894499999999987 0.053157000000000024 0 0 0
104 uniform 3 7 0.466393 18.48915984644605 1 145 0.19028200000000001 0.0090519999999999993 0.22375800000000001 0.0088619999999999984 0.0015400000000000001 0.002807 0.010991000000000001 0.036824000000000003 0.021333000000000001 0 0.027632 0.00091399999999999999 0.0019329999999999998 0.00074200000000000004 0.003287 0.15905300000000003 0.043013999999999983 0 0 1
104 uniform 3 15 0.40419300000000002 16.925823787780608 1 113 0.18934200000000001 0.0087709999999999993 0.17408299999999996 0.0051910000000000003 0.0013409999999999997 0.0026970000000000002 0.010609 0.036645999999999998 0.021062000000000001 0 0.027245999999999999 0.00097000000000000005 0.0018439999999999997 0.00073700000000000002 0.0031389999999999994 0.12275599999999992 0.034357999999999993 0 0 2
104 uniform 3 23 0.395486 15.583217124182388 1 113 0.17788899999999999 0.0087390000000000002 0.17715200000000006 0.0050600000000000003 0.001268 0.002441 0.010322 0.032972000000000001 0.021243999999999999 0 0.026967999999999999 0.00088500000000000004 0.001843 0.00063900000000000003 0.0031040000000000004 0.12601699999999996 0.034245999999999971 0 0 3
104 uniform 4 0 0.479605 16.409664415703585 1 115 0.32439200000000001 0.0086370000000000006 0.11171099999999996 0.0071339999999999997 0.0011779999999999998 0.0025079999999999998 0.010194 0.17072200000000001 0.028513 0 0.027474999999999999 0.00091200000000000005 0.0018629999999999999 0.00066100000000000002 0.0027339999999999999 0.061766000000000015 0.032723999999999996 0 0 0
104 uniform 4 7 0.32780500000000001 15.496522965829524 1 83 0.18581 0.0085280000000000009 0.10988600000000001 0.0036759999999999996 0.00087799999999999987 0.0025209999999999998 0.010415000000000001 0.036155 0.021812999999999999 0 0.027730000000000001 0.00087299999999999997 0.0018760000000000001 0.00073899999999999997 0.0027880000000000001 0.073735000000000009 0.023727999999999989 0 0 1
104 uniform 4 15 0.30789899999999998 14.526863934808679 1 83 0.18442800000000001 0.0083730000000000002 0.091749000000000011 0.0035209999999999998 0.00080800000000000012 0.0024060000000000002 0.010108000000000001 0.036516 0.023102000000000001 0 0.026969 0.00080599999999999997 0.0018940000000000001 0.00069800000000000005 0.0027530000000000002 0.05633500000000001 0.022922000000000001 0 0 2
104 uniform 4 23 0.32761899999999999 13.637916425457473 1 91 0.18498500000000001 0.0083639999999999999 0.10857300000000002 0.0038659999999999996 0.001122 0.0024250000000000001 0.0097879999999999998 0.041792999999999997 0.022887000000000001 0 0.026928000000000001 0.00082899999999999998 0.001802 0.00064400000000000004 0.0025700000000000002 0.069787000000000002 0.025204999999999988 0 0 3
105 linear 0 0 0.62406899999999998 138.90217412294515 1 67 0.407331 0.013346999999999999 0.17904899999999999 0.004104 0.0011070000000000001 0.0031129999999999999 0.010876 0.178087 0.095353999999999994 0 0.027140000000000001 0.00085800000000000004 0.000825 0.0011869999999999999 0.0035379999999999995 0.12520200000000001 0.019239000000000003 0.0072390000000000006 0 0
105 linear 0 7 0.50228700000000004 123.55454082305155 1 67 0.243787 0.013006999999999999 0.22221299999999999 0.0038159999999999999 0.001003 0.0029290000000000002 0.010078 0.054774000000000003 0.063130000000000006 0 0.026313 0.00084999999999999995 0.00078799999999999996 0.001126 0.0031440000000000001 0.16909099999999999 0.018709 0.0072470000000000017 0 1
105 linear 0 15 0.47383900000000001 104.10111980125207 1 67 0.22628100000000001 0.01259 0.21191199999999999 0.003457 0.00086699999999999993 0.002614 0.0097560000000000008 0.051265999999999999 0.052668 0 0.026027000000000002 0.00078100000000000001 0.00078299999999999995 0.0010629999999999999 0.0032140000000000007 0.15880900000000003 0.019170999999999997 0.0072159999999999993 0 2
105 linear 0 23 0.48413200000000001 83.068644518140502 1 67 0.22819900000000001 0.012524 0.22070300000000007 0.0033429999999999996 0.00090699999999999993 0.0024940000000000001 0.0093080000000000003 0.051207999999999997 0.052971999999999998 0 0.025413999999999999 0.00071900000000000002 0.00080100000000000006 0.0010529999999999999 0.0032369999999999999 0.16754300000000005 0.019279000000000004 0.0072189999999999997 0 3
105 linear 1 0 25.302710999999999 46.102272643698477 1 83 24.945864 0.014401000000000001 0.30683299999999991 0.0067819999999999998 0.0032889999999999998 0.0029759999999999999 0.010994 0.175565 0.26047100000000001 24.342858 0.084906999999999996 2.8e-05 0.00077399999999999995 0.001423 0.0039920000000000008 0.21254300000000001 0.043370000000000013 0.010089999999999998 0 0
105 linear 1 7 19.793713 69.251422630020585 1 83 19.308236999999998 0.014439 0.43585699999999999 0.0065689999999999985 0.0031569999999999997 0.0046179999999999997 0.012121 0.052669000000000001 0.26390200000000003 18.818929000000001 0.081772999999999998 3.3000000000000003e-05 0.00083800000000000009 0.001441 0.0041119999999999993 0.34082000000000007 0.043942999999999989 0.0096450000000000008 0 1
105 linear 1 15 28.235827 95.97562748331022 1 83 27.751899000000002 0.014426 0.43338500000000002 0.006464000000000001 0.003068 0.0045919999999999997 0.012137 0.052714999999999998 0.282858 27.24391 0.085079000000000002 2.5999999999999998e-05 0.000825 0.0015200000000000001 0.0040480000000000004 0.33772400000000008 0.044277000000000004 0.0099470000000000027 0 2
105 linear 1 23 31.236598000000001 122.09653308299286 1 67 30.883171000000001 0.014281 0.31235499999999999 0.0050159999999999996 0.0011490000000000001 0.0045979999999999997 0.011967999999999999 0.052755999999999997 0.26539600000000002 30.390830999999999 0.084679000000000004 2.5999999999999998e-05 0.00084099999999999995 0.001519 0.0051919999999999987 0.2359750000000001 0.035552999999999994 0.0075630000000000011 0 3
105 linear 2 0 0.58439099999999999 6.4219812325715671 1 75 0.34089599999999998 0.011715 0.20440900000000006 0.0047089999999999996 0.0013799999999999999 0.0035479999999999999 0.013467 0.17938899999999999 0.023130999999999999 0 0.026943999999999999 0.00088800000000000001 0.00078799999999999996 0.0011440000000000001 0.0034869999999999996 0.13394400000000001 0.024585999999999979 0.0077120000000000027 0 0
105 linear 2 7 0.45365100000000003 10.201228507460696 1 75 0.20091200000000001 0.011121000000000001 0.21518200000000001 0.0041479999999999998 0.0012019999999999999 0.0029290000000000002 0.011264 0.051154999999999999 0.021368000000000002 0 0.025746000000000002 0.00081599999999999999 0.00081400000000000005 0.0010679999999999999 0.0033289999999999999 0.14576900000000004 0.024086999999999997 0.0077180000000000044 0 1
105 linear 2 15 0.42180000000000001 14.750056950998673 1 67 0.19517399999999999 0.010786 0.19258400000000009 0.0034129999999999998 0.0010499999999999999 0.0026689999999999999 0.010459 0.051138000000000003 0.021163000000000001 0 0.025510000000000001 0.00077399999999999995 0.00079200000000000006 0.00091699999999999995 0.0032190000000000001 0.13733700000000001 0.020657999999999982 0.0072300000000000021 0 2
105 linear 2 23 0.44732499999999997 19.445976588201642 1 67 0.204072 0.011121000000000001 0.20888200000000001 0.0033809999999999999 0.0009990000000000001 0.0023730000000000001 0.0098949999999999993 0.051022999999999999 0.031675000000000002 0 0.025180999999999999 0.00080800000000000002 0.00080800000000000012 0.0010020000000000001 0.003192 0.15174299999999993 0.022320999999999983 0.0072520000000000024 0 3
105 linear 3 0 0.67089200000000004 135.34861280991217 1 83 0.43678600000000001 0.015968 0.18409400000000004 0.0057650000000000002 0.0012100000000000001 0.0030379999999999999 0.011269 0.17552499999999999 0.125444 0 0.026419000000000002 0.00082600000000000002 0.0009369999999999999 0.00079900000000000001 0.0034790000000000003 0.10645299999999999 0.036979000000000012 0.0087930000000000022 0 0
105 linear 3 7 0.72180599999999995 139.3557477410136 1 83 0.31059700000000001 0.015793999999999999 0.36200900000000003 0.0054999999999999997 0.0010040000000000001 0.00296 0.010794 0.051393000000000001 0.12517300000000001 0 0.026838000000000001 0.00077099999999999998 0.00099599999999999992 0.00088000000000000003 0.0035340000000000002 0.28485699999999997 0.036357999999999994 0.0087920000000000047 0 1
105 linear 3 15 0.70629399999999998 144.66245999261022 1 83 0.31354700000000002 0.015565000000000001 0.34440299999999996 0.005293 0.00095299999999999996 0.0029489999999999998 0.010122000000000001 0.051018000000000001 0.134552 0 0.025794000000000001 0.00074799999999999997 0.0010139999999999999 0.00071100000000000004 0.0034509999999999996 0.26678600000000002 0.036971999999999991 0.0088020000000000008 0 2
105 linear 3 23 0.72289999999999999 151.01981083174792 1 83 0.302122 0.015350000000000001 0.3730360000000002 0.0050200000000000002 0.0010139999999999999 0.0025850000000000001 0.0093130000000000001 0.051032000000000001 0.12414699999999999 0 0.026189 0.00075199999999999996 0.00096500000000000015 0.00076900000000000004 0.0034200000000000003 0.2949989999999999 0.036825000000000004 0.0087900000000000009 0 3
105 linear 4 0 0.48159600000000002 85.67925636024691 1 53 0.32206099999999999 0.010884 0.12659099999999998 0.0033820000000000005 0.00073300000000000004 0.0028500000000000001 0.010926 0.15842999999999999 0.035408000000000002 0 0.026442 0.00084699999999999999 0.00060499999999999996 0.0014220000000000001 0.003545 0.079151000000000013 0.016966000000000002 0.0057359999999999972 0 0
105 linear 4 7 0.416628 89.45429958127788 1 53 0.204319 0.010926999999999999 0.17950800000000003 0.0032500000000000003 0.00063400000000000001 0.0029629999999999999 0.011841000000000001 0.047824999999999999 0.034659000000000002 0 0.025995000000000001 0.000834 0.000638 0.001194 0.0034160000000000002 0.13267199999999996 0.016487999999999996 0.0058439999999999985 0 1
105 linear 4 15 0.41742499999999999 94.409282650395824 1 53 0.20596 0.0098740000000000008 0.17913400000000002 0.0035259999999999996 0.00072199999999999999 0.0026970000000000002 0.011419 0.047510999999999998 0.034708999999999997 0 0.027387000000000002 0.00080999999999999996 0.00060300000000000002 0.001183 0.0034870000000000001 0.13154299999999999 0.017490000000000006 0.0056989999999999992 0 2
105 linear 4 23 0.40546399999999999 100.25930172973207 1 53 0.20083300000000001 0.0095429999999999994 0.17307599999999992 0.0034210000000000004 0.00064799999999999992 0.0026020000000000001 0.010407 0.046579000000000002 0.034928000000000001 0 0.026894000000000001 0.00071599999999999995 0.00059699999999999998 0.0010020000000000001 0.0033750000000000004 0.12707599999999997 0.01643 0.0056490000000000004 0 3
105 uniform 0 0 0.58884999999999998 135.52987499099982 1 67 0.39870699999999998 0.013204 0.15359299999999998 0.0036910000000000003 0.0010920000000000001 0.0024390000000000002 0.010096000000000001 0.177817 0.093242000000000005 0 0.026339000000000001 0.00074100000000000001 0.00079900000000000001 0.00115 0.003261 0.12426300000000001 0.019186000000000002 0 0 0
105 uniform 0 7 0.46977999999999998 122.0953572413725 1 67 0.235876 0.012834999999999999 0.19811999999999996 0.0033219999999999999 0.00098399999999999985 0.002575 0.0096950000000000005 0.051288 0.061619 0 0.025753999999999999 0.00085300000000000003 0.00078499999999999989 0.001021 0.0031969999999999998 0.16935000000000003 0.018689000000000004 0 0 1
105 uniform 0 15 0.44887300000000002 105.05691886708134 1 67 0.223383 0.012583 0.19022899999999998 0.0032119999999999996 0.00092900000000000003 0.002483 0.0092919999999999999 0.051302 0.051318000000000003 0 0.025805999999999999 0.00078700000000000005 0.00084200000000000008 0.001042 0.0031840000000000002 0.16095400000000004 0.019197000000000009 0 0 2
105 uniform 0 23 0.45771699999999998 86.342089599193812 1 67 0.22587699999999999 0.012579999999999999 0.19696699999999995 0.0029520000000000002 0.00097000000000000005 0.0024359999999999998 0.0092119999999999997 0.051261000000000001 0.051555999999999998 0 0.025898999999999998 0.00075799999999999999 0.00081900000000000007 0.001034 0.0033289999999999999 0.16752799999999995 0.019359999999999999 0 0 3
105 uniform 1 0 25.054317999999999 52.777294109205997 1 67 24.810663999999999 0.014416999999999999 0.20224400000000001 0.0046930000000000001 0.0010640000000000001 0.0029480000000000001 0.010895 0.175479 0.26167299999999999 24.206986999999998 0.083055999999999991 2.5999999999999998e-05 0.00080499999999999994 0.0014760000000000001 0.0040870000000000004 0.15314800000000012 0.034344999999999994 0 0 0
105 uniform 1 7 19.755403999999999 76.351250690386891 1 83 19.284623 0.014947999999999999 0.4202550000000001 0.0063619999999999996 0.0023020000000000002 0.0046059999999999999 0.012085 0.05262 0.26381100000000002 18.789562 0.083335000000000006 2.6999999999999999e-05 0.00087100000000000003 0.0040020000000000003 0.0041830000000000001 0.35475899999999971 0.045253999999999982 0 0 1
105 uniform 1 15 28.201853 101.79864976971224 1 83 27.748918 0.014297000000000001 0.40473299999999995 0.0061340000000000006 0.0021099999999999999 0.0047889999999999999 0.012814000000000001 0.055268999999999999 0.28432099999999999 27.238284 0.082602999999999996 2.9e-05 0.00084000000000000003 0.0015280000000000001 0.0037980000000000002 0.33755500000000005 0.046228000000000019 0 0 2
105 uniform 1 23 31.266569 125.57205714896013 1 67 30.910986999999999 0.014362 0.31421300000000002 0.0044869999999999997 0.001036 0.0046699999999999997 0.011918 0.052704000000000001 0.264955 30.421019000000001 0.084543000000000007 2.5999999999999998e-05 0.0008209999999999999 0.0014959999999999999 0.0041070000000000004 0.26266999999999996 0.035364000000000007 0 0 3
105 uniform 2 0 0.54861599999999999 7.8004438701477454 1 75 0.34133200000000002 0.011861 0.16904700000000003 0.004058 0.0012470000000000001 0.0035799999999999998 0.013424 0.17999000000000001 0.023022000000000001 0 0.026848 0.00091799999999999998 0.00078399999999999997 0.001121 0.0034689999999999999 0.13316200000000003 0.024551999999999984 0 0 0
105 uniform 2 7 0.39044499999999999 12.330931323701078 1 67 0.20136200000000001 0.011331000000000001 0.15483 0.0032209999999999999 0.0010069999999999999 0.0029610000000000001 0.011098 0.051163 0.022852000000000001 0 0.025811000000000001 0.00081499999999999997 0.00084000000000000003 0.0010089999999999999 0.0033609999999999998 0.123848 0.020857999999999988 0 0 1
105 uniform 2 15 0.399316 17.397562881412551 1 67 0.19878999999999999 0.010721 0.16725999999999996 0.0031299999999999995 0.00091099999999999992 0.0025969999999999999 0.010218 0.055312 0.021316999999999999 0 0.025399000000000001 0.00073499999999999998 0.000794 0.00097099999999999997 0.0033140000000000005 0.13667099999999996 0.020591999999999996 0 0 2
105 uniform 2 23 0.41916799999999999 22.343470405532891 1 67 0.203378 0.011074000000000001 0.18261099999999994 0.0029499999999999999 0.00080600000000000008 0.0023540000000000002 0.009672 0.051107 0.031663999999999998 0 0.025346 0.00087299999999999997 0.00081100000000000009 0.00093499999999999996 0.0032100000000000002 0.15149800000000005 0.020981999999999994 0 0 3
105 uniform 3 0 0.60569399999999995 135.73621399204703 1 67 0.44037500000000002 0.016043000000000002 0.12349000000000002 0.0036300000000000004 0.00097600000000000009 0.0029610000000000001 0.011159000000000001 0.180316 0.12520000000000001 0 0.026376 0.00085999999999999998 0.00095900000000000011 0.00085999999999999998 0.0034849999999999998 0.08412200000000003 0.029336000000000004 0 0 0
105 uniform 3 7 0.62577899999999997 139.82562034871441 1 67 0.309002 0.015886000000000001 0.27460200000000012 0.0037690000000000002 0.00088499999999999983 0.0027309999999999999 0.010482 0.051218 0.124984 0 0.026848 0.00081499999999999997 0.001023 0.00076099999999999996 0.0035609999999999995 0.23570899999999995 0.028779000000000002 0 0 1
105 uniform 3 15 0.61609899999999995 145.26362321099148 1 67 0.315328 0.015480000000000001 0.25975700000000002 0.0034640000000000001 0.00080899999999999993 0.002941 0.010822 0.051204 0.13489300000000001 0 0.026123 0.00073499999999999998 0.00099200000000000004 0.00074100000000000001 0.0034790000000000003 0.22055100000000005 0.029091000000000002 0 0 2
105 uniform 3 23 0.626753 151.81917575460747 1 67 0.30146699999999998 0.019701 0.28016000000000002 0.0033779999999999999 0.000794 0.0025539999999999998 0.0096930000000000002 0.050976 0.124011 0 0.026113999999999998 0.00074399999999999998 0.00097199999999999999 0.00071900000000000002 0.0034139999999999991 0.24169399999999996 0.028337000000000018 0 0 3
105 uniform 4 0 0.411416 85.981958861385607 1 37 0.31390200000000001 0.0093970000000000008 0.073534999999999989 0.0018929999999999999 0.00052400000000000005 0.002826 0.010847000000000001 0.155644 0.031905999999999997 0 0.026793000000000001 0.00087500000000000002 0.00062799999999999987 0.0014369999999999999 0.0032599999999999999 0.056713999999999994 0.011247999999999999 0 0 0
105 uniform 4 7 0.35855199999999998 89.819396999449665 1 37 0.19739999999999999 0.010710000000000001 0.13503099999999998 0.0018729999999999999 0.00051999999999999995 0.0026540000000000001 0.010173 0.046324999999999998 0.031392000000000003 0 0.026100000000000002 0.00082799999999999996 0.00061600000000000001 0.0011169999999999999 0.0034579999999999997 0.112119 0.015161000000000001 0 0 1
105 uniform 4 15 0.34662700000000002 94.871480993847001 1 37 0.20103099999999999 0.010787 0.11974500000000005 0.0020599999999999998 0.00050600000000000005 0.0027000000000000001 0.011108 0.047316999999999998 0.034495999999999999 0 0.025891999999999998 0.00076300000000000001 0.00063200000000000007 0.0011100000000000001 0.0033950000000000004 0.10193800000000001 0.011915 0 0 2
105 uniform 4 23 0.34865800000000002 100.86206236108028 1 37 0.20033599999999999 0.010606000000000001 0.12271000000000003 0.0018940000000000003 0.00046900000000000002 0.0025270000000000002 0.011261999999999999 0.046392999999999997 0.035074000000000001 0 0.026207999999999999 0.00079000000000000001 0.00056499999999999996 0.001021 0.0032849999999999997 0.10589399999999997 0.011044 0 0 3
106 linear 0 0 0.57762500000000006 1.0062234160698853 1 45 0.49830400000000002 0.0061879999999999999 0.055353999999999973 0.0034970000000000001 0.00065099999999999989 0.0032560000000000002 0.012541999999999999 0.203009 0.17130600000000001 0 0.029236999999999999 0.00090499999999999999 0.0021670000000000001 0.001379 0.00264 0.023757000000000004 0.014067 0.0056970000000000007 0 0
106 linear 0 7 0.24660399999999999 1.0062060431073565 1 38 0.16206999999999999 0.0057229999999999998 0.062063000000000007 0.0029480000000000001 0.00060400000000000004 0.002954 0.010599000000000001 0.021701000000000002 0.021715000000000002 0 0.028672 0.00088099999999999995 0.0018860000000000001 0.001073 0.0023179999999999997 0.036255000000000003 0.011180999999999998 0.0047000000000000002 0 1
106 linear 0 15 0.25303199999999998 1.0061621340371261 1 45 0.16215499999999999 0.0059550000000000002 0.067334000000000005 0.003042 0.00062299999999999996 0.0029390000000000002 0.010583 0.021575 0.022051999999999999 0 0.029461000000000001 0.00082200000000000003 0.001846 0.0012509999999999999 0.002598 0.035800999999999999 0.014331999999999996 0.0056640000000000015 0 2
106 linear 0 23 0.25666 1.0060723917937686 1 45 0.16397400000000001 0.0061729999999999997 0.069164000000000003 0.00282 0.00055299999999999989 0.0026250000000000002 0.0098499999999999994 0.02162 0.025513999999999998 0 0.028757000000000001 0.00078899999999999999 0.0018890000000000001 0.0011379999999999999 0.0027349999999999996 0.037869000000000007 0.013772999999999992 0.0057830000000000025 0 3
106 linear 1 0 0.54566400000000004 1.0059176728778958 1 59 0.45009300000000002 0.0064180000000000001 0.068770000000000012 0.0031749999999999999 0.00065200000000000002 0.002709 0.010279 0.19775699999999999 0.13616400000000001 0 0.028368000000000001 0.00083299999999999997 0.0017029999999999999 0.0014580000000000001 0.0026779999999999994 0.028975999999999995 0.019933999999999993 0.0070340000000000038 0 0
106 linear 1 7 0.26704699999999998 1.0059393752992838 1 59 0.15578500000000001 0.0060629999999999998 0.084511999999999976 0.0033179999999999998 0.00058 0.002493 0.0094050000000000002 0.02196 0.021294 0 0.027989 0.00077700000000000002 0.0016250000000000001 0.0011980000000000001 0.0026259999999999999 0.046093999999999996 0.018644999999999995 0.0070320000000000018 0 1
106 linear 1 15 0.25959900000000002 1.0059189194932889 1 59 0.155751 0.0061710000000000003 0.077750000000000014 0.0029069999999999999 0.00059500000000000004 0.0025179999999999998 0.0093270000000000002 0.018394000000000001 0.022228000000000001 0 0.028760000000000001 0.00072400000000000003 0.00172 0.001189 0.002787 0.041183000000000004 0.016819000000000001 0.0070160000000000014 0 2
106 linear 1 23 0.26501799999999998 1.0058517711208881 1 59 0.15687599999999999 0.0059449999999999998 0.082392000000000007 0.0028519999999999999 0.00058299999999999997 0.002555 0.0089630000000000005 0.022172000000000001 0.022085 0 0.028546999999999999 0.00077399999999999995 0.0016540000000000001 0.0010250000000000001 0.0026839999999999998 0.044850999999999988 0.017839999999999995 0.0069970000000000032 0 3
106 linear 2 0 0.95840599999999998 21.081687262657059 1 104 0.63244999999999996 0.010295 0.28237400000000007 0.0065669999999999999 0.0014010000000000001 0.002947 0.010966999999999999 0.198656 0.16615099999999999 0 0.062631999999999993 0.00084699999999999999 0.10397600000000001 0.00074799999999999997 0.0033249999999999998 0.11473799999999998 0.045670000000000016 0.020233999999999992 0 0
106 linear 2 7 0.65595000000000003 17.179374266655017 1 127 0.32144 0.014449 0.27379099999999984 0.0087999999999999988 0.0017260000000000001 0.002931 0.011572000000000001 0.036976000000000002 0.022803 0 0.02724 0.00082299999999999995 0.118675 0.00024499999999999999 0.0035230000000000001 0.13384200000000004 0.051529999999999992 0.022176999999999985 0 1
106 linear 2 15 0.57672400000000001 14.164929111180465 1 127 0.200267 0.015188999999999999 0.31791200000000003 0.0074989999999999996 0.00165 0.0028739999999999998 0.010706 0.036700000000000003 0.02249 0 0.027588999999999999 0.00086300000000000005 0.0023389999999999999 0.000232 0.0036170000000000009 0.140593 0.052646999999999944 0.022243999999999983 0 2
106 linear 2 23 0.57750299999999999 12.278227512475363 1 127 0.19972999999999999 0.014995 0.31963100000000016 0.0073690000000000005 0.0016000000000000001 0.0027810000000000001 0.010213 0.033975999999999999 0.022577 0 0.026074 0.00084199999999999998 0.0071440000000000002 0.00030400000000000002 0.003617 0.14124999999999999 0.053926999999999982 0.022254999999999994 0 3
106 linear 3 0 0.67308500000000004 9.9540406308491285 1 52 0.56989800000000002 0.0090189999999999992 0.072507999999999989 0.0037330000000000002 0.00085700000000000001 0.0027629999999999998 0.010793000000000001 0.199044 0.23999200000000001 0 0.027300999999999999 0.00090700000000000004 0.0019189999999999999 0.001397 0.0034279999999999996 0.034700000000000009 0.016567000000000009 0.007956000000000003 0 0
106 linear 3 7 0.28893400000000002 10.338257051801524 1 52 0.18557899999999999 0.0084740000000000006 0.07406900000000001 0.0032080000000000003 0.000776 0.0028890000000000001 0.010852000000000001 0.036226000000000001 0.023473999999999998 0 0.026022 0.00095100000000000002 0.0019070000000000003 0.0012099999999999999 0.0032530000000000002 0.036278999999999992 0.016425000000000006 0.0079699999999999997 0 1
106 linear 3 15 0.272337 10.730255759530525 1 44 0.182751 0.0083560000000000006 0.063478000000000021 0.0026970000000000002 0.00058699999999999996 0.0027330000000000002 0.010428 0.035943999999999997 0.024072 0 0.026322999999999999 0.00084699999999999999 0.001851 0.001106 0.0030819999999999997 0.030618000000000003 0.014333000000000005 0.0069920000000000008 0 2
106 linear 3 23 0.30097400000000002 11.04504568538144 1 52 0.17985400000000001 0.0083470000000000003 0.091413000000000008 0.003653 0.00058099999999999992 0.0025490000000000001 0.0098560000000000002 0.035906 0.023888 0 0.025902999999999999 0.000745 0.00183 0.0010369999999999999 0.0031680000000000002 0.043764999999999998 0.022610999999999989 0.0098539999999999999 0 3
106 linear 4 0 0.53406699999999996 1.0044053332227787 1 52 0.43440600000000001 0.0088030000000000001 0.070376000000000008 0.003872 0.00065900000000000008 0.0028990000000000001 0.011455999999999999 0.19556200000000001 0.098193000000000003 0 0.029228000000000001 0.000892 0.0030640000000000003 0.0011739999999999999 0.0031549999999999998 0.035337000000000014 0.017153000000000002 0.0064720000000000012 0 0
106 linear 4 7 0.27721800000000002 1.0043875566652585 1 52 0.16569500000000001 0.0085070000000000007 0.08302699999999999 0.0033959999999999997 0.00058799999999999998 0.002758 0.010654 0.017819999999999999 0.021321 0 0.027928999999999999 0.00088800000000000001 0.0031419999999999998 0.001018 0.0029589999999999998 0.047013999999999986 0.018244999999999987 0.0064560000000000017 0 1
106 linear 4 15 0.27644400000000002 1.0043741196938338 1 52 0.16586100000000001 0.0098949999999999993 0.08131300000000001 0.0030559999999999997 0.00057699999999999993 0.0026029999999999998 0.010030000000000001 0.021318 0.021173000000000001 0 0.027203999999999999 0.00087500000000000002 0.0030480000000000004 0.00099599999999999992 0.0028339999999999997 0.045953999999999995 0.017652999999999995 0.0064640000000000019 0 2
106 linear 4 23 0.26989299999999999 1.0043703731188693 1 52 0.16395100000000001 0.0081939999999999999 0.078588999999999964 0.0029519999999999998 0.00051800000000000001 0.0025330000000000001 0.0095160000000000002 0.020917000000000002 0.021045999999999999 0 0.028265999999999999 0.00080500000000000005 0.0030079999999999998 0.00087600000000000004 0.0029640000000000001 0.043048000000000003 0.017812000000000001 0.0065100000000000028 0 3
106 uniform 0 0 0.53167299999999995 1.0060717942470931 1 29 0.48308000000000001 0.0061349999999999998 0.031782000000000005 0.0017200000000000002 0.00043300000000000001 0.0025699999999999998 0.010122000000000001 0.19764000000000001 0.16800599999999999 0 0.028787 0.00084599999999999996 0.0020400000000000001 0.001194 0.0026310000000000005 0.017235000000000004 0.010177999999999994 0 0 0
106 uniform 0 7 0.21262200000000001 1.0060477297468182 1 22 0.16445499999999999 0.0057320000000000001 0.03296000000000001 0.001299 0.00039500000000000001 0.002794 0.010415000000000001 0.022124999999999999 0.026453999999999998 0 0.02861 0.000861 0.001797 0.001011 0.0023269999999999996 0.022237999999999994 0.007429000000000005 0 0 1
106 uniform 0 15 0.210671 1.0060038433149829 1 29 0.157694 0.0058789999999999997 0.036896999999999999 0.0014009999999999999 0.00043499999999999995 0.0026059999999999998 0.0096290000000000004 0.021134 0.021270000000000001 0 0.029127 0.000736 0.0017520000000000001 0.0011999999999999999 0.0024219999999999997 0.022304000000000004 0.01023 0 0 2
106 uniform 0 23 0.21218200000000001 1.0059329431493982 1 29 0.156995 0.0059940000000000002 0.038772000000000001 0.0012800000000000001 0.00034699999999999998 0.002496 0.009247 0.021139000000000002 0.021141 0 0.028216999999999999 0.00070500000000000001 0.001789 0.001155 0.002709 0.024281999999999998 0.010129999999999997 0 0 3
106 uniform 1 0 0.51793500000000003 1.005933651656816 1 43 0.45322499999999999 0.0063 0.044739000000000001 0.001804 0.000504 0.0025920000000000001 0.0098600000000000007 0.19750000000000001 0.13625399999999999 0 0.028757000000000001 0.00089999999999999998 0.0016789999999999999 0.001438 0.0027130000000000001 0.022700000000000008 0.015586999999999995 0 0 0
106 uniform 1 7 0.22939000000000001 1.0059439341819745 1 43 0.15818399999999999 0.0062449999999999997 0.051429000000000009 0.0017420000000000001 0.00040099999999999999 0.0025370000000000002 0.0093919999999999993 0.021954999999999999 0.021391 0 0.028393000000000002 0.00078100000000000001 0.0017240000000000001 0.0013389999999999999 0.0028140000000000005 0.030942000000000001 0.014028999999999998 0 0 1
106 uniform 1 15 0.21937200000000001 1.0059190363440433 1 43 0.15329200000000001 0.0059919999999999999 0.046611999999999994 0.0016150000000000001 0.000397 0.0025209999999999998 0.0089149999999999993 0.018578000000000001 0.022193999999999998 0 0.028185999999999999 0.00076800000000000002 0.001622 0.0011869999999999999 0.0026679999999999998 0.027640000000000001 0.012514000000000001 0 0 2
106 uniform 1 23 0.22467799999999999 1.0058573594004452 1 43 0.15462000000000001 0.0057970000000000001 0.051192000000000008 0.001531 0.00040999999999999999 0.0025360000000000001 0.0087250000000000001 0.021991 0.021673000000000001 0 0.028048 0.00072499999999999995 0.0016299999999999999 0.0010629999999999999 0.0026660000000000004 0.030913 0.013751999999999999 0 0 3
106 uniform 2 0 0.88292099999999996 21.606157714895211 1 104 0.60386300000000004 0.011481 0.23186800000000007 0.0073349999999999995 0.001297 0.0028869999999999998 0.011009 0.20168900000000001 0.16601299999999999 0 0.027175999999999999 0.00090700000000000004 0.10426099999999999 0.00079199999999999995 0.0048799999999999998 0.14646999999999999 0.059125999999999936 0 0 0
106 uniform 2 7 0.66086999999999996 17.599227615015337 1 127 0.32861699999999999 0.015847 0.2684490000000001 0.0084320000000000003 0.001732 0.0041859999999999996 0.011495999999999999 0.038152999999999999 0.024088999999999999 0 0.027139 0.00082299999999999995 0.120783 0.00028800000000000001 0.003493 0.16455499999999998 0.071385000000000032 0 0 1
106 uniform 2 15 0.49586200000000002 14.346924028057444 1 127 0.20658299999999999 0.016421999999999999 0.22959999999999997 0.0073249999999999999 0.0016410000000000001 0.0030079999999999998 0.012319 0.037973 0.02299 0 0.027774 0.00087500000000000002 0.002281 0.00028699999999999998 0.0037409999999999995 0.15001700000000001 0.056097999999999974 0 0 2
106 uniform 2 23 0.47092699999999998 12.385371443696918 1 127 0.20379800000000001 0.014708000000000001 0.21088199999999993 0.0065760000000000002 0.001583 0.0027889999999999998 0.011544 0.035318000000000002 0.023837000000000001 0 0.030245000000000001 0.00080900000000000004 0.0022200000000000002 0.00028699999999999998 0.0035660000000000002 0.14135899999999993 0.048591999999999955 0 0 3
106 uniform 3 0 0.65763799999999994 10.006983266807476 1 52 0.56559599999999999 0.0090139999999999994 0.061784000000000006 0.0032100000000000002 0.00080600000000000008 0.0027959999999999999 0.010814000000000001 0.198855 0.237756 0 0.027337 0.00089999999999999998 0.0018809999999999999 0.001421 0.0033380000000000003 0.036788000000000001 0.016440000000000003 0 0 0
106 uniform 3 7 0.27326 10.398280466747401 1 52 0.18413199999999999 0.0086180000000000007 0.060035000000000012 0.0028350000000000003 0.00066799999999999997 0.0027959999999999999 0.010749999999999999 0.036317000000000002 0.021946 0 0.026738000000000001 0.00091600000000000004 0.001812 0.001175 0.0032340000000000003 0.035028999999999991 0.016363000000000006 0 0 1
106 uniform 3 15 0.294184 10.798229172371059 1 60 0.17994099999999999 0.0084489999999999999 0.081447000000000006 0.003869 0.00066899999999999989 0.0025969999999999999 0.010274 0.0361 0.021340999999999999 0 0.026752000000000001 0.00084000000000000003 0.0018150000000000002 0.001052 0.0031149999999999997 0.048466999999999996 0.022423999999999999 0 0 2
106 uniform 3 23 0.28144200000000003 11.119976149424099 1 52 0.177512 0.0083949999999999997 0.074723000000000026 0.0031270000000000004 0.000522 0.0024450000000000001 0.0099290000000000003 0.035982 0.021343000000000001 0 0.026086999999999999 0.00072900000000000005 0.0018149999999999998 0.00106 0.0031359999999999995 0.043161999999999999 0.022215999999999989 0 0 3
106 uniform 4 0 0.49287199999999998 1.004410109825651 1 36 0.42396299999999998 0.0087170000000000008 0.047329000000000003 0.0018609999999999998 0.00048899999999999996 0.002941 0.011394 0.19735 0.095409999999999995 0 0.029106 0.00085400000000000005 0.0029629999999999999 0.001165 0.0028509999999999998 0.029139999999999999 0.01278 0 0 0
106 uniform 4 7 0.242616 1.0043931723834361 1 36 0.16844000000000001 0.0085199999999999998 0.052510000000000001 0.0019759999999999999 0.00041100000000000002 0.002725 0.011008 0.017711000000000001 0.021642000000000002 0 0.028246 0.00088999999999999995 0.0032579999999999996 0.00097199999999999999 0.002996 0.033489999999999985 0.013617000000000006 0 0 1
106 uniform 4 15 0.24219299999999999 1.0043810703930032 1 36 0.169434 0.0083800000000000003 0.051623000000000009 0.0017140000000000002 0.00046999999999999999 0.002709 0.010447 0.021187999999999999 0.023120000000000002 0 0.027255000000000001 0.00091699999999999995 0.0031579999999999998 0.0011839999999999999 0.0028439999999999997 0.032779999999999997 0.013378999999999993 0 0 2
106 uniform 4 23 0.23902899999999999 1.004379263843368 1 36 0.17030999999999999 0.0082830000000000004 0.047997000000000005 0.0016870000000000001 0.00039399999999999998 0.0025730000000000002 0.0097490000000000007 0.024834999999999999 0.022884000000000002 0 0.028483000000000001 0.00081499999999999997 0.0029719999999999998 0.00088999999999999995 0.0028289999999999999 0.029258999999999997 0.013325 0 0 3
107 linear 0 0 0.63064500000000001 1225.4037905337937 1 81 0.434695 0.013505 0.15327900000000003 0.004928000000000001 0.0013339999999999999 0.0029759999999999999 0.011329000000000001 0.17166799999999999 0.024060999999999999 0 0.026752999999999999 0.00087299999999999997 0.105059 0.0011379999999999999 0.0036790000000000004 0.086612000000000008 0.030972999999999997 0.011176000000000005 0 0
107 linear 0 7 0.55828800000000001 1117.4968795325251 1 66 0.292624 0.013266999999999999 0.22843600000000008 0.0041919999999999995 0.001023 0.0028649999999999999 0.011048000000000001 0.027720000000000002 0.022862 0 0.026460999999999998 0.00085899999999999995 0.10825800000000001 0.0011329999999999999 0.0034779999999999998 0.18107999999999996 0.021822999999999988 0.007722000000000004 0 1
107 linear 0 15 0.47198600000000002 987.10154436452831 1 74 0.17682600000000001 0.012879 0.25685799999999998 0.0041590000000000004 0.0011000000000000001 0.0027720000000000002 0.011004 0.023052 0.023525000000000001 0 0.025783 0.000803 0.003421 0.00095799999999999998 0.0034580000000000001 0.20269100000000004 0.024661999999999989 0.0085440000000000047 0 2
107 linear 0 23 0.56104399999999999 852.03903922570873 1 67 0.285414 0.013018 0.23935000000000006 0.0036830000000000001 0.00095100000000000002 0.002875 0.010244 0.028437 0.022904000000000001 0 0.029489000000000001 0.00082399999999999997 0.105181 0.00093999999999999997 0.0033149999999999998 0.189218 0.022988999999999996 0.0077250000000000001 0 3
107 linear 1 0 0.46680899999999997 12.288710706020627 1 75 0.31734600000000002 0.011375 0.11227799999999999 0.0041069999999999995 0.001098 0.0029580000000000001 0.011754000000000001 0.15687499999999999 0.024702999999999999 0 0.026457999999999999 0.00077499999999999997 0.0042469999999999999 0.0010740000000000001 0.0034259999999999998 0.049724999999999991 0.033684000000000006 0.0086789999999999992 0 0
107 linear 1 7 0.48074 12.091995929920001 1 75 0.17666899999999999 0.010921999999999999 0.26695800000000014 0.0040679999999999996 0.0010169999999999999 0.002843 0.010784 0.020486000000000001 0.026891000000000002 0 0.025418 0.00071699999999999997 0.004352 0.00091500000000000001 0.0035480000000000004 0.20514399999999999 0.033065999999999998 0.0086720000000000044 0 1
107 linear 1 15 0.45006499999999999 11.866459013497785 1 75 0.17043700000000001 0.010725999999999999 0.24301500000000004 0.0040350000000000004 0.0010200000000000001 0.0025569999999999998 0.010142 0.020375000000000001 0.022717000000000001 0 0.025427999999999999 0.00077999999999999999 0.0041869999999999997 0.00093599999999999998 0.0034520000000000002 0.18246500000000002 0.031789999999999999 0.008659 0 2
107 linear 1 23 0.45336599999999999 11.640211345837422 1 75 0.17303499999999999 0.010995 0.24337700000000001 0.0038679999999999999 0.00095699999999999995 0.0025170000000000001 0.010097 0.020310000000000002 0.021014999999999999 0 0.028431000000000001 0.00080999999999999996 0.0044299999999999999 0.0010020000000000001 0.0032079999999999999 0.18295900000000007 0.03178099999999999 0.0086760000000000066 0 3
107 linear 2 0 0.798902 2165.8167073008349 1 120 0.43970300000000001 0.013214999999999999 0.29870500000000005 0.009578999999999999 0.001266 0.0027889999999999998 0.010848 0.173147 0.022256000000000001 0 0.025878999999999999 0.00086200000000000003 0.111014 0.00099500000000000001 0.003679 0.15904699999999997 0.064347000000000001 0.021330999999999996 0 0
107 linear 2 7 0.89200500000000005 1867.2216172185181 1 112 0.391405 0.013132 0.44464499999999968 0.0080140000000000003 0.0010609999999999999 0.0025959999999999998 0.010522999999999999 0.041465000000000002 0.021912000000000001 0 0.026620000000000001 0.00072099999999999996 0.19306899999999999 0.001049 0.0037909999999999992 0.3117089999999999 0.059805999999999984 0.020413999999999998 0 1
107 linear 2 15 0.94614399999999999 1413.3747319841232 1 118 0.43784099999999998 0.016794 0.44820500000000002 0.0071409999999999998 0.001653 0.0025709999999999999 0.010385 0.040349000000000003 0.021599 0 0.026388000000000002 0.00080400000000000003 0.23545900000000003 0.00071500000000000003 0.0040800000000000003 0.3230329999999999 0.060100999999999988 0.019198999999999997 0 2
107 linear 2 23 0.82673399999999997 1279.8523949248788 1 103 0.43150500000000003 0.012995 0.347244 0.0060150000000000004 0.0012669999999999999 0.002529 0.010348 0.034238999999999999 0.022506999999999999 0 0.026762999999999999 0.000825 0.23913300000000001 0.00098999999999999999 0.0037500000000000003 0.22764100000000007 0.053635000000000037 0.015590999999999995 0 3
107 linear 3 0 0.42261700000000002 11.397897010084577 1 53 0.31507299999999999 0.0099069999999999991 0.075125999999999971 0.0038339999999999997 0.00073999999999999999 0.0029629999999999999 0.011603 0.158359 0.025311 0 0.027067000000000001 0.00080599999999999997 0.0029849999999999998 0.0013129999999999999 0.0036940000000000007 0.036045999999999988 0.02051 0.0065019999999999965 0 0
107 linear 3 7 0.39753699999999997 11.467803313088032 1 53 0.17199300000000001 0.0084799999999999997 0.19363399999999997 0.0036370000000000005 0.00070500000000000001 0.0029359999999999998 0.011724 0.021961000000000001 0.02332 0 0.026477000000000001 0.000803 0.0028649999999999999 0.001116 0.0034070000000000003 0.15454699999999999 0.020381 0.0064699999999999957 0 1
107 linear 3 15 0.372581 11.550614321866583 1 53 0.17222399999999999 0.0085909999999999997 0.16928699999999997 0.0036319999999999998 0.00070500000000000011 0.0026480000000000002 0.011192000000000001 0.021921 0.024403999999999999 0 0.027987000000000001 0.00077200000000000001 0.0027959999999999999 0.00108 0.0034069999999999999 0.12881699999999999 0.020186000000000006 0.0064739999999999971 0 2
107 linear 3 23 0.39297300000000002 11.636770492580411 1 53 0.17280000000000001 0.0083639999999999999 0.19002199999999994 0.0032809999999999996 0.000687 0.0026740000000000002 0.010253999999999999 0.022100000000000002 0.024521000000000001 0 0.027864 0.000812 0.0028740000000000003 0.0010089999999999999 0.0033079999999999997 0.15091599999999997 0.020553000000000012 0.0063570000000000024 0 3
107 linear 4 0 1.023023 8.0741377221763209 1 114 0.763154 0.014316000000000001 0.20088700000000001 0.0071529999999999996 0.0015710000000000001 0.0027729999999999999 0.010817999999999999 0.18516099999999999 0.032174000000000001 0 0.026339000000000001 0.00075299999999999998 0.41248899999999999 0.00071599999999999995 0.0037040000000000003 0.092286000000000021 0.057144999999999911 0.014621999999999994 0 0
107 linear 4 7 0.97339900000000001 8.0985163836869098 1 106 0.61110500000000001 0.013863 0.30723800000000001 0.0064659999999999995 0.0014950000000000002 0.00248 0.0099410000000000002 0.042174999999999997 0.031838999999999999 0 0.025881000000000001 0.00081300000000000003 0.40740100000000001 0.00070699999999999995 0.0035140000000000002 0.20847999999999994 0.053947999999999968 0.013928999999999993 0 1
107 linear 4 15 0.73080299999999998 8.1391310414381266 1 106 0.37758900000000001 0.013695000000000001 0.29846100000000009 0.0065070000000000006 0.0013230000000000002 0.0025330000000000001 0.0097640000000000001 0.046196000000000001 0.021042000000000002 0 0.025408 0.00073300000000000004 0.183833 0.00063900000000000003 0.0034510000000000001 0.19413099999999989 0.059629000000000015 0.013920000000000004 0 2
107 linear 4 23 1.045194 8.195135362815396 1 129 0.638853 0.013710999999999999 0.34476099999999987 0.0088579999999999996 0.0018580000000000001 0.0023679999999999999 0.0096570000000000007 0.048765999999999997 0.033082 0 0.025264000000000002 0.00072000000000000005 0.43085599999999996 0.00067299999999999999 0.0034759999999999995 0.22459899999999997 0.067603999999999956 0.016618999999999995 0 3
107 uniform 0 0 0.60806400000000005 1218.9886958947257 1 81 0.43608000000000002 0.013273999999999999 0.13039899999999996 0.0041650000000000003 0.0013110000000000001 0.0029190000000000002 0.011105 0.17194000000000001 0.023841999999999999 0 0.027009999999999999 0.00088000000000000003 0.105266 0.0011100000000000001 0.0035579999999999995 0.086592000000000002 0.030840999999999962 0 0 0
107 uniform 0 7 0.53849899999999995 1124.1579739462079 1 66 0.29142200000000001 0.012925000000000001 0.21181799999999998 0.0030899999999999999 0.00098600000000000011 0.0028879999999999999 0.010167000000000001 0.032379999999999999 0.023084 0 0.026466 0.00081400000000000005 0.108087 0.0009810000000000001 0.0035270000000000002 0.18016799999999999 0.021758999999999997 0 0 1
107 uniform 0 15 0.44817400000000002 1008.0700962193017 1 74 0.173291 0.012800000000000001 0.23760500000000001 0.0034830000000000004 0.001026 0.0026679999999999998 0.0098169999999999993 0.023195 0.023479 0 0.025363 0.00075699999999999997 0.0034820000000000003 0.00096199999999999996 0.0033089999999999999 0.201407 0.024639999999999988 0 0 2
107 uniform 0 23 0.54295499999999997 884.74972564327481 1 67 0.28270699999999999 0.012997999999999999 0.22396600000000003 0.0036879999999999999 0.0010139999999999999 0.0024069999999999999 0.0094809999999999998 0.030540000000000001 0.022504 0 0.025928 0.00072999999999999996 0.105047 0.00097999999999999997 0.0034299999999999995 0.19022999999999998 0.023257 0 0 3
107 uniform 1 0 0.43723299999999998 12.570285470438257 1 67 0.315388 0.011251000000000001 0.087998000000000048 0.0031749999999999999 0.00094300000000000004 0.002983 0.011766 0.15657499999999999 0.023446999999999999 0 0.026439000000000001 0.00078899999999999999 0.0042420000000000001 0.001013 0.0034909999999999997 0.047804000000000006 0.030157 0 0 0
107 uniform 1 7 0.427149 12.393758713923326 1 67 0.17488500000000001 0.010876 0.21885999999999994 0.0030750000000000005 0.00084399999999999992 0.0025530000000000001 0.010784999999999999 0.023473000000000001 0.022839999999999999 0 0.025443 0.00076900000000000004 0.0043540000000000002 0.00094399999999999996 0.0033300000000000001 0.17943900000000002 0.029381000000000008 0 0 1
107 uniform 1 15 0.40163100000000002 12.190853682210049 1 67 0.167267 0.010789999999999999 0.200736 0.0031180000000000001 0.00085299999999999992 0.0025530000000000001 0.009639 0.020426 0.020846 0 0.025356 0.00071000000000000002 0.004078 0.00093000000000000005 0.0032389999999999997 0.16204900000000003 0.028571999999999979 0 0 2
107 uniform 1 23 0.39974700000000002 11.986725327506067 1 67 0.16453400000000001 0.010545000000000001 0.20235 0.0029760000000000003 0.00080299999999999989 0.0024789999999999999 0.0096139999999999993 0.020309000000000001 0.020643000000000002 0 0.024920000000000001 0.00070699999999999995 0.0041719999999999995 0.00085700000000000001 0.0032330000000000002 0.16365800000000005 0.028672000000000007 0 0 3
107 uniform 2 0 0.74202299999999999 2332.2659018906429 1 120 0.44056000000000001 0.013305000000000001 0.24205999999999997 0.0087140000000000013 0.0013620000000000001 0.0029610000000000001 0.011127 0.17388400000000001 0.022114000000000002 0 0.025624999999999998 0.00086399999999999997 0.11106600000000001 0.001057 0.0037450000000000005 0.15869399999999989 0.062161999999999953 0 0 0
107 uniform 2 7 0.83512500000000001 2030.291108294012 1 112 0.39353300000000002 0.012919999999999999 0.38723199999999997 0.007391 0.00098700000000000003 0.0028769999999999998 0.015214 0.041508999999999997 0.021991 0 0.026742999999999999 0.00079299999999999998 0.19291700000000001 0.00098999999999999999 0.0035949999999999997 0.3080719999999999 0.059253999999999959 0 0 1
107 uniform 2 15 0.89751599999999998 1486.8536522233569 1 118 0.43997799999999998 0.016677999999999998 0.39828400000000008 0.0064300000000000008 0.0014510000000000002 0.0025790000000000001 0.010779 0.04036 0.021512 0 0.026467999999999998 0.00076000000000000004 0.23489300000000002 0.00081300000000000003 0.0041510000000000002 0.31805899999999993 0.059913999999999988 0 0 2
107 uniform 2 23 0.77449500000000004 1300.7650273666736 1 103 0.43005300000000002 0.012718999999999999 0.29709900000000011 0.0053730000000000002 0.0011639999999999999 0.0026340000000000001 0.010409 0.034324 0.022338 0 0.026495000000000001 0.000834 0.242982 0.00093700000000000001 0.0035479999999999999 0.22651299999999996 0.053553999999999963 0 0 3
107 uniform 3 0 0.38440400000000002 11.441638267037789 1 37 0.30904599999999999 0.0098910000000000005 0.049629999999999994 0.0022690000000000002 0.00054799999999999998 0.0029199999999999999 0.011276 0.154083 0.025388999999999998 0 0.026755000000000001 0.00083900000000000001 0.0029819999999999998 0.0012639999999999999 0.0035980000000000001 0.029500999999999999 0.014284000000000002 0 0 0
107 uniform 3 7 0.33862199999999998 11.51367700135981 1 37 0.17721700000000001 0.0095359999999999993 0.13603399999999996 0.0020929999999999998 0.00053699999999999993 0.002908 0.012154 0.022086999999999999 0.024333 0 0.030380999999999998 0.00086600000000000002 0.0028760000000000001 0.0011019999999999999 0.0033279999999999994 0.10847999999999997 0.019392 0 0 1
107 uniform 3 15 0.311753 11.599127824207969 1 37 0.168429 0.0093550000000000005 0.11848499999999998 0.0019740000000000001 0.00049799999999999996 0.0025240000000000002 0.011054 0.021843000000000001 0.023959999999999999 0 0.026608 0.00082399999999999997 0.0028799999999999997 0.0010300000000000001 0.0033319999999999999 0.09235199999999999 0.018371000000000005 0 0 2
107 uniform 3 23 0.31591599999999997 11.688167159255553 1 37 0.16656099999999999 0.0092510000000000005 0.12501399999999999 0.0018409999999999998 0.000473 0.0024689999999999998 0.010511 0.021607999999999999 0.023903000000000001 0 0.025766000000000001 0.00068599999999999998 0.0029039999999999999 0.00093899999999999995 0.0032430000000000002 0.10198800000000001 0.016137000000000006 0 0 3
107 uniform 4 0 0.946187 8.0810698606218381 1 82 0.76758300000000002 0.014036 0.13348599999999997 0.0045080000000000007 0.0012589999999999999 0.0026459999999999999 0.012132 0.19118399999999999 0.032094999999999999 0 0.026256999999999999 0.00080900000000000004 0.41041200000000005 0.00076400000000000003 0.0035900000000000003 0.073892999999999986 0.046465999999999945 0 0 0
107 uniform 4 7 0.89573700000000001 8.105946427000843 1 90 0.60755000000000003 0.013672999999999999 0.24024300000000007 0.005082999999999999 0.0013090000000000001 0.0024160000000000002 0.010029 0.042049999999999997 0.031647000000000002 0 0.025673999999999999 0.0040039999999999997 0.40153599999999995 0.00070899999999999999 0.0034279999999999996 0.17692599999999997 0.049019999999999973 0 0 1
107 uniform 4 15 0.66269699999999998 8.147422837821571 1 90 0.38618400000000003 0.013672999999999999 0.22848500000000005 0.0051560000000000009 0.0012229999999999999 0.0025479999999999999 0.0096480000000000003 0.046392000000000003 0.021243000000000001 0 0.026176000000000001 0.00081400000000000005 0.18409600000000001 0.00071699999999999997 0.0037290000000000001 0.1655889999999999 0.048586999999999998 0 0 2
107 uniform 4 23 0.96405399999999997 8.2047061730200337 1 113 0.64450700000000005 0.013812 0.26588299999999987 0.006644999999999999 0.001671 0.0025070000000000001 0.0094129999999999995 0.048771000000000002 0.031294000000000002 0 0.025898000000000001 0.00075900000000000002 0.43518500000000004 0.00073800000000000005 0.0035729999999999998 0.18531399999999992 0.062610999999999958 0 0 3
108 linear 0 0 0.39500600000000002 1.3443485957429377 1 74 0.26186399999999999 0.0068739999999999999 0.10145800000000005 0.0044089999999999997 0.00094800000000000006 0.0029020000000000001 0.011387 0.11910800000000001 0.023716999999999998 0 0.025803 0.00080000000000000004 0.0012590000000000001 0.0018630000000000001 0.0030689999999999997 0.048507000000000002 0.025347999999999985 0.0090190000000000027 0 0
108 linear 0 7 0.29969800000000002 1.3483682762541853 1 74 0.14916699999999999 0.0064400000000000004 0.11925799999999996 0.0040419999999999996 0.00078600000000000002 0.002758 0.010329 0.0086910000000000008 0.023678999999999999 0 0.025881999999999999 0.00080400000000000003 0.0014629999999999999 0.001789 0.0059110000000000013 0.065501000000000004 0.024600999999999994 0.0091090000000000008 0 1
108 linear 0 15 0.32334000000000002 1.3495091268575523 1 82 0.15137100000000001 0.0063090000000000004 0.13879300000000006 0.004346 0.00090700000000000004 0.0027780000000000001 0.010064 0.016060999999999999 0.023278 0 0.025226999999999999 0.00078100000000000001 0.001503 0.001678 0.0027739999999999996 0.068876999999999994 0.02705699999999998 0.010940000000000002 0 2
108 linear 0 23 0.33063700000000001 1.3470512850637089 1 82 0.156859 0.0062420000000000002 0.14018500000000003 0.0047079999999999995 0.00091299999999999997 0.002565 0.0098600000000000007 0.020136999999999999 0.023222 0 0.025565999999999998 0.00072300000000000001 0.001794 0.0016379999999999999 0.0028810000000000003 0.072315000000000004 0.026326999999999979 0.011013999999999999 0 3
108 linear 1 0 0.47672700000000001 1.2995072396731819 1 81 0.27701199999999998 0.0094310000000000001 0.16240500000000005 0.004535 0.0010150000000000001 0.0024840000000000001 0.0099340000000000001 0.126863 0.026814999999999999 0 0.027002999999999999 0.00080599999999999997 0.0032770000000000004 0.001214 0.0032869999999999996 0.065201999999999982 0.037185999999999976 0.013358999999999996 0 0
108 linear 1 7 0.51488199999999995 1.2933242213867322 1 81 0.29828300000000002 0.0091750000000000009 0.18015800000000004 0.0042389999999999997 0.00096199999999999996 0.0024510000000000001 0.0094959999999999992 0.019071999999999999 0.024086 0 0.026665999999999999 0.00075299999999999998 0.138546 0.001206 0.003199 0.088265999999999983 0.036411999999999972 0.012891999999999995 0 1
108 linear 1 15 0.61921700000000002 1.2826187108518892 1 89 0.38921099999999997 0.0090930000000000004 0.19100400000000003 0.0049700000000000005 0.0012439999999999999 0.0023869999999999998 0.0088909999999999996 0.00792 0.023595000000000001 0 0.025689 0.00068900000000000005 0.243868 0.001142 0.0031860000000000005 0.087339000000000028 0.036859999999999969 0.014483000000000005 0 2
108 linear 1 23 0.523644 1.2677321369267478 1 89 0.29417500000000002 0.0090220000000000005 0.19097999999999998 0.0047800000000000004 0.0011310000000000001 0.0025379999999999999 0.0093030000000000005 0.014538000000000001 0.023132 0 0.026542 0.00073399999999999995 0.13850399999999999 0.0010889999999999999 0.0030899999999999999 0.084621999999999975 0.035390000000000019 0.013615 0 3
108 linear 2 0 0.58965500000000004 1.2308554064115882 1 74 0.40104000000000001 0.0089429999999999996 0.15262299999999998 0.0041289999999999999 0.001034 0.0024429999999999999 0.0092589999999999999 0.13130900000000001 0.021603000000000001 0 0.026523000000000001 0.00076199999999999998 0.13224500000000003 0.0010280000000000001 0.003055 0.06567000000000002 0.032751000000000002 0.012636999999999999 0 0
108 linear 2 7 0.36622300000000002 1.2129605568949262 1 74 0.15831300000000001 0.0087849999999999994 0.17215300000000008 0.004052 0.00093700000000000001 0.0023730000000000001 0.0088669999999999999 0.018724999999999999 0.021371999999999999 0 0.026547999999999999 0.00079000000000000001 0.0028030000000000004 0.00099200000000000004 0.0030639999999999994 0.089849999999999999 0.030533999999999992 0.012412999999999999 0 1
108 linear 2 15 0.56219699999999995 1.1856586195554766 1 74 0.38874900000000001 0.0088079999999999999 0.13679600000000003 0.0046059999999999999 0.0010499999999999999 0.0023990000000000001 0.0087410000000000005 0.0097429999999999999 0.021513000000000001 0 0.026596999999999999 0.00076300000000000001 0.24176400000000001 0.0010809999999999999 0.0031429999999999995 0.076194000000000026 0.031805999999999987 0.010581000000000004 0 2
108 linear 2 23 0.31868200000000002 1.1702116912587681 1 74 0.148977 0.0085819999999999994 0.13451299999999997 0.004052 0.000785 0.002562 0.0096749999999999996 0.007025 0.021142999999999999 0 0.026813 0.000754 0.0030580000000000004 0.001031 0.0031420000000000003 0.076242999999999991 0.029596999999999971 0.010589999999999999 0 3
108 linear 3 0 0.38030399999999998 14.417857324518826 1 52 0.27549899999999999 0.0091999999999999998 0.074657999999999988 0.0032359999999999997 0.00081599999999999999 0.0029380000000000001 0.011032999999999999 0.123173 0.021728000000000001 0 0.027411000000000001 0.00082399999999999997 0.00058499999999999991 0.001238 0.0032949999999999998 0.035116999999999982 0.018005999999999998 0.0079490000000000012 0 0
108 linear 3 7 0.31163299999999999 14.717374662518267 1 52 0.16988600000000001 0.0092969999999999997 0.11045000000000003 0.0037260000000000001 0.00064499999999999996 0.0028670000000000002 0.010932000000000001 0.022433000000000002 0.021478000000000001 0 0.02758 0.00082399999999999997 0.00062699999999999995 0.001124 0.0034140000000000008 0.06424199999999998 0.020842999999999983 0.0098649999999999988 0 1
108 linear 3 15 0.31651499999999999 14.959024243050855 1 60 0.170317 0.0084220000000000007 0.11290600000000003 0.0041349999999999998 0.00081099999999999998 0.0027469999999999999 0.011294999999999999 0.021892999999999999 0.021505 0 0.028601000000000001 0.00092400000000000002 0.00062 0.0011299999999999999 0.0033060000000000008 0.061839000000000012 0.023166999999999993 0.010819999999999996 0 2
108 linear 3 23 0.28451900000000002 15.070775255076473 1 52 0.16806299999999999 0.0083719999999999992 0.087166000000000007 0.003395 0.00072799999999999991 0.0025999999999999999 0.010553 0.021534999999999999 0.023383999999999999 0 0.027875 0.00085899999999999995 0.00060299999999999991 0.0010139999999999999 0.0031349999999999998 0.049260999999999999 0.016643999999999996 0.0079700000000000014 0 3
108 linear 4 0 0.365923 12.609425883430115 1 52 0.26229200000000003 0.0083800000000000003 0.074635999999999966 0.0032270000000000003 0.000696 0.0025590000000000001 0.010522999999999999 0.119105 0.021256000000000001 0 0.027439999999999999 0.00081999999999999998 0.00060999999999999997 0.001158 0.003075 0.037065000000000008 0.016274 0.0079590000000000043 0 0
108 linear 4 7 0.27517599999999998 12.57956998419486 1 52 0.159416 0.0085179999999999995 0.086628999999999998 0.0032550000000000001 0.00068599999999999998 0.0024589999999999998 0.010088 0.018259000000000001 0.020768999999999999 0 0.027123999999999999 0.00082700000000000004 0.00058 0.00099200000000000004 0.0030819999999999997 0.049419999999999978 0.016020999999999997 0.0079429999999999987 0 1
108 linear 4 15 0.27970099999999998 12.470271112891218 1 52 0.158305 0.0083929999999999994 0.092245000000000008 0.0033019999999999998 0.00071100000000000004 0.0026410000000000001 0.010984000000000001 0.011434 0.020698000000000001 0 0.027719000000000001 0.00085099999999999998 0.00060900000000000006 0.00091500000000000001 0.0029290000000000002 0.05484399999999999 0.016076000000000007 0.0080579999999999975 0 2
108 linear 4 23 0.28119699999999997 12.285773297364257 1 52 0.16763800000000001 0.0085070000000000007 0.08433199999999999 0.0030160000000000005 0.00078299999999999995 0.0025409999999999999 0.010425 0.017835 0.024114 0 0.029474 0.00085800000000000004 0.00064599999999999998 0.00091299999999999997 0.0032450000000000001 0.045713000000000004 0.016942999999999993 0.0081719999999999935 0 3
108 uniform 0 0 0.36632999999999999 1.330710565153894 1 58 0.27093800000000001 0.0069670000000000001 0.070420999999999997 0.0026549999999999998 0.00081999999999999998 0.003003 0.011434 0.12067700000000001 0.025457 0 0.028341999999999999 0.00090499999999999999 0.0013680000000000001 0.001792 0.0032520000000000005 0.041178000000000013 0.020310000000000002 0 0 0
108 uniform 0 7 0.27430199999999999 1.3326768896627115 1 66 0.155996 0.0064469999999999996 0.091099999999999987 0.0030100000000000005 0.00080699999999999999 0.002794 0.010573000000000001 0.0087419999999999998 0.024650999999999999 0 0.027348000000000001 0.00088400000000000002 0.001472 0.0015989999999999999 0.0031440000000000001 0.057898000000000005 0.023047999999999996 0 0 1
108 uniform 0 15 0.27398600000000001 1.3326142097220097 1 66 0.157529 0.006156 0.09019400000000001 0.0028419999999999995 0.000785 0.0027269999999999998 0.010305999999999999 0.016168999999999999 0.023640000000000001 0 0.028482 0.00087000000000000001 0.001521 0.0014250000000000001 0.0028740000000000003 0.05765 0.022692999999999991 0 0 2
108 uniform 0 23 0.26711099999999999 1.3301825066723787 1 66 0.15382000000000001 0.006025 0.087461999999999984 0.0027610000000000004 0.00072099999999999996 0.0025799999999999998 0.009953 0.020194 0.021510999999999999 0 0.025595 0.00078200000000000003 0.00181 0.001407 0.0028649999999999995 0.056063000000000009 0.021574000000000013 0 0 3
108 uniform 1 0 0.41670499999999999 1.2951208217115906 1 73 0.27240199999999998 0.0095429999999999994 0.11184500000000001 0.003385 0.0011489999999999998 0.0025330000000000001 0.0097479999999999997 0.12717200000000001 0.021857999999999999 0 0.026953999999999999 0.00086600000000000002 0.0033010000000000001 0.0011000000000000001 0.0031960000000000005 0.064429 0.035737999999999971 0 0 0
108 uniform 1 7 0.45006200000000002 1.2901329111204165 1 73 0.29591000000000001 0.0091269999999999997 0.12254700000000004 0.0031450000000000002 0.0010710000000000001 0.00247 0.0094400000000000005 0.019088999999999998 0.021458999999999999 0 0.026824000000000001 0.00071199999999999996 0.13874600000000001 0.001054 0.003101 0.076363999999999946 0.034497000000000021 0 0 1
108 uniform 1 15 0.53668199999999999 1.2816105110095981 1 73 0.38356200000000001 0.0088710000000000004 0.12193900000000006 0.0030090000000000004 0.00099399999999999987 0.0024680000000000001 0.0091489999999999991 0.0076860000000000001 0.020941000000000001 0 0.025516 0.00067500000000000004 0.24161300000000002 0.0010319999999999999 0.0029150000000000005 0.077250999999999959 0.032966000000000002 0 0 2
108 uniform 1 23 0.43456299999999998 1.269551858098716 1 73 0.28763699999999998 0.0089320000000000007 0.11545699999999998 0.0030540000000000003 0.001163 0.0023370000000000001 0.0090159999999999997 0.014189999999999999 0.020903000000000001 0 0.026120000000000001 0.00070500000000000001 0.13857499999999998 0.00098400000000000007 0.0029360000000000002 0.072902999999999996 0.031156999999999994 0 0 3
108 uniform 2 0 0.54174 1.2398364714570591 1 66 0.40371099999999999 0.012213999999999999 0.10288199999999999 0.0033780000000000004 0.00085300000000000003 0.002336 0.0093399999999999993 0.13104399999999999 0.021394 0 0.026421 0.00077099999999999998 0.13206499999999999 0.001142 0.0031939999999999994 0.062279000000000015 0.029953999999999991 0 0 0
108 uniform 2 7 0.30727300000000002 1.2224948311218249 1 66 0.159692 0.0088470000000000007 0.11611899999999999 0.0031569999999999997 0.00081999999999999998 0.0022490000000000001 0.0088610000000000008 0.018634999999999999 0.021680000000000001 0 0.026269000000000001 0.00079100000000000004 0.002833 0.001103 0.003156 0.076803000000000038 0.028616999999999997 0 0 1
108 uniform 2 15 0.51512500000000006 1.190728828215013 1 58 0.38889499999999999 0.0086189999999999999 0.097416999999999962 0.0028339999999999997 0.00067899999999999992 0.0023630000000000001 0.0085959999999999995 0.0094710000000000003 0.023022999999999998 0 0.026414 0.00071900000000000002 0.24159700000000001 0.0010950000000000001 0.0030979999999999996 0.060912999999999988 0.026883999999999995 0 0 2
108 uniform 2 23 0.29413099999999998 1.1733595816877695 1 66 0.15814800000000001 0.0085859999999999999 0.10445 0.0031669999999999997 0.00080199999999999998 0.0024380000000000001 0.01506 0.0071040000000000001 0.022977000000000001 0 0.027251999999999998 0.00075699999999999997 0.003163 0.00095200000000000005 0.0031620000000000003 0.065811000000000022 0.027988000000000006 0 0 3
108 uniform 3 0 0.36322599999999999 14.492752926262316 1 52 0.272032 0.0090030000000000006 0.061688999999999994 0.0029170000000000003 0.00077399999999999995 0.0028760000000000001 0.010958000000000001 0.11899999999999999 0.023314000000000001 0 0.027577000000000001 0.00083699999999999996 0.00063699999999999998 0.0011869999999999999 0.0031649999999999998 0.035033999999999989 0.018066999999999993 0 0 0
108 uniform 3 7 0.29366900000000001 14.795699973672649 1 52 0.16902900000000001 0.0092980000000000007 0.094176000000000024 0.0033959999999999997 0.00061200000000000002 0.002797 0.010628 0.022134999999999998 0.0229 0 0.027557000000000002 0.00086799999999999996 0.00061600000000000001 0.0011119999999999999 0.0032990000000000003 0.063892999999999991 0.020907999999999986 0 0 1
108 uniform 3 15 0.29997600000000002 15.038631306244884 1 60 0.172093 0.0086320000000000008 0.094647999999999982 0.003885 0.0006420000000000001 0.002699 0.010422000000000001 0.024805000000000001 0.022752000000000001 0 0.027290999999999999 0.00081099999999999998 0.00061299999999999994 0.0011100000000000001 0.0032980000000000006 0.06094200000000001 0.023158999999999999 0 0 2
108 uniform 3 23 0.27216200000000002 15.148154946169536 1 52 0.16942199999999999 0.0084399999999999996 0.073808000000000012 0.0029420000000000002 0.00071100000000000004 0.0027529999999999998 0.010545000000000001 0.021502 0.023642 0 0.02785 0.00084699999999999999 0.00060799999999999993 0.0010430000000000001 0.0031919999999999995 0.048587000000000005 0.016668999999999996 0 0 3
108 uniform 4 0 0.355491 12.652906706889661 1 52 0.265096 0.0084209999999999997 0.061860000000000005 0.0027890000000000002 0.00062500000000000001 0.0027420000000000001 0.010359 0.118867 0.023813000000000001 0 0.027803999999999999 0.00087600000000000004 0.00058799999999999998 0.0010200000000000001 0.003039 0.037031999999999982 0.016265999999999999 0 0 0
108 uniform 4 7 0.265542 12.621252390279814 1 52 0.16435900000000001 0.0084460000000000004 0.072685 0.0028009999999999997 0.00064100000000000008 0.0023930000000000002 0.0097689999999999999 0.018176000000000001 0.023497000000000001 0 0.029988999999999998 0.00085099999999999998 0.00057900000000000009 0.0010319999999999999 0.0028709999999999999 0.048420999999999992 0.015692999999999999 0 0 1
108 uniform 4 15 0.26156000000000001 12.508941916447004 1 52 0.15468599999999999 0.0085140000000000007 0.078231999999999996 0.0027660000000000002 0.00069899999999999997 0.0023470000000000001 0.010383 0.011261999999999999 0.022204999999999999 0 0.029652999999999999 0.00078299999999999995 0.00058099999999999992 0.00089800000000000004 0.002797 0.053906000000000003 0.01576000000000001 0 0 2
108 uniform 4 23 0.254548 12.320720848915684 1 52 0.157134 0.0082789999999999999 0.069266999999999995 0.0027290000000000001 0.00084900000000000004 0.0024910000000000002 0.0098829999999999994 0.017481 0.020837999999999999 0 0.027585999999999999 0.00082799999999999996 0.00061000000000000008 0.00092699999999999998 0.0028820000000000004 0.044327999999999999 0.016419 0 0 3
109 linear 0 0 0.68681700000000001 2.4743491674592013 1 123 0.25526399999999999 0.014499 0.37882199999999966 0.0070049999999999999 0.001379 0.0030530000000000002 0.011162 0.089457999999999996 0.021680999999999999 0 0.026675000000000001 0.00085300000000000003 0.00077500000000000008 0.0012310000000000001 0.0059459999999999999 0.097865000000000008 0.039549999999999995 0.014658999999999995 0 0
109 linear 0 7 0.62337200000000004 2.4200893690528402 1 132 0.16835700000000001 0.013291000000000001 0.40146200000000026 0.0071199999999999996 0.0017049999999999999 0.0031470000000000001 0.011841000000000001 0.0089490000000000004 0.021336999999999998 0 0.027030999999999999 0.00081899999999999996 0.00083400000000000011 0.0010120000000000001 0.0037839999999999996 0.10521699999999996 0.040306000000000036 0.016122000000000001 0 1
109 linear 0 15 0.55374999999999996 2.3100411867536734 1 109 0.162325 0.010685999999999999 0.3487030000000001 0.005058 0.0014400000000000001 0.0032000000000000002 0.011913999999999999 0.0084950000000000008 0.022367000000000001 0 0.028500999999999999 0.00089899999999999995 0.00064199999999999999 0.00096900000000000003 0.0032270000000000003 0.10516500000000001 0.044024000000000001 0.018637999999999991 0 2
109 linear 0 23 0.43293300000000001 2.2182589992351578 1 101 0.16683600000000001 0.01076 0.22552600000000003 0.004556000000000001 0.0012880000000000001 0.0031679999999999998 0.011924000000000001 0.0068329999999999997 0.024615999999999999 0 0.029493999999999999 0.00092000000000000003 0.00069500000000000009 0.0011460000000000001 0.0035150000000000003 0.083812000000000011 0.034844999999999987 0.014748000000000004 0 3
109 linear 1 0 0.517455 1.2542596911578003 1 116 0.23249300000000001 0.010456 0.24105799999999997 0.0055350000000000009 0.0015419999999999998 0.003166 0.012123999999999999 0.071864999999999998 0.024674000000000001 0 0.028209000000000001 0.00086499999999999999 0.00065300000000000004 0.0013519999999999999 0.0037000000000000002 0.12919400000000003 0.03838200000000002 0.016966000000000002 0 0
109 linear 1 7 0.48652699999999999 1.3369316992647451 1 108 0.155663 0.0080239999999999999 0.28972500000000018 0.0053429999999999997 0.0011839999999999999 0.0032000000000000002 0.011339999999999999 0.008005 0.023852999999999999 0 0.027307000000000001 0.00081599999999999999 0.00039599999999999998 0.0018890000000000001 0.0035350000000000004 0.10500200000000001 0.035897999999999985 0.015548999999999995 0 1
109 linear 1 15 0.48279300000000003 1.423866500232901 1 108 0.175123 0.0073280000000000003 0.26818500000000001 0.0049239999999999996 0.0011510000000000001 0.0031359999999999999 0.011368 0.026790999999999999 0.023982 0 0.027777 0.00087200000000000005 0.000408 0.0016199999999999999 0.0033929999999999993 0.10327000000000006 0.032226999999999985 0.012914000000000004 0 2
109 linear 1 23 0.47902499999999998 1.5149162929145732 1 100 0.17258599999999999 0.010616 0.26727700000000021 0.0045880000000000001 0.00097199999999999999 0.0031449999999999998 0.010975 0.017885000000000002 0.024129999999999999 0 0.026231999999999998 0.00078200000000000003 0.00063000000000000003 0.001333 0.0038460000000000009 0.086672999999999986 0.02302899999999999 0.0090960000000000034 0 3
109 linear 2 0 0.416736 1.2329698765468493 1 95 0.22609899999999999 0.0096190000000000008 0.15262700000000004 0.0046649999999999999 0.00141 0.003173 0.011605000000000001 0.068837999999999996 0.024653000000000001 0 0.028851999999999999 0.00080999999999999996 0.00056599999999999999 0.001266 0.0031700000000000001 0.05646799999999997 0.029216999999999986 0.018134999999999991 0 0
109 linear 2 7 0.35658899999999999 1.257669324246067 1 95 0.16023499999999999 0.0094560000000000009 0.15842500000000007 0.0048169999999999992 0.0011799999999999998 0.003104 0.011776 0.0051539999999999997 0.023636999999999998 0 0.028608999999999999 0.00086200000000000003 0.00060500000000000007 0.00097199999999999999 0.0030889999999999997 0.058955000000000007 0.028559999999999981 0.01771 0 1
109 linear 2 15 0.34933199999999998 1.2866435413731818 1 94 0.161213 0.0098399999999999998 0.15129000000000009 0.004235 0.0010919999999999999 0.0029919999999999999 0.011193 0.0051029999999999999 0.023043000000000001 0 0.028330000000000001 0.00089400000000000005 0.00060299999999999991 0.001119 0.0030819999999999997 0.057898999999999999 0.027404999999999975 0.015918999999999996 0 2
109 linear 2 23 0.33693699999999999 1.3170439018309186 1 94 0.15499599999999999 0.0094599999999999997 0.14496799999999993 0.0041879999999999999 0.0013139999999999998 0.002983 0.011075 0.0047359999999999998 0.021408 0 0.027209000000000001 0.00084999999999999995 0.00061000000000000008 0.00115 0.0031529999999999996 0.058420000000000041 0.027401000000000002 0.015373999999999995 0 3
109 linear 3 0 0.35420400000000002 1.0587501176453353 1 74 0.21085300000000001 0.0092289999999999994 0.10697000000000001 0.0046889999999999996 0.0012270000000000002 0.0031080000000000001 0.011655 0.066404000000000005 0.01167 0 0.028742 0.00089099999999999997 0.00060899999999999995 0.0011150000000000001 0.0030559999999999997 0.047417000000000008 0.022245999999999998 0.015563999999999998 0 0
109 linear 3 7 0.290711 1.066518458866113 1 74 0.151118 0.0088430000000000002 0.10413699999999999 0.0044109999999999991 0.0010450000000000001 0.0031099999999999999 0.015914999999999999 0.0050169999999999998 0.011235 0 0.029423000000000001 0.00084699999999999999 0.00058 0.001121 0.0029229999999999998 0.04548399999999999 0.021731999999999974 0.015537 0 1
109 linear 3 15 0.29506399999999999 1.0765904936645658 1 74 0.15342800000000001 0.008914 0.10835299999999999 0.0039440000000000005 0.0011559999999999999 0.0029150000000000001 0.011287999999999999 0.0050870000000000004 0.021715000000000002 0 0.029028999999999999 0.00079799999999999999 0.00058699999999999996 0.001029 0.0029160000000000002 0.048598000000000023 0.023471999999999986 0.015024999999999997 0 2
109 linear 3 23 0.27522999999999997 1.0880952296485638 1 66 0.154922 0.0086379999999999998 0.089861999999999984 0.003238 0.00095599999999999993 0.002993 0.011209 0.005855 0.021228 0 0.028420000000000001 0.00085999999999999998 0.00061100000000000011 0.00097900000000000005 0.0028300000000000009 0.03997800000000002 0.020037000000000006 0.011992999999999997 0 3
109 linear 4 0 0.37894600000000001 1.0276773589005344 1 67 0.236958 0.0090119999999999992 0.10643900000000002 0.0047889999999999999 0.00098499999999999998 0.0029789999999999999 0.011417 0.078562999999999994 0.026193999999999999 0 0.029215000000000001 0.00083100000000000003 0.000602 0.0010740000000000001 0.00299 0.051963999999999975 0.0195 0.015004999999999999 0 0
109 linear 4 7 0.29493799999999998 1.0316118282562969 1 67 0.154834 0.0088009999999999998 0.10518699999999999 0.004483 0.00092600000000000007 0.0030279999999999999 0.010933999999999999 0.005352 0.021297 0 0.028038 0.00082299999999999995 0.00066500000000000001 0.001091 0.0028389999999999999 0.050537000000000006 0.019555999999999983 0.014934999999999997 0 1
109 linear 4 15 0.29230899999999999 1.036822027166133 1 67 0.154754 0.0085880000000000001 0.10366 0.0042990000000000007 0.00090399999999999996 0.0027269999999999998 0.010769000000000001 0.006195 0.021271000000000002 0 0.029262 0.00083500000000000002 0.00062799999999999998 0.00097799999999999992 0.0028440000000000002 0.04973700000000001 0.018903999999999994 0.015050999999999997 0 2
109 linear 4 23 0.289188 1.0428988903686851 1 66 0.155996 0.008881 0.10053000000000001 0.0037300000000000002 0.0010119999999999999 0.0027109999999999999 0.010466 0.0057749999999999998 0.021204000000000001 0 0.028524000000000001 0.00085700000000000001 0.00062699999999999995 0.00095200000000000005 0.002745 0.046890000000000001 0.019790999999999996 0.014320999999999999 0 3
109 uniform 0 0 0.45488099999999998 2.3645373150680924 1 123 0.24929299999999999 0.013963 0.15503499999999998 0.0062190000000000006 0.001294 0.0030049999999999999 0.011077 0.089459999999999998 0.021905000000000001 0 0.026362 0.00086399999999999997 0.00076900000000000004 0.00106 0.0040939999999999995 0.096636000000000027 0.039624999999999987 0 0 0
109 uniform 0 7 0.37722600000000001 2.3214074943735885 1 124 0.17122100000000001 0.013207 0.15612299999999993 0.0060439999999999999 0.0013259999999999999 0.0029380000000000001 0.011069000000000001 0.0091669999999999998 0.021787000000000001 0 0.027793999999999999 0.00083299999999999997 0.00085400000000000005 0.00097799999999999992 0.0036120000000000002 0.098718000000000028 0.038533000000000019 0 0 1
109 uniform 0 15 0.35942800000000003 2.2152690492684952 1 101 0.162852 0.010409 0.15834899999999991 0.0038600000000000001 0.00108 0.003153 0.011764 0.0085620000000000002 0.022530999999999999 0 0.028653999999999999 0.000919 0.00063899999999999992 0.00094899999999999997 0.003156 0.098661000000000013 0.042452000000000045 0 0 2
109 uniform 0 23 0.33482800000000001 2.1364585263950682 1 101 0.16137899999999999 0.010503 0.13423999999999994 0.003831999999999999 0.0012399999999999998 0.002885 0.011486 0.0070549999999999996 0.022733 0 0.029399999999999999 0.00089099999999999997 0.00063900000000000003 0.0010839999999999999 0.003307 0.085029999999999994 0.032411000000000002 0 0 3
109 uniform 1 0 0.458426 1.2654418437113462 1 108 0.237347 0.014690999999999999 0.17495200000000005 0.0048120000000000003 0.0012160000000000001 0.003065 0.012821000000000001 0.073383000000000004 0.026436000000000001 0 0.027507 0.00085300000000000003 0.00061600000000000001 0.0013439999999999999 0.0037260000000000001 0.121838 0.035600999999999973 0 0 0
109 uniform 1 7 0.34764099999999998 1.3481411432444601 1 100 0.16225300000000001 0.0079550000000000003 0.14727099999999999 0.0040029999999999996 0.00101 0.003398 0.012921999999999999 0.0081980000000000004 0.026419000000000002 0 0.027036000000000001 0.00083600000000000005 0.00041300000000000001 0.001784 0.0035599999999999998 0.10094199999999999 0.03021600000000001 0 0 1
109 uniform 1 15 0.38635000000000003 1.4286589378052363 1 116 0.17977899999999999 0.0074539999999999997 0.16431999999999997 0.0048950000000000009 0.0014610000000000001 0.002954 0.011637 0.028707 0.025183000000000001 0 0.028524999999999998 0.00085800000000000004 0.00038699999999999997 0.001578 0.0034280000000000001 0.11074299999999999 0.035039000000000022 0 0 2
109 uniform 1 23 0.341422 1.51182863323487 1 100 0.18044499999999999 0.010496999999999999 0.12283899999999998 0.0038110000000000006 0.0010529999999999999 0.003019 0.011226 0.023987000000000001 0.025652999999999999 0 0.027123000000000001 0.00082899999999999998 0.00062999999999999992 0.0011869999999999999 0.0038960000000000002 0.085481000000000001 0.023071999999999981 0 0 3
109 uniform 2 0 0.36376799999999998 1.243634666106495 1 95 0.22448799999999999 0.0097000000000000003 0.10209399999999999 0.0043919999999999992 0.001109 0.0030980000000000001 0.011615 0.069043999999999994 0.022963000000000001 0 0.028497000000000001 0.00086499999999999999 0.00058199999999999994 0.001134 0.0032539999999999999 0.057426999999999999 0.029305999999999988 0 0 0
109 uniform 2 7 0.301566 1.2698356510289421 1 95 0.15904799999999999 0.0093670000000000003 0.10286100000000002 0.0042650000000000006 0.0010989999999999999 0.0030539999999999999 0.011752 0.0050660000000000002 0.022367000000000001 0 0.028157000000000001 0.000852 0.00059699999999999998 0.001008 0.0031470000000000001 0.058765000000000012 0.028869999999999976 0 0 1
109 uniform 2 15 0.29411700000000002 1.3011371128946088 1 94 0.15795500000000001 0.0094730000000000005 0.099630999999999983 0.0037940000000000001 0.001073 0.003016 0.011013999999999999 0.0048840000000000003 0.021554 0 0.028840999999999999 0.00084500000000000005 0.00059499999999999993 0.0010790000000000001 0.0033130000000000004 0.057135999999999985 0.027384999999999979 0 0 2
109 uniform 2 23 0.29123599999999999 1.3349661128561747 1 94 0.15392800000000001 0.0094990000000000005 0.10119899999999997 0.0036649999999999994 0.0010499999999999999 0.0030209999999999998 0.010847000000000001 0.004692 0.021458999999999999 0 0.026443000000000001 0.000785 0.00058599999999999993 0.0010889999999999999 0.0031369999999999996 0.058731000000000012 0.027369999999999998 0 0 3
109 uniform 3 0 0.31489200000000001 1.0599520324423266 1 66 0.20835999999999999 0.0092709999999999997 0.073480000000000004 0.0036310000000000005 0.00086700000000000004 0.003029 0.011556 0.066697000000000006 0.011431999999999999 0 0.028679 0.000767 0.00061199999999999991 0.001049 0.0030339999999999998 0.04325600000000001 0.019617000000000002 0 0 0
109 uniform 3 7 0.256965 1.0679851491594106 1 66 0.152666 0.0089750000000000003 0.071881999999999988 0.0034519999999999998 0.00089800000000000004 0.002967 0.011355000000000001 0.0048009999999999997 0.011594 0 0.034204999999999999 0.00083299999999999997 0.00060300000000000002 0.0010070000000000001 0.0029999999999999996 0.041765999999999998 0.019425999999999988 0 0 1
109 uniform 3 15 0.25022299999999997 1.0784406873781314 1 58 0.15532899999999999 0.0090089999999999996 0.066443999999999975 0.002594 0.00079900000000000001 0.0030509999999999999 0.011342 0.0048679999999999999 0.021974 0 0.029108999999999999 0.00079699999999999997 0.00061400000000000007 0.0010920000000000001 0.0028889999999999996 0.039394000000000005 0.017687000000000005 0 0 2
109 uniform 3 23 0.24718100000000001 1.0904271233317027 1 58 0.15517300000000001 0.0086210000000000002 0.064378000000000005 0.00248 0.00065799999999999995 0.0028270000000000001 0.010994 0.0060020000000000004 0.021222000000000001 0 0.028650999999999999 0.00082299999999999995 0.00063699999999999998 0.001023 0.0028340000000000001 0.037121000000000001 0.017913999999999992 0 0 3
109 uniform 4 0 0.32727600000000001 1.0280781555263279 1 51 0.23164899999999999 0.0088159999999999992 0.064473999999999976 0.0025149999999999999 0.00077699999999999991 0.0028700000000000002 0.01116 0.078742000000000006 0.022537999999999999 0 0.028447 0.00080900000000000004 0.00058399999999999999 0.001116 0.002797 0.040423999999999988 0.015527000000000006 0 0 0
109 uniform 4 7 0.248999 1.0320953550804273 1 51 0.15818299999999999 0.0088120000000000004 0.062884999999999983 0.002774 0.00070699999999999995 0.0028509999999999998 0.010836 0.0050850000000000001 0.023245999999999999 0 0.028583000000000001 0.00091 0.00064199999999999999 0.0010480000000000001 0.0029640000000000005 0.038661000000000001 0.015725999999999997 0 0 1
109 uniform 4 15 0.24936700000000001 1.0374230835613214 1 51 0.157889 0.0085839999999999996 0.064565999999999998 0.002516 0.00067299999999999999 0.0029740000000000001 0.01102 0.0061679999999999999 0.022764 0 0.028920999999999999 0.00083000000000000001 0.00060399999999999994 0.00099299999999999996 0.0029250000000000001 0.041264000000000009 0.014919000000000005 0 0 2
109 uniform 4 23 0.25384600000000002 1.0436459507793789 1 58 0.15468999999999999 0.0088330000000000006 0.070013000000000034 0.0028729999999999997 0.00072900000000000005 0.0028649999999999999 0.010969 0.0061019999999999998 0.022471000000000001 0 0.028443 0.00087200000000000005 0.00059600000000000007 0.00094600000000000001 0.0028419999999999999 0.04305999999999998 0.017430999999999999 0 0 3
110 linear 0 0 0.82070900000000002 479.6514160322136 1 112 0.52268599999999998 0.0074619999999999999 0.2537890000000001 0.0070740000000000013 0.0017569999999999999 0.0029499999999999999 0.011309 0.16956099999999999 0.024851999999999999 0 0.027637999999999999 0.00089099999999999997 0.19605600000000001 0.001384 0.0032799999999999999 0.11688900000000005 0.048802999999999999 0.020861999999999985 0 0
110 linear 0 7 0.76176699999999997 480.61084767672639 1 105 0.38406099999999999 0.0068950000000000001 0.33720899999999993 0.0062540000000000009 0.001158 0.002905 0.011338000000000001 0.023428999999999998 0.024618999999999999 0 0.028117 0.00089700000000000001 0.20447700000000002 0.001268 0.0032940000000000001 0.21138100000000004 0.047169999999999955 0.020082999999999986 0 1
110 linear 0 15 0.73445899999999997 474.75398072304034 1 105 0.37010300000000002 0.0067299999999999999 0.32514300000000002 0.0054969999999999993 0.001047 0.0027190000000000001 0.010900999999999999 0.024861999999999999 0.023633999999999999 0 0.027012000000000001 0.00080900000000000004 0.19481500000000002 0.001199 0.0032510000000000004 0.20022500000000001 0.046621999999999997 0.020009999999999976 0 2
110 linear 0 23 0.75415299999999996 461.34793062976206 1 113 0.36797400000000002 0.0068820000000000001 0.34395499999999996 0.0057430000000000007 0.001224 0.002545 0.010598 0.021468999999999999 0.024084999999999999 0 0.027022999999999998 0.00082700000000000004 0.19657800000000003 0.00081499999999999997 0.0030990000000000002 0.20692499999999997 0.049182000000000017 0.020922999999999983 0 3
110 linear 1 0 0.57442199999999999 9.9227944628573557 1 80 0.40582699999999999 0.012189 0.12894600000000003 0.0045229999999999992 0.00098700000000000003 0.00299 0.011272000000000001 0.18310699999999999 0.084346000000000004 0 0.027126000000000001 0.00087000000000000001 0.0045830000000000003 0.0010889999999999999 0.0035659999999999997 0.054597999999999987 0.040790999999999987 0.011052999999999993 0 0
110 linear 1 7 0.45673000000000002 11.573191106120412 1 88 0.26190999999999998 0.011776 0.15273499999999998 0.0048369999999999993 0.0010790000000000001 0.0029150000000000001 0.010800000000000001 0.051347999999999998 0.073620000000000005 0 0.027001000000000001 0.000794 0.0043619999999999996 0.001189 0.0034710000000000006 0.059945000000000005 0.051545000000000028 0.014934999999999993 0 1
110 linear 1 15 0.44159399999999999 13.709359718200462 1 88 0.22481899999999999 0.011323 0.17555099999999993 0.0047220000000000005 0.0011129999999999998 0.0028479999999999998 0.010342 0.051202999999999999 0.042057999999999998 0 0.026183999999999999 0.00074700000000000005 0.004339 0.0010870000000000001 0.0034649999999999993 0.063316999999999998 0.043617000000000003 0.015603999999999998 0 2
110 linear 1 23 0.439079 15.187928217747867 1 88 0.20966499999999999 0.011324000000000001 0.18830200000000005 0.0045660000000000015 0.0010970000000000001 0.0025569999999999998 0.0095090000000000001 0.051131000000000003 0.031412000000000002 0 0.025692 0.00073700000000000002 0.0041999999999999997 0.00092599999999999996 0.0033250000000000003 0.066103000000000009 0.042651000000000022 0.015847999999999998 0 3
110 linear 2 0 0.46147700000000003 5.4305073694781951 1 53 0.34123900000000001 0.0086219999999999995 0.089309999999999987 0.0038580000000000003 0.000767 0.002761 0.0098700000000000003 0.18629499999999999 0.031816999999999998 0 0.026438 0.00079500000000000003 0.0033170000000000005 0.001348 0.0032910000000000001 0.04331900000000001 0.024452999999999999 0.0060520000000000027 0 0
110 linear 2 7 0.48068300000000003 5.4304213677665167 1 53 0.34527600000000003 0.0085000000000000006 0.10484400000000002 0.0035839999999999999 0.00075500000000000003 0.0025349999999999999 0.0093410000000000003 0.051857 0.031460000000000002 0 0.026131999999999999 0.00075199999999999996 0.143071 0.001178 0.00314 0.05959600000000001 0.023788 0.006087000000000003 0 1
110 linear 2 15 0.332542 5.4352119653659035 1 53 0.20488700000000001 0.0081899999999999994 0.098056000000000004 0.0033519999999999999 0.00062199999999999994 0.0026849999999999999 0.010083 0.049883999999999998 0.032855000000000002 0 0.027130999999999999 0.00082700000000000004 0.0031350000000000002 0.0010300000000000001 0.0031319999999999998 0.054716000000000001 0.022106000000000004 0.0060680000000000013 0 2
110 linear 2 23 0.32852500000000001 5.4427625852343109 1 53 0.20125999999999999 0.0081499999999999993 0.098081000000000015 0.0031679999999999998 0.00063900000000000003 0.002676 0.0094999999999999998 0.048038999999999998 0.032118000000000001 0 0.026592999999999999 0.00074799999999999997 0.003163 0.00094899999999999997 0.003176 0.053810999999999991 0.023153000000000003 0.0060760000000000033 0 3
110 linear 3 0 0.45138499999999998 5.0951674740592026 1 53 0.33216299999999999 0.0083339999999999994 0.089933000000000027 0.003274 0.00060499999999999996 0.002663 0.0096799999999999994 0.18013100000000001 0.031137000000000001 0 0.026211999999999999 0.000736 0.003042 0.0010740000000000001 0.0030490000000000001 0.046684000000000003 0.022074000000000003 0.0060710000000000017 0 0
110 linear 3 7 0.44037900000000002 5.0829440071414966 1 53 0.30222500000000002 0.0083739999999999995 0.10865000000000001 0.0031029999999999999 0.00059699999999999998 0.002418 0.0093340000000000003 0.051685000000000002 0.031564000000000002 0 0.025690999999999999 0.00071699999999999997 0.104547 0.0010189999999999999 0.0030659999999999997 0.063532000000000005 0.023414000000000001 0.0062069999999999972 0 1
110 linear 3 15 0.33711000000000002 5.0697492135210425 1 53 0.20736399999999999 0.0093760000000000007 0.09918200000000002 0.0030379999999999999 0.00063400000000000001 0.0024239999999999999 0.010411 0.051716999999999999 0.034751999999999998 0 0.025499999999999998 0.00079600000000000005 0.0030620000000000001 0.001109 0.0034049999999999996 0.054786000000000001 0.022664999999999994 0.006295999999999996 0 2
110 linear 3 23 0.32848699999999997 5.0558447627796275 1 53 0.20382600000000001 0.0094020000000000006 0.093502000000000016 0.0033360000000000004 0.000696 0.002362 0.010036 0.048336999999999998 0.034174999999999997 0 0.025798000000000001 0.00066799999999999997 0.0029920000000000003 0.000959 0.0033349999999999999 0.049072000000000005 0.022770000000000002 0.006216999999999996 0 3
110 linear 4 0 0.82426299999999997 162.02615850855156 1 111 0.50617599999999996 0.015841999999999998 0.25984400000000024 0.0073180000000000007 0.0017589999999999999 0.003026 0.012781000000000001 0.170681 0.024582 0 0.030398000000000001 0.00085800000000000004 0.16259100000000001 0.00036000000000000002 0.003699 0.13111000000000009 0.045077999999999965 0.019345000000000001 0 0
110 linear 4 7 0.778026 150.03435314781581 1 111 0.39811800000000003 0.015313999999999999 0.32247200000000026 0.0071919999999999996 0.0015580000000000001 0.0028609999999999998 0.011013 0.033212999999999999 0.021260999999999999 0 0.028611000000000001 0.000803 0.20114299999999999 0.00032600000000000001 0.0036449999999999998 0.19817099999999996 0.045718000000000009 0.016938999999999999 0 1
110 linear 4 15 0.76078100000000004 138.28095698716075 1 111 0.39353100000000002 0.013663 0.31283300000000003 0.0066060000000000008 0.001526 0.0027789999999999998 0.01089 0.033161000000000003 0.021021999999999999 0 0.028323000000000001 0.00087299999999999997 0.19998299999999999 0.00032000000000000003 0.0035799999999999994 0.19207000000000007 0.043918999999999986 0.017041999999999991 0 2
110 linear 4 23 0.66190599999999999 128.19613001313763 1 111 0.30108400000000002 0.014692 0.30609200000000014 0.0062830000000000004 0.0014630000000000001 0.0028080000000000002 0.010541999999999999 0.033116 0.020972000000000001 0 0.028576000000000001 0.00077700000000000002 0.11057699999999999 0.00028899999999999998 0.0034940000000000006 0.18267299999999995 0.044311999999999983 0.016974 0 3
110 uniform 0 0 0.74912599999999996 457.0983791152247 1 112 0.517231 0.0073130000000000001 0.18862600000000002 0.0062510000000000005 0.0016569999999999998 0.0025899999999999999 0.011249 0.16711699999999999 0.023484000000000001 0 0.027715 0.00080999999999999996 0.19556799999999996 0.0013010000000000001 0.0033070000000000005 0.11658600000000009 0.052179000000000038 0 0 0
110 uniform 0 7 0.69331799999999999 457.71430895663656 1 105 0.37726100000000001 0.0070679999999999996 0.27674799999999994 0.0054450000000000002 0.0011559999999999999 0.0027409999999999999 0.011301 0.023338000000000001 0.024483999999999999 0 0.028056999999999999 0.00086799999999999996 0.19859400000000002 0.001263 0.0032599999999999999 0.21073500000000001 0.047049999999999974 0 0 1
110 uniform 0 15 0.67366700000000002 453.66968946577782 1 105 0.37238199999999999 0.0067470000000000004 0.26296100000000011 0.0049429999999999995 0.001111 0.0028410000000000002 0.010855 0.02486 0.024240000000000001 0 0.027094 0.00081099999999999998 0.19633800000000001 0.0010709999999999999 0.0031989999999999996 0.19784900000000011 0.046278999999999959 0 0 2
110 uniform 0 23 0.67662299999999997 444.33920936293282 1 105 0.36841499999999999 0.006757 0.27019799999999988 0.0047279999999999996 0.0010870000000000001 0.0027360000000000002 0.010378 0.021597999999999999 0.024565 0 0.027314999999999999 0.00082399999999999997 0.19665299999999999 0.000834 0.0029949999999999998 0.20559100000000002 0.045797999999999957 0 0 3
110 uniform 1 0 0.55246399999999996 10.352210513621671 1 80 0.40507199999999999 0.012118 0.10821899999999995 0.0041139999999999996 0.00098099999999999988 0.0030000000000000001 0.011246000000000001 0.17938999999999999 0.086759000000000003 0 0.026811000000000001 0.00085400000000000005 0.0044339999999999996 0.0010920000000000001 0.0036340000000000005 0.054690000000000016 0.041087999999999993 0 0 0
110 uniform 1 7 0.42858099999999999 12.009957676953139 1 88 0.26258999999999999 0.011868999999999999 0.12399600000000002 0.0046230000000000004 0.001116 0.0028730000000000001 0.010777 0.051534000000000003 0.075159000000000004 0 0.026412000000000001 0.00084199999999999998 0.004359 0.001036 0.0035630000000000002 0.063633999999999996 0.046440000000000023 0 0 1
110 uniform 1 15 0.37773400000000001 14.048610586116316 1 80 0.22567499999999999 0.011417999999999999 0.11347399999999996 0.0037590000000000002 0.00085099999999999998 0.0027680000000000001 0.010024999999999999 0.051429000000000002 0.043603000000000003 0 0.026223 0.00072099999999999996 0.0043910000000000008 0.0010009999999999999 0.0035309999999999999 0.060252000000000007 0.040420999999999992 0 0 2
110 uniform 1 23 0.37329200000000001 15.228686678209179 1 88 0.210205 0.011142000000000001 0.12274900000000001 0.0038530000000000001 0.0011609999999999999 0.0025360000000000001 0.0093919999999999993 0.051194999999999997 0.033146000000000002 0 0.02572 0.00075100000000000004 0.0042820000000000002 0.00088800000000000001 0.0033029999999999995 0.066090999999999997 0.042719999999999973 0 0 3
110 uniform 2 0 0.42179899999999998 5.4582265720733689 1 37 0.34030300000000002 0.0085570000000000004 0.058117000000000002 0.00199 0.00056400000000000005 0.002918 0.009953 0.18520800000000001 0.032079000000000003 0 0.026134000000000001 0.00080900000000000004 0.0033480000000000003 0.0012329999999999999 0.0032080000000000012 0.036237999999999999 0.016319 0 0 0
110 uniform 2 7 0.43529400000000001 5.4602953372456708 1 37 0.344447 0.0083269999999999993 0.067872000000000016 0.0018860000000000001 0.00055699999999999999 0.0026800000000000001 0.009221 0.051811000000000003 0.031515000000000001 0 0.026151000000000001 0.00073499999999999998 0.14313799999999999 0.0011709999999999999 0.0031470000000000005 0.046729 0.015543999999999997 0 0 1
110 uniform 2 15 0.292736 5.4676125792176382 1 37 0.20277800000000001 0.0083470000000000003 0.066257999999999997 0.0021129999999999999 0.00048900000000000007 0.002575 0.0094750000000000008 0.049783000000000001 0.031390000000000001 0 0.0264 0.00083000000000000001 0.0030829999999999998 0.001036 0.003199 0.045653999999999993 0.014817999999999998 0 0 2
110 uniform 2 23 0.28846699999999997 5.4775678129751944 1 37 0.19982 0.0083250000000000008 0.065448999999999993 0.0019040000000000001 0.00047800000000000002 0.0024109999999999999 0.0088929999999999999 0.048112000000000002 0.032027 0 0.025815000000000001 0.00069399999999999996 0.00314 0.00099400000000000009 0.0030229999999999996 0.044615999999999996 0.015134 0 0 3
110 uniform 3 0 0.40881899999999999 5.1161607446122996 1 37 0.33100099999999999 0.0082529999999999999 0.055244000000000008 0.0018189999999999999 0.00045999999999999996 0.0024329999999999998 0.0091839999999999995 0.17971799999999999 0.031304999999999999 0 0.026155999999999999 0.00076300000000000001 0.0031020000000000002 0.001042 0.0030180000000000003 0.035161999999999999 0.014345000000000002 0 0 0
110 uniform 3 7 0.39425100000000002 5.1047035055417584 1 37 0.30598399999999998 0.0080520000000000001 0.065975999999999993 0.0019050000000000002 0.00044399999999999995 0.0023119999999999998 0.0089519999999999999 0.051736999999999998 0.031227999999999999 0 0.025589000000000001 0.00071599999999999995 0.108751 0.00099099999999999991 0.003042 0.045684000000000002 0.014734000000000006 0 0 1
110 uniform 3 15 0.286686 5.0922265878831148 1 37 0.199491 0.0080879999999999997 0.064902000000000001 0.00183 0.00043899999999999999 0.0022989999999999998 0.0092770000000000005 0.050304000000000001 0.031153 0 0.02554 0.00069499999999999998 0.0030730000000000002 0.00101 0.003006 0.044219000000000001 0.015090999999999999 0 0 2
110 uniform 3 23 0.273613 5.0787966707957821 1 37 0.19300899999999999 0.0080909999999999992 0.058314999999999999 0.0018649999999999999 0.00041899999999999999 0.002225 0.0084539999999999997 0.046958 0.031001999999999998 0 0.026110999999999999 0.00062600000000000004 0.0029099999999999998 0.00092900000000000003 0.0029199999999999999 0.038477000000000004 0.014315000000000001 0 0 3
110 uniform 4 0 0.77051899999999995 162.94351416646577 1 127 0.50466 0.014246999999999999 0.20403199999999994 0.0077739999999999997 0.0017650000000000001 0.0028670000000000002 0.01137 0.16914499999999999 0.021621000000000001 0 0.029911 0.00088099999999999995 0.16280700000000001 0.000301 0.0036439999999999997 0.13522100000000001 0.048209000000000016 0 0 0
110 uniform 4 7 0.73302599999999996 150.75551806526019 1 111 0.39611600000000002 0.016202000000000001 0.27957699999999985 0.0061010000000000005 0.0015149999999999999 0.0027539999999999999 0.011313 0.033341999999999997 0.020930000000000001 0 0.028594999999999999 0.00077099999999999998 0.201015 0.00026899999999999998 0.0037039999999999998 0.20788799999999999 0.050016999999999978 0 0 1
110 uniform 4 15 0.71410499999999999 138.84046367243386 1 111 0.39554600000000001 0.014893 0.26331099999999991 0.0057260000000000011 0.0014340000000000002 0.0027290000000000001 0.011929 0.034217999999999998 0.023777 0 0.028209000000000001 0.00085599999999999999 0.19644999999999999 0.00032699999999999998 0.0034990000000000004 0.19728699999999999 0.04658699999999999 0 0 2
110 uniform 4 23 0.61556699999999998 128.63875897764942 1 111 0.310888 0.016522999999999999 0.24720199999999995 0.0064139999999999996 0.0013940000000000001 0.0027100000000000002 0.011786 0.034501999999999998 0.024551 0 0.028568 0.00083100000000000003 0.11000500000000001 0.00029399999999999999 0.0035729999999999998 0.18455800000000006 0.044424000000000005 0 0 3
111 linear 0 0 0.72750400000000004 4.8410922538016781 1 82 0.48541200000000001 0.073036000000000004 0.14160700000000001 0.0050349999999999995 0.0013619999999999999 0.0032100000000000002 0.011499000000000001 0.19505400000000001 0.022010999999999999 0 0.027778000000000001 0.00089499999999999996 0.14121799999999998 0.0013489999999999999 0.0032200000000000006 0.063177000000000011 0.045022999999999994 0.009275000000000002 0 0
111 linear 0 7 0.61601600000000001 4.7616801042429229 1 82 0.31515500000000002 0.066804000000000002 0.20625899999999997 0.0049170000000000004 0.0011440000000000003 0.0028860000000000001 0.010671 0.055572999999999997 0.022265 0 0.027035 0.00080900000000000004 0.11463499999999999 0.001263 0.0031820000000000004 0.12814900000000004 0.044891000000000014 0.0092919999999999999 0 1
111 linear 0 15 0.76657399999999998 4.6551371459082267 1 82 0.476215 0.064408999999999994 0.19870600000000005 0.004411 0.00115 0.002849 0.010612999999999999 0.058853999999999997 0.022216 0 0.027559 0.00084099999999999995 0.27052199999999998 0.0011839999999999999 0.0032569999999999999 0.12002799999999995 0.045540999999999984 0.0092720000000000042 0 2
111 linear 0 23 0.75276100000000001 4.5328934129209619 1 82 0.46709699999999998 0.062871999999999997 0.19628200000000004 0.0040699999999999998 0.001016 0.002745 0.010055 0.058675999999999999 0.022079999999999999 0 0.026893 0.00087900000000000001 0.26618400000000003 0.001206 0.0031980000000000003 0.11853900000000005 0.044532999999999989 0.0092689999999999977 0 3
111 linear 1 0 0.81639899999999999 3.6797914533534111 1 74 0.60294000000000003 0.062217000000000001 0.12689799999999996 0.0036360000000000003 0.00125 0.0025569999999999998 0.0098049999999999995 0.19545000000000001 0.023914000000000001 0 0.026255000000000001 0.00079000000000000001 0.26656400000000002 0.001212 0.0030369999999999998 0.057497999999999987 0.039058000000000009 0.0083380000000000017 0 0
111 linear 1 7 0.69435199999999997 3.5288641259421163 1 74 0.423178 0.062658000000000005 0.18424400000000005 0.0036540000000000001 0.0011720000000000001 0.0025019999999999999 0.0094520000000000003 0.058707000000000002 0.024133999999999999 0 0.025496999999999999 0.00081800000000000004 0.225937 0.001165 0.0030130000000000001 0.11411700000000004 0.039838999999999986 0.0083230000000000023 0 1
111 linear 1 15 0.70281199999999999 3.3504617145200344 1 74 0.42349599999999998 0.066756999999999997 0.18759299999999998 0.0042690000000000002 0.001132 0.0024239999999999999 0.0097420000000000007 0.058652000000000003 0.023746 0 0.025947999999999999 0.00076300000000000001 0.22353099999999998 0.001163 0.0030460000000000001 0.11569100000000002 0.041170999999999992 0.0083250000000000025 0 2
111 linear 1 23 0.66345799999999999 3.1668906671414767 1 74 0.342497 0.063926999999999998 0.23194299999999998 0.0040680000000000004 0.001098 0.002395 0.0090369999999999999 0.058782000000000001 0.023535 0 0.025971000000000001 0.00074700000000000005 0.14524699999999999 0.00116 0.0031150000000000006 0.16087999999999997 0.040628000000000004 0.0083150000000000029 0 3
111 linear 2 0 0.72029600000000005 2.5980415988084928 1 82 0.46848099999999998 0.067448999999999995 0.155114 0.0048260000000000004 0.001201 0.0027520000000000001 0.010049000000000001 0.19506100000000001 0.024451000000000001 0 0.026675999999999998 0.00080000000000000004 0.129164 0.0012329999999999999 0.0030700000000000002 0.073127999999999999 0.037661999999999994 0.0085470000000000025 0 0
111 linear 2 7 0.80008599999999996 2.4757554028849946 1 82 0.458731 0.062692999999999999 0.24982800000000005 0.0046979999999999999 0.0009410000000000001 0.0026819999999999999 0.0097699999999999992 0.051582999999999997 0.021547 0 0.026473 0.00081700000000000002 0.26861300000000005 0.001047 0.0030460000000000001 0.16760700000000003 0.037678999999999976 0.008580000000000006 0 1
111 linear 2 15 0.67684299999999997 2.302926306388998 1 82 0.33765699999999998 0.062102999999999998 0.24851999999999999 0.004352 0.00091599999999999993 0.0024650000000000002 0.0093570000000000007 0.056605000000000003 0.021684999999999999 0 0.025739000000000001 0.00075000000000000002 0.14516999999999999 0.001024 0.0030060000000000004 0.16625400000000001 0.038242999999999971 0.0085670000000000034 0 2
111 linear 2 23 0.67151499999999997 2.0683973392372921 1 75 0.33294800000000002 0.061718000000000002 0.25009800000000004 0.0040269999999999993 0.0010660000000000001 0.002441 0.009476 0.055558000000000003 0.021758 0 0.026242000000000001 0.00073499999999999998 0.13951500000000003 0.0010759999999999999 0.0029749999999999998 0.17398000000000011 0.034192999999999987 0.0077260000000000011 0 3
111 linear 3 0 0.66780200000000001 1.5187845314355757 1 61 0.46418900000000002 0.066576999999999997 0.11096600000000001 0.0044819999999999999 0.00098499999999999998 0.0025460000000000001 0.0092580000000000006 0.195021 0.032924000000000002 0 0.025984 0.00075900000000000002 0.11810900000000002 0.0011050000000000001 0.0030719999999999996 0.048407999999999993 0.027048999999999993 0.0062500000000000003 0 0
111 linear 3 7 0.71683300000000005 1.5249598261998321 1 61 0.43469099999999999 0.062712000000000004 0.19447099999999992 0.0038180000000000002 0.00082899999999999998 0.0027409999999999999 0.0099959999999999997 0.049951000000000002 0.021634 0 0.025794000000000001 0.000803 0.24587900000000001 0.0010399999999999999 0.0030410000000000003 0.13335799999999995 0.027346000000000009 0.0060690000000000006 0 1
111 linear 3 15 0.74345799999999995 1.532442284561925 1 61 0.44934600000000002 0.063303999999999999 0.20494799999999996 0.0039959999999999996 0.00085899999999999995 0.0025179999999999998 0.0094240000000000001 0.051709999999999999 0.021325 0 0.025448999999999999 0.00074200000000000004 0.26229800000000003 0.00098299999999999993 0.0029219999999999997 0.13716299999999992 0.031010000000000013 0.0065030000000000001 0 2
111 linear 3 23 0.74040899999999998 1.5404312404725915 1 61 0.446411 0.066481999999999999 0.20230100000000001 0.0038239999999999997 0.00082100000000000001 0.0025040000000000001 0.010606000000000001 0.053093000000000001 0.034224999999999998 0 0.026303 0.00078600000000000002 0.23905399999999999 0.001127 0.0032569999999999999 0.13906400000000002 0.027975000000000017 0.0063409999999999968 0 3
111 linear 4 0 0.529532 1.5750341065716056 1 61 0.35090700000000002 0.037601000000000002 0.11598 0.0037609999999999996 0.00087600000000000004 0.002568 0.010734 0.19547999999999999 0.024708000000000001 0 0.025964000000000001 0.00083500000000000002 0.012104999999999999 0.0011720000000000001 0.0033209999999999997 0.050367999999999996 0.027698000000000004 0.0062049999999999978 0 0
111 linear 4 7 0.52958000000000005 1.5916095546342084 1 61 0.28824699999999998 0.03601 0.18103599999999997 0.003591 0.00081500000000000008 0.0024320000000000001 0.010374 0.052488 0.036040999999999997 0 0.025444999999999999 0.00079100000000000004 0.078604999999999994 0.001052 0.0029859999999999999 0.11663500000000002 0.027584999999999991 0.0060630000000000024 0 1
111 linear 4 15 0.65568099999999996 1.6131194243292764 1 61 0.39910200000000001 0.035899 0.19631099999999996 0.0035500000000000002 0.000776 0.0022829999999999999 0.0091500000000000001 0.043810000000000002 0.032120999999999997 0 0.025447999999999998 0.00071000000000000002 0.21094499999999999 0.0011180000000000001 0.002983 0.13219999999999998 0.027356000000000002 0.006059000000000001 0 2
111 linear 4 23 0.45194099999999998 1.6381037276864574 1 61 0.20205400000000001 0.037716 0.18692500000000004 0.0041159999999999999 0.00071599999999999995 0.0022720000000000001 0.0088050000000000003 0.051337000000000001 0.032379999999999999 0 0.025835 0.00077899999999999996 0.003836 0.0011429999999999999 0.003006 0.12329799999999999 0.026824000000000008 0.0060540000000000004 0 3
111 uniform 0 0 0.67435500000000004 4.6875577014859413 1 74 0.46939700000000001 0.070433999999999997 0.10982899999999998 0.0040269999999999993 0.0011610000000000001 0.0023149999999999998 0.0091339999999999998 0.195215 0.021988000000000001 0 0.025878999999999999 0.00074799999999999997 0.13699999999999998 0.0011329999999999999 0.0029830000000000004 0.057967999999999992 0.040771999999999989 0 0 0
111 uniform 0 7 0.57102699999999995 4.6182877256477619 1 74 0.30612200000000001 0.064198000000000005 0.17610499999999998 0.0036819999999999995 0.0010330000000000001 0.0023579999999999999 0.0088739999999999999 0.055545999999999998 0.022263000000000002 0 0.025914 0.00078700000000000005 0.114259 0.00108 0.0029060000000000002 0.12504200000000001 0.039791999999999973 0 0 1
111 uniform 0 15 0.72092999999999996 4.528055436469768 1 74 0.47118599999999999 0.064946000000000004 0.16019900000000004 0.0038020000000000003 0.0010690000000000001 0.0022590000000000002 0.0088690000000000001 0.058590000000000003 0.023413 0 0.026669999999999999 0.00077099999999999998 0.27382000000000001 0.001108 0.0030569999999999998 0.10832600000000002 0.040746999999999992 0 0 2
111 uniform 0 23 0.71217799999999998 4.4266267210423553 1 74 0.46258300000000002 0.065643999999999994 0.16000899999999996 0.0033590000000000004 0.00091900000000000011 0.002555 0.0103 0.058833000000000003 0.023866999999999999 0 0.026037999999999999 0.00079100000000000004 0.26436100000000001 0.001122 0.0029949999999999998 0.10942500000000001 0.03945400000000001 0 0 3
111 uniform 1 0 0.79727700000000001 3.6816506216860536 1 74 0.59867000000000004 0.063480999999999996 0.11163000000000001 0.0033089999999999994 0.00099099999999999991 0.0024139999999999999 0.0093950000000000006 0.195161 0.023789999999999999 0 0.026186999999999998 0.00078600000000000002 0.26476500000000003 0.0012130000000000001 0.0029369999999999999 0.057519000000000008 0.043002999999999993 0 0 0
111 uniform 1 7 0.66967900000000002 3.5537016716211398 1 74 0.42091400000000001 0.062406000000000003 0.16268399999999997 0.00315 0.001127 0.002454 0.0097000000000000003 0.058710999999999999 0.023501000000000001 0 0.025339 0.00074100000000000001 0.22587999999999997 0.0011490000000000001 0.0028400000000000005 0.11136500000000005 0.039855000000000002 0 0 1
111 uniform 1 15 0.67507399999999995 3.3994083400167208 1 74 0.42244300000000001 0.061859999999999998 0.16686300000000001 0.0032779999999999997 0.00125 0.002405 0.0090900000000000009 0.058816 0.023158999999999999 0 0.025711000000000001 0.00070699999999999995 0.22346299999999997 0.001065 0.0029249999999999996 0.114881 0.040739999999999998 0 0 2
111 uniform 1 23 0.64540900000000001 3.2362739913304273 1 74 0.34281600000000001 0.062255999999999999 0.21297000000000005 0.0032129999999999997 0.001116 0.0025560000000000001 0.0092630000000000004 0.058800999999999999 0.023762999999999999 0 0.026346000000000001 0.000803 0.14308699999999999 0.0010120000000000001 0.0029089999999999997 0.16106099999999995 0.040514999999999989 0 0 3
111 uniform 2 0 0.65214899999999998 2.6713041077562614 1 66 0.46362900000000001 0.064609 0.10236699999999999 0.0029060000000000002 0.00094200000000000013 0.0027209999999999999 0.0096460000000000001 0.19509699999999999 0.022329999999999999 0 0.026209 0.00080900000000000004 0.128886 0.001083 0.003006 0.060847999999999992 0.031636999999999998 0 0 0
111 uniform 2 7 0.726858 2.5614140717217255 1 66 0.46397500000000003 0.066659999999999997 0.17378399999999994 0.0034269999999999999 0.00091799999999999998 0.0024520000000000002 0.0093220000000000004 0.051702999999999999 0.021770999999999999 0 0.026301000000000001 0.00078600000000000002 0.27270500000000003 0.0011349999999999999 0.0030990000000000002 0.13087900000000002 0.032679 0 0 1
111 uniform 2 15 0.608927 2.3936851436617048 1 66 0.34157100000000001 0.063786999999999996 0.18207900000000005 0.0030039999999999997 0.00087600000000000004 0.0026059999999999998 0.0097929999999999996 0.056662999999999998 0.022092000000000001 0 0.026686000000000001 0.00077800000000000005 0.14567999999999998 0.001137 0.0030189999999999991 0.13986199999999993 0.032036999999999996 0 0 2
111 uniform 2 23 0.63800699999999999 2.1329850299591979 1 67 0.33227499999999999 0.062427999999999997 0.22051500000000007 0.0034599999999999995 0.0009990000000000001 0.0025179999999999998 0.0095910000000000006 0.055695000000000001 0.021777999999999999 0 0.026461999999999999 0.00079799999999999999 0.13789699999999999 0.0010089999999999999 0.0029369999999999999 0.17700599999999994 0.033432999999999977 0 0 3
111 uniform 3 0 0.61470100000000005 1.519108025438427 1 45 0.46663399999999999 0.064394999999999994 0.065636 0.002418 0.00079100000000000004 0.0025890000000000002 0.0091669999999999998 0.195109 0.033031999999999999 0 0.029819999999999999 0.00079199999999999995 0.11860799999999999 0.0012030000000000001 0.0028869999999999998 0.036675999999999986 0.022201000000000002 0 0 0
111 uniform 3 7 0.65035399999999999 1.5253070289944701 1 45 0.43538300000000002 0.064824999999999994 0.13233500000000001 0.0023040000000000001 0.00068899999999999994 0.0023149999999999998 0.0093419999999999996 0.049595 0.021901 0 0.026171 0.00087799999999999998 0.24606700000000001 0.0011559999999999999 0.0031180000000000001 0.10268000000000001 0.022657000000000007 0 0 1
111 uniform 3 15 0.66205999999999998 1.5328206211049742 1 45 0.45178200000000002 0.064363000000000004 0.12754799999999999 0.0024450000000000001 0.000669 0.002428 0.010206 0.053151999999999998 0.024094000000000001 0 0.025600000000000001 0.00087500000000000002 0.25704900000000003 0.0010319999999999999 0.0033710000000000003 0.097649 0.022884000000000002 0 0 2
111 uniform 3 23 0.66482399999999997 1.5408459352658486 1 45 0.45074399999999998 0.063607999999999998 0.131881 0.0026089999999999998 0.00065799999999999995 0.0024949999999999998 0.01039 0.053261000000000003 0.035085999999999999 0 0.026265 0.00075500000000000003 0.24305600000000002 0.0011429999999999999 0.0032670000000000004 0.10188400000000002 0.022915999999999999 0 0 3
111 uniform 4 0 0.47006100000000001 1.5760746696213699 1 45 0.347638 0.035864 0.06889499999999997 0.0023569999999999997 0.00077899999999999996 0.002591 0.011148 0.195327 0.021499000000000001 0 0.026564000000000001 0.00081599999999999999 0.012062 0.0010579999999999999 0.003032 0.040594000000000005 0.021542000000000006 0 0 0
111 uniform 4 7 0.44656299999999999 1.592846792457095 1 45 0.27847899999999998 0.036131999999999997 0.11446200000000002 0.0023639999999999998 0.00067299999999999999 0.002405 0.0089949999999999995 0.051013999999999997 0.032888000000000001 0 0.025583999999999999 0.00082799999999999996 0.078201000000000007 0.001091 0.00298 0.085783000000000026 0.021823000000000016 0 0 1
111 uniform 4 15 0.57944499999999999 1.6146552065923951 1 45 0.39970499999999998 0.035783000000000002 0.12655400000000003 0.0023090000000000003 0.00063399999999999991 0.002395 0.0090010000000000003 0.043808 0.032097000000000001 0 0.025335 0.00078799999999999996 0.210845 0.0010300000000000001 0.0029399999999999999 0.098674999999999999 0.021127000000000007 0 0 2
111 uniform 4 23 0.379689 1.6400563488444633 1 45 0.20169699999999999 0.035242000000000002 0.12515699999999999 0.0023210000000000001 0.00059299999999999999 0.0023579999999999999 0.008855 0.051281 0.032250000000000001 0 0.028347000000000001 0.00073899999999999997 0.0036210000000000001 0.00093199999999999999 0.0030189999999999995 0.096881000000000023 0.021509000000000004 0 0 3
112 linear 0 0 0.466111 8.1610357169517815 1 82 0.31465199999999999 0.012019999999999999 0.11021099999999996 0.0051589999999999995 0.0013090000000000001 0.002944 0.011675 0.156446 0.022190000000000001 0 0.027015000000000001 0.00085599999999999999 0.00082699999999999994 0.001073 0.0032739999999999996 0.052156999999999995 0.03001899999999999 0.0097440000000000009 0 0
112 linear 0 7 0.44970100000000002 7.8054925982146948 1 82 0.194218 0.011589 0.21558300000000002 0.0045100000000000001 0.001253 0.0030300000000000001 0.011528999999999999 0.03916 0.021638999999999999 0 0.027418000000000001 0.00089300000000000002 0.00082599999999999991 0.001041 0.0032159999999999997 0.15550099999999992 0.032104999999999988 0.0097310000000000035 0 1
112 linear 0 15 0.43604500000000002 7.3634248781009592 1 82 0.19078400000000001 0.010935 0.20656200000000008 0.0044800000000000005 0.0010740000000000001 0.0027109999999999999 0.010486000000000001 0.039142999999999997 0.023630999999999999 0 0.027536999999999999 0.00090399999999999996 0.00079600000000000005 0.00096599999999999995 0.0032420000000000001 0.14940799999999993 0.029290999999999973 0.0097340000000000013 0 2
112 linear 0 23 0.41259499999999999 6.8875481269809411 1 82 0.187725 0.011179 0.18587900000000002 0.004274 0.0011410000000000001 0.0024620000000000002 0.0097560000000000008 0.040582 0.022724999999999999 0 0.026950999999999999 0.00083199999999999995 0.00079100000000000004 0.00096900000000000003 0.003202 0.12945299999999993 0.028534000000000004 0.0097459999999999995 0 3
112 linear 1 0 0.37528299999999998 25.9552449206586 1 68 0.24430499999999999 0.011036000000000001 0.092002 0.0048560000000000001 0.0010070000000000001 0.002797 0.011202 0.089452000000000004 0.023702000000000001 0 0.026499999999999999 0.00081999999999999998 0.00078200000000000003 0.00094200000000000002 0.0034580000000000001 0.046870999999999989 0.021837999999999982 0.0080790000000000046 0 0
112 linear 1 7 0.54051000000000005 28.394612613165975 1 91 0.15798499999999999 0.011140000000000001 0.33723900000000007 0.0066939999999999994 0.0013240000000000001 0.002637 0.010388 0.0076410000000000002 0.022525 0 0.026331 0.00087299999999999997 0.000785 0.00096500000000000004 0.0034539999999999996 0.27622199999999997 0.029384999999999967 0.010794999999999997 0 1
112 linear 1 15 0.50472099999999998 31.64661758723657 1 91 0.16392999999999999 0.010858 0.29685900000000004 0.0061150000000000006 0.0013129999999999999 0.0026679999999999998 0.010442 0.014605 0.022915000000000001 0 0.026564999999999998 0.00077200000000000001 0.00079700000000000007 0.000968 0.0033230000000000004 0.23575900000000002 0.029582999999999991 0.010833000000000001 0 2
112 linear 1 23 0.46389200000000003 36.348687294956527 1 75 0.15388099999999999 0.0087910000000000002 0.27662199999999992 0.0044710000000000001 0.001041 0.0024489999999999998 0.0099419999999999994 0.013853000000000001 0.023327000000000001 0 0.025665 0.00074600000000000003 0.00061800000000000006 0.001085 0.003007999999999999 0.2285050000000001 0.022540999999999985 0.0088760000000000002 0 3
112 linear 2 0 0.47472799999999998 9.356685386825081 1 90 0.31157800000000002 0.012312 0.12020500000000001 0.0050729999999999994 0.001372 0.0027160000000000001 0.010983 0.15344099999999999 0.023970000000000002 0 0.027469 0.00085899999999999995 0.00082100000000000001 0.0010510000000000001 0.0033259999999999995 0.058687000000000003 0.031290000000000012 0.010695999999999999 0 0
112 linear 2 7 0.46400000000000002 9.789507864778086 1 90 0.19148899999999999 0.012264000000000001 0.22988899999999998 0.0049169999999999995 0.00132 0.0027209999999999999 0.010356000000000001 0.040890999999999997 0.024104 0 0.026086000000000002 0.00082700000000000004 0.00077299999999999992 0.00089599999999999999 0.0033540000000000002 0.16787100000000005 0.031835000000000016 0.010685999999999998 0 1
112 linear 2 15 0.46480399999999999 10.086472572010457 1 90 0.19453400000000001 0.011998999999999999 0.227937 0.0047879999999999997 0.001304 0.0025790000000000001 0.012460000000000001 0.037009 0.023997999999999998 0 0.02674 0.00083600000000000005 0.00079499999999999992 0.00099200000000000004 0.0034410000000000005 0.16659300000000007 0.031233999999999998 0.010683000000000003 0 2
112 linear 2 23 0.43861299999999998 10.234594912707825 1 90 0.18889900000000001 0.011941999999999999 0.20801399999999998 0.0045069999999999997 0.001217 0.002408 0.009835 0.040719999999999999 0.021059999999999999 0 0.026405999999999999 0.000803 0.00079699999999999986 0.00088699999999999998 0.0033990000000000001 0.14640300000000001 0.031428999999999999 0.010679999999999999 0 3
112 linear 3 0 0.79714600000000002 24.305579094867561 1 111 0.52188699999999999 0.015092 0.22166100000000005 0.0063809999999999995 0.0015959999999999998 0.0029750000000000002 0.010751 0.18210399999999999 0.13265199999999999 0 0.026315000000000002 0.00080400000000000003 0.06739500000000001 0.00079600000000000005 0.0043030000000000004 0.13288399999999997 0.045181000000000027 0.014979999999999997 0 0
112 linear 3 7 0.843472 23.923063314008754 1 111 0.53938600000000003 0.014727000000000001 0.25081799999999999 0.0063390000000000009 0.001441 0.0026350000000000002 0.010267999999999999 0.051108000000000001 0.22384999999999999 0 0.026180999999999999 0.00079000000000000001 0.12872899999999998 0.000669 0.004117 0.16491399999999998 0.042995000000000033 0.014973000000000005 0 1
112 linear 3 15 0.66234400000000004 23.507180797025335 1 111 0.34481000000000001 0.014494 0.26454100000000003 0.006216000000000001 0.0014280000000000002 0.0027299999999999998 0.010713 0.051518000000000001 0.052102999999999997 0 0.026675999999999998 0.00080999999999999996 0.10405399999999999 0.00076099999999999996 0.0040499999999999998 0.176145 0.044582999999999984 0.014873999999999998 0 2
112 linear 3 23 0.69134099999999998 23.11160225131216 1 111 0.382131 0.014718999999999999 0.25666899999999987 0.0059070000000000008 0.001323 0.0026589999999999999 0.0094590000000000004 0.051207999999999997 0.071617 0 0.026211999999999999 0.00080800000000000002 0.125779 0.00077200000000000001 0.0040260000000000001 0.16909299999999997 0.044746999999999995 0.014911000000000001 0 3
112 linear 4 0 0.448102 10.483242094245202 1 106 0.267899 0.014401000000000001 0.12672000000000011 0.0067460000000000003 0.0016149999999999999 0.002813 0.010801 0.110457 0.02112 0 0.026076999999999999 0.00094300000000000004 0.00098999999999999999 0.00074399999999999998 0.0036329999999999995 0.05900399999999998 0.031915999999999986 0.012561999999999997 0 0
112 linear 4 7 0.59747399999999995 10.486065443884804 1 106 0.17651500000000001 0.015618 0.3657709999999999 0.0066450000000000007 0.0014870000000000003 0.002673 0.010312 0.022782 0.020660999999999999 0 0.026093999999999999 0.000834 0.0010149999999999998 0.00071299999999999998 0.0037090000000000001 0.29524400000000017 0.033471000000000022 0.012950000000000005 0 1
112 linear 4 15 0.564886 10.489253097608939 1 106 0.18073800000000001 0.014873000000000001 0.32791200000000015 0.0072279999999999992 0.0016149999999999999 0.0026710000000000002 0.011339999999999999 0.020173 0.024247000000000001 0 0.025937999999999999 0.00083500000000000002 0.0010040000000000001 0.00070899999999999999 0.0037809999999999996 0.25795899999999988 0.033116000000000013 0.012927999999999999 0 2
112 linear 4 23 0.60142899999999999 10.492400106598138 1 114 0.18042900000000001 0.014080000000000001 0.3644969999999999 0.0068669999999999998 0.0013939999999999998 0.003029 0.010913000000000001 0.022901000000000001 0.023061999999999999 0 0.026605 0.00084999999999999995 0.00099099999999999991 0.00066699999999999995 0.0037369999999999999 0.29249000000000008 0.032938999999999996 0.013678999999999993 0 3
112 uniform 0 0 0.433556 7.981848751799614 1 74 0.30974499999999999 0.011846000000000001 0.086675999999999961 0.0035869999999999999 0.001044 0.002872 0.010623 0.15639600000000001 0.022099000000000001 0 0.026502999999999999 0.00083500000000000002 0.00078700000000000005 0.001103 0.0035049999999999999 0.048672000000000007 0.026945 0 0 0
112 uniform 0 7 0.40671200000000002 7.6669396787561901 1 74 0.18768099999999999 0.011587 0.18227399999999994 0.0033929999999999997 0.0009050000000000001 0.0027109999999999999 0.010021 0.039143999999999998 0.021354000000000001 0 0.026286 0.00080000000000000004 0.00078399999999999997 0.001023 0.0034579999999999997 0.14479899999999998 0.026389999999999986 0 0 1
112 uniform 0 15 0.39618599999999998 7.2788754345768787 1 74 0.186108 0.011087 0.17352799999999999 0.0035329999999999997 0.00097100000000000007 0.0025699999999999998 0.0096570000000000007 0.039217000000000002 0.021017000000000001 0 0.026887000000000001 0.000843 0.00078899999999999999 0.0010579999999999999 0.0032930000000000004 0.13660700000000001 0.025866999999999994 0 0 2
112 uniform 0 23 0.383544 6.8623985942967609 1 74 0.18709999999999999 0.011415 0.16018499999999997 0.0033300000000000005 0.00084599999999999996 0.0025579999999999999 0.010111999999999999 0.040709000000000002 0.021461000000000001 0 0.027303000000000001 0.00085700000000000001 0.00076899999999999994 0.00090300000000000005 0.0032309999999999999 0.12274400000000002 0.02621999999999999 0 0 3
112 uniform 1 0 0.33777299999999999 27.081835092424249 1 52 0.244335 0.011074000000000001 0.061922999999999999 0.002872 0.00084300000000000011 0.0027569999999999999 0.011132 0.089297000000000001 0.024492 0 0.027043999999999999 0.000812 0.000776 0.001013 0.0034559999999999999 0.037763000000000005 0.016318999999999993 0 0 0
112 uniform 1 7 0.44746000000000002 29.528513957896628 1 75 0.153308 0.010924 0.25699100000000002 0.004346 0.001075 0.0025400000000000002 0.01009 0.0077359999999999998 0.020968000000000001 0 0.026488000000000001 0.00077899999999999996 0.00078400000000000008 0.00093800000000000003 0.0033070000000000005 0.2215369999999999 0.023718999999999987 0 0 1
112 uniform 1 15 0.43233199999999999 32.829363726928868 1 75 0.15900400000000001 0.010671 0.236929 0.0043150000000000003 0.0010120000000000001 0.0024239999999999999 0.0098029999999999992 0.014244 0.021018999999999999 0 0.026027999999999999 0.00071599999999999995 0.00077799999999999994 0.00089899999999999995 0.0031810000000000002 0.20181499999999997 0.023807999999999996 0 0 2
112 uniform 1 23 0.44967099999999999 37.910866810265503 1 75 0.15501499999999999 0.0088050000000000003 0.26073499999999999 0.0046049999999999997 0.0010089999999999999 0.0023149999999999998 0.0095329999999999998 0.013749000000000001 0.023456000000000001 0 0.025536 0.00077399999999999995 0.00058799999999999998 0.0012260000000000001 0.0031190000000000002 0.22678000000000006 0.022669999999999968 0 0 3
112 uniform 2 0 0.47307100000000002 9.5302512754391433 1 98 0.311697 0.012322 0.11584299999999997 0.005587 0.0013730000000000001 0.0029120000000000001 0.011037999999999999 0.153698 0.02368 0 0.026778 0.00084599999999999996 0.00082000000000000009 0.0011000000000000001 0.0035869999999999999 0.066501000000000018 0.034705000000000007 0 0 0
112 uniform 2 7 0.42733100000000002 9.8984036634752606 1 82 0.19008 0.012229 0.19708400000000009 0.0039900000000000005 0.0011519999999999998 0.0027499999999999998 0.010394 0.040764000000000002 0.023961 0 0.025822999999999999 0.00069999999999999999 0.00077499999999999986 0.00094899999999999997 0.0033379999999999994 0.15635600000000002 0.028508999999999996 0 0 1
112 uniform 2 15 0.42272999999999999 10.093471069747933 1 82 0.18569099999999999 0.011705999999999999 0.19793100000000008 0.0037320000000000001 0.0010399999999999999 0.0024789999999999999 0.0093769999999999999 0.036967 0.023612000000000001 0 0.026144000000000001 0.00078799999999999996 0.00075499999999999992 0.00091399999999999999 0.0032650000000000001 0.15779200000000004 0.027815000000000013 0 0 2
112 uniform 2 23 0.40570499999999998 10.145640823996342 1 82 0.189883 0.012 0.17652100000000001 0.0037820000000000002 0.00098099999999999988 0.0023500000000000001 0.0092250000000000006 0.043942000000000002 0.022630000000000001 0 0.025833999999999999 0.000794 0.00078100000000000001 0.00094899999999999997 0.003241 0.13581500000000005 0.028421999999999999 0 0 3
112 uniform 3 0 0.77587700000000004 24.440723385813342 1 111 0.520903 0.015299 0.20074900000000001 0.0064669999999999997 0.0015829999999999998 0.0028909999999999999 0.010688 0.178226 0.13466700000000001 0 0.026412000000000001 0.000785 0.067371999999999987 0.00078200000000000003 0.0044120000000000001 0.13291399999999995 0.045310999999999983 0 0 0
112 uniform 3 7 0.81647999999999998 24.047122887594284 1 111 0.53756099999999996 0.014899000000000001 0.22576399999999996 0.0059719999999999999 0.001421 0.002918 0.010768 0.051196999999999999 0.22090799999999999 0 0.025728999999999998 0.00075199999999999996 0.128577 0.000776 0.0041359999999999999 0.16491100000000011 0.042850999999999972 0 0 1
112 uniform 3 15 0.63081299999999996 23.620232355671988 1 111 0.34651100000000001 0.014508999999999999 0.232294 0.0054800000000000005 0.001299 0.0026879999999999999 0.014245000000000001 0.051552000000000001 0.051749000000000003 0 0.026294000000000001 0.00080599999999999997 0.10449499999999999 0.00072999999999999996 0.0040479999999999995 0.17018900000000001 0.04400699999999997 0 0 2
112 uniform 3 23 0.66533299999999995 23.215088600497658 1 111 0.383851 0.014219000000000001 0.23057800000000001 0.0052510000000000005 0.0012780000000000001 0.0025040000000000001 0.0096209999999999993 0.051132999999999998 0.071589 0 0.026154 0.00076000000000000004 0.125643 0.002274 0.0038480000000000003 0.16859700000000002 0.044516000000000014 0 0 3
112 uniform 4 0 0.39677899999999999 10.495227737771037 1 82 0.26611200000000002 0.014024 0.087561000000000028 0.0040340000000000003 0.0012030000000000001 0.0029619999999999998 0.010834 0.108695 0.021291999999999998 0 0.026148999999999999 0.00085800000000000004 0.0010040000000000001 0.00080500000000000005 0.0035370000000000002 0.050369999999999998 0.024939999999999986 0 0 0
112 uniform 4 7 0.467833 10.497978793283254 1 82 0.17596100000000001 0.014071 0.24917000000000014 0.003921 0.001183 0.0027049999999999999 0.010106 0.022655000000000002 0.020575 0 0.026103999999999999 0.00083299999999999997 0.001031 0.00068400000000000004 0.0034029999999999998 0.211703 0.025113000000000007 0 0 1
112 uniform 4 15 0.44317600000000001 10.501084178567595 1 82 0.171461 0.013587 0.22819699999999998 0.0043540000000000002 0.001165 0.0025829999999999998 0.0097190000000000002 0.018654 0.020596 0 0.025919000000000001 0.00086200000000000003 0.0010040000000000001 0.00074799999999999997 0.0034579999999999997 0.19064099999999989 0.025203999999999983 0 0 2
112 uniform 4 23 0.45605600000000002 10.504148940621342 1 82 0.17102100000000001 0.01366 0.24245399999999995 0.0038449999999999999 0.0010679999999999999 0.0026159999999999998 0.010003 0.021187999999999999 0.020698999999999999 0 0.025618999999999999 0.000825 0.00097799999999999992 0.00070600000000000003 0.0034149999999999996 0.20620600000000008 0.023563999999999998 0 0 3
113 linear 0 0 0.48608200000000001 128.9190352784731 1 82 0.32750600000000002 0.012743000000000001 0.11649899999999998 0.005019 0.0012509999999999999 0.0030300000000000001 0.010957 0.17580299999999999 0.021534999999999999 0 0.026162999999999999 0.00078600000000000002 0.00079100000000000004 0.001189 0.0037009999999999999 0.057235000000000001 0.028088000000000016 0.011519000000000003 0 0
113 linear 0 7 0.52841700000000003 122.35247194290621 1 74 0.196854 0.012389000000000001 0.29037499999999994 0.0042369999999999994 0.00097000000000000005 0.0027369999999999998 0.0098029999999999992 0.051551 0.020756 0 0.025839999999999998 0.00079000000000000001 0.00081000000000000006 0.0010020000000000001 0.003359 0.23608300000000004 0.025792000000000009 0.010594000000000001 0 1
113 linear 0 15 0.52330900000000002 112.78837944554068 1 74 0.194576 0.013559999999999999 0.287962 0.0042529999999999998 0.0010640000000000001 0.002454 0.0094990000000000005 0.051480999999999999 0.020898 0 0.025649999999999999 0.00076800000000000002 0.00081799999999999993 0.00099799999999999997 0.0036049999999999997 0.23250199999999996 0.026159000000000005 0.010846999999999997 0 2
113 linear 0 23 0.55864599999999998 101.31261346757282 1 82 0.19687099999999999 0.012307999999999999 0.3197779999999999 0.0048219999999999999 0.0011410000000000001 0.0024109999999999999 0.010717000000000001 0.049943000000000001 0.024159 0 0.024978 0.00076300000000000001 0.00079199999999999995 0.00088199999999999997 0.0035619999999999996 0.25942399999999993 0.028522999999999986 0.011828000000000005 0 3
113 linear 1 0 0.48557499999999998 158.75349598985716 1 67 0.33759600000000001 0.012309 0.11202100000000001 0.0039379999999999997 0.001062 0.0028 0.0099450000000000007 0.180898 0.023512999999999999 0 0.027765999999999999 0.00073300000000000004 0.00084599999999999996 0.0011509999999999999 0.0035260000000000001 0.068861000000000006 0.020253000000000007 0.0079470000000000009 0 0
113 linear 1 7 0.46866200000000002 165.17803602920864 1 67 0.19688900000000001 0.012078999999999999 0.23621900000000001 0.0039160000000000002 0.00093099999999999997 0.0028389999999999999 0.0094540000000000006 0.051015999999999999 0.020936 0 0.025812999999999999 0.00080699999999999999 0.00082000000000000009 0.00093499999999999996 0.0034060000000000002 0.19277600000000009 0.020439000000000006 0.0079740000000000037 0 1
113 linear 1 15 0.46426499999999998 168.80946860057381 1 67 0.193357 0.012104 0.23590799999999998 0.0034919999999999999 0.00085499999999999997 0.0023960000000000001 0.0089990000000000001 0.051408000000000002 0.020645 0 0.025562999999999999 0.000736 0.00084199999999999998 0.00099099999999999991 0.0032269999999999998 0.19164699999999993 0.02144699999999999 0.007954000000000001 0 2
113 linear 1 23 0.46650900000000001 169.19215345376307 1 67 0.192139 0.011927999999999999 0.23939899999999997 0.0035599999999999998 0.00084300000000000011 0.0022750000000000001 0.0087360000000000007 0.050984000000000002 0.021076999999999999 0 0.025225000000000001 0.00076499999999999995 0.00085799999999999982 0.00093099999999999997 0.0032920000000000002 0.19125800000000004 0.020463000000000005 0.0079570000000000023 0 3
113 linear 2 0 0.486929 16.066514355919875 1 75 0.32230399999999998 0.011990000000000001 0.124942 0.0047850000000000002 0.0010639999999999998 0.0023830000000000001 0.0094450000000000003 0.17884 0.021366 0 0.025714999999999998 0.00072499999999999995 0.00085800000000000004 0.0010510000000000001 0.003241 0.073645000000000044 0.025380999999999983 0.0088700000000000029 0 0
113 linear 2 7 0.40931800000000002 12.863577870653991 1 53 0.193159 0.0089999999999999993 0.1846880000000001 0.0037629999999999999 0.00067699999999999998 0.0024380000000000001 0.0097280000000000005 0.051073 0.021588 0 0.02597 0.00079500000000000003 0.00063600000000000006 0.00123 0.0030960000000000002 0.14506800000000003 0.021019999999999994 0.0063079999999999985 0 1
113 linear 2 15 0.40278399999999998 12.884063699574497 1 53 0.18818299999999999 0.008848 0.18368899999999996 0.0033410000000000002 0.00063900000000000003 0.0023960000000000001 0.0090860000000000003 0.051177 0.020778000000000001 0 0.0252 0.00083000000000000001 0.0006559999999999999 0.0010759999999999999 0.0031110000000000001 0.14654999999999996 0.018628999999999996 0.0062920000000000016 0 2
113 linear 2 23 0.40039200000000003 12.90464606649288 1 53 0.187029 0.0087130000000000003 0.18316499999999997 0.0031289999999999998 0.00062099999999999992 0.0022989999999999998 0.0090159999999999997 0.051003 0.022571999999999998 0 0.025621999999999999 0.00074700000000000005 0.00062 0.001013 0.0029970000000000001 0.14756300000000006 0.01712 0.0063060000000000008 0 3
113 linear 3 0 0.406497 41.575610403632759 1 53 0.30030499999999999 0.0096919999999999992 0.075093999999999966 0.0034030000000000002 0.00067400000000000001 0.0023839999999999998 0.0094909999999999994 0.15798200000000001 0.022904000000000001 0 0.026065999999999999 0.00078899999999999999 0.00066199999999999994 0.0011689999999999999 0.0030370000000000006 0.039981999999999997 0.015603999999999996 0.0062460000000000024 0 0
113 linear 3 7 0.41586899999999999 43.258673135770408 1 53 0.174791 0.0092739999999999993 0.21029400000000004 0.0032580000000000005 0.00061799999999999995 0.0024199999999999998 0.0094109999999999992 0.037186999999999998 0.022709 0 0.025360000000000001 0.000754 0.00059399999999999991 0.0011869999999999999 0.0030140000000000002 0.17481899999999995 0.015603999999999995 0.0061919999999999996 0 1
113 linear 3 15 0.40884199999999998 45.49042981541335 1 53 0.17666899999999999 0.0092919999999999999 0.20123199999999999 0.0032560000000000002 0.00059700000000000009 0.002379 0.0091819999999999992 0.040676999999999998 0.022199 0 0.025264999999999999 0.00071900000000000002 0.00063200000000000007 0.0010399999999999999 0.0029580000000000006 0.16615599999999994 0.015589999999999993 0.0061850000000000013 0 2
113 linear 3 23 0.39954800000000001 48.164295269212296 1 53 0.17758599999999999 0.0090779999999999993 0.19126700000000002 0.0032399999999999998 0.00065299999999999993 0.002336 0.0091929999999999998 0.042776000000000002 0.022616000000000001 0 0.024854000000000001 0.00073899999999999997 0.00059500000000000004 0.00097799999999999992 0.0029490000000000002 0.15630199999999989 0.015556999999999998 0.006185000000000003 0 3
113 linear 4 0 0.45354800000000001 2.749201196938349 1 60 0.32977899999999999 0.010059999999999999 0.086423999999999987 0.004052 0.0010429999999999999 0.0028110000000000001 0.011351 0.17786099999999999 0.024657999999999999 0 0.027490000000000001 0.00075799999999999999 0.00063200000000000007 0.0012509999999999999 0.0032100000000000006 0.04249399999999999 0.023433000000000006 0.0071460000000000013 0 0
113 linear 4 7 0.49815199999999998 2.751375146389897 1 60 0.19101399999999999 0.0095399999999999999 0.27659899999999993 0.003434 0.00083999999999999993 0.0026199999999999999 0.010057999999999999 0.047493 0.0241 0 0.026143 0.00080900000000000004 0.00061899999999999998 0.0010920000000000001 0.0030810000000000008 0.23331800000000003 0.022818000000000001 0.0071240000000000019 0 1
113 linear 4 15 0.483435 2.7537015825899149 1 60 0.19044700000000001 0.0094020000000000006 0.26271800000000001 0.0032209999999999999 0.00092699999999999987 0.0025079999999999998 0.0094109999999999992 0.051132999999999998 0.023481999999999999 0 0.026072999999999999 0.00079100000000000004 0.00058199999999999994 0.00099099999999999991 0.0031180000000000001 0.21917899999999993 0.023112999999999998 0.0071230000000000017 0 2
113 linear 4 23 0.481049 2.7558584897099889 1 60 0.18521899999999999 0.0093760000000000007 0.265656 0.0031469999999999996 0.00093700000000000001 0.0023040000000000001 0.0089090000000000003 0.048800999999999997 0.022934 0 0.025628999999999999 0.00079100000000000004 0.00057899999999999998 0.0010280000000000001 0.0030339999999999998 0.22145499999999999 0.023716000000000001 0.0071130000000000047 0 3
113 uniform 0 0 0.46541500000000002 124.58154221256169 1 74 0.33023799999999998 0.012961 0.095530000000000018 0.0041960000000000001 0.0011169999999999999 0.0027950000000000002 0.010858 0.17604 0.021857999999999999 0 0.026436999999999999 0.000825 0.00080200000000000009 0.0011130000000000001 0.0035049999999999999 0.054983000000000011 0.028619999999999993 0 0 0
113 uniform 0 7 0.51352399999999998 118.31474100394578 1 74 0.20071900000000001 0.012387 0.27407900000000002 0.0038969999999999999 0.0010639999999999998 0.0027650000000000001 0.010796999999999999 0.051594000000000001 0.021517000000000001 0 0.026592000000000001 0.00078600000000000002 0.00081899999999999996 0.00101 0.003421 0.23581099999999999 0.025822000000000001 0 0 1
113 uniform 0 15 0.50182800000000005 109.65223927004946 1 74 0.194909 0.012177 0.26544399999999996 0.0035769999999999995 0.00093499999999999996 0.0025349999999999999 0.0098890000000000002 0.051621 0.020992 0 0.025812000000000002 0.00074899999999999999 0.00083500000000000002 0.00091699999999999995 0.0033740000000000003 0.22755600000000001 0.025624999999999995 0 0 2
113 uniform 0 23 0.486512 99.539620760591774 1 74 0.18964 0.011998999999999999 0.25922099999999998 0.0035820000000000001 0.00088600000000000007 0.0023419999999999999 0.0096200000000000001 0.048550000000000003 0.020996999999999998 0 0.025270000000000001 0.00071599999999999995 0.00081700000000000002 0.000861 0.0032519999999999992 0.22175800000000001 0.025581999999999997 0 0 3
113 uniform 1 0 0.46495599999999998 160.8297132285584 1 67 0.32894499999999999 0.012278000000000001 0.10142100000000003 0.0031949999999999999 0.0010280000000000001 0.0026649999999999998 0.0097099999999999999 0.17898900000000001 0.021277999999999998 0 0.026317 0.00075000000000000002 0.00085599999999999999 0.0010219999999999999 0.003264 0.069102999999999984 0.022285000000000003 0 0 0
113 uniform 1 7 0.45729900000000001 165.1471871231779 1 67 0.20097300000000001 0.012541999999999999 0.22059200000000001 0.0034350000000000001 0.00095199999999999994 0.0024169999999999999 0.0094459999999999995 0.051145999999999997 0.021090999999999999 0 0.026466 0.00076599999999999997 0.00082299999999999995 0.001003 0.0033429999999999996 0.18993799999999997 0.020563999999999995 0 0 1
113 uniform 1 15 0.45265 166.56906199722886 1 67 0.19517799999999999 0.012101000000000001 0.22301599999999996 0.003091 0.00083599999999999994 0.002614 0.0091909999999999995 0.051290000000000002 0.020643000000000002 0 0.025777000000000001 0.00075500000000000003 0.00081499999999999997 0.00093000000000000005 0.0031449999999999998 0.19166800000000009 0.021346000000000007 0 0 2
113 uniform 1 23 0.45082699999999998 165.26283032490738 1 67 0.19558900000000001 0.011979999999999999 0.22102199999999997 0.0030350000000000004 0.00079799999999999988 0.0022790000000000002 0.012167000000000001 0.051040000000000002 0.020836 0 0.025004999999999999 0.00071500000000000003 0.00084600000000000007 0.00094799999999999995 0.0031280000000000001 0.19049800000000003 0.020431000000000008 0 0 3
113 uniform 2 0 0.45193299999999997 17.475940661922476 1 59 0.322662 0.013394 0.094983999999999957 0.0028269999999999997 0.0008650000000000001 0.0023140000000000001 0.0093880000000000005 0.178981 0.021239999999999998 0 0.025855 0.00076000000000000004 0.00084200000000000008 0.00098900000000000008 0.0034840000000000001 0.065748000000000001 0.020088000000000016 0 0 0
113 uniform 2 7 0.338501 12.863710615650094 1 37 0.19961200000000001 0.0091409999999999998 0.11454700000000002 0.001915 0.00053399999999999997 0.0024069999999999999 0.010338 0.052437999999999999 0.028015000000000002 0 0.025769 0.00080199999999999998 0.00063500000000000004 0.0011460000000000001 0.0032939999999999996 0.096250000000000002 0.012553999999999996 0 0 1
113 uniform 2 15 0.33868399999999999 12.884197500812894 1 37 0.19423399999999999 0.0088760000000000002 0.12040400000000002 0.001872 0.00054100000000000003 0.0022139999999999998 0.0090360000000000006 0.052823000000000002 0.024017 0 0.026502000000000001 0.000727 0.00065899999999999997 0.0010200000000000001 0.003297 0.10108400000000003 0.013598999999999998 0 0 2
113 uniform 2 23 0.33978000000000003 12.904780933878627 1 37 0.19259599999999999 0.0088280000000000008 0.12336300000000001 0.0018600000000000001 0.00047900000000000004 0.0022790000000000002 0.0089779999999999999 0.052729999999999999 0.024060000000000002 0 0.026948 0.00071500000000000003 0.00061300000000000005 0.0010610000000000001 0.0032080000000000003 0.10538500000000001 0.012246999999999994 0 0 3
113 uniform 3 0 0.38005499999999998 41.705515789024346 1 37 0.30846400000000002 0.0097310000000000001 0.047118 0.0019690000000000003 0.00058500000000000002 0.0023640000000000002 0.009698 0.16298000000000001 0.024664999999999999 0 0.027328000000000002 0.00075500000000000003 0.00060700000000000001 0.0010970000000000001 0.0029879999999999998 0.030815999999999996 0.010750000000000003 0 0 0
113 uniform 3 7 0.335426 43.417594284389139 1 37 0.17521500000000001 0.0091420000000000008 0.13628399999999999 0.0018779999999999999 0.00045899999999999999 0.0024889999999999999 0.0095670000000000009 0.037275999999999997 0.021193 0 0.025873 0.00081499999999999997 0.00060099999999999997 0.0010460000000000001 0.0029729999999999999 0.12008700000000001 0.010607999999999998 0 0 1
113 uniform 3 15 0.34074599999999999 45.695707145434049 1 37 0.17593800000000001 0.0092250000000000006 0.14113600000000001 0.0019659999999999999 0.00044599999999999994 0.0023860000000000001 0.0092219999999999993 0.0407 0.020733000000000001 0 0.025343000000000001 0.00071699999999999997 0.00061900000000000008 0.00099299999999999996 0.0029799999999999991 0.12482299999999999 0.010699 0 0 2
113 uniform 3 23 0.32961099999999999 48.439204639402043 1 37 0.175486 0.0088129999999999997 0.13078399999999998 0.0019190000000000001 0.00044299999999999998 0.002235 0.0092630000000000004 0.042744999999999998 0.020575 0 0.024785000000000001 0.00080199999999999998 0.00059699999999999998 0.00092599999999999996 0.0029789999999999999 0.11467200000000001 0.010565000000000001 0 0 3
113 uniform 4 0 0.42926500000000001 2.7545966449223283 1 60 0.32439600000000002 0.0098219999999999991 0.07443000000000001 0.003143 0.00094799999999999995 0.002709 0.010923 0.177984 0.022638999999999999 0 0.02707 0.000727 0.00065800000000000006 0.001155 0.00316 0.042163000000000013 0.023338000000000001 0 0 0
113 uniform 4 7 0.48823 2.7567604254032405 1 60 0.19245000000000001 0.0097050000000000001 0.26538400000000001 0.003065 0.0007400000000000001 0.0025469999999999998 0.010016000000000001 0.047465 0.021534000000000001 0 0.026145000000000002 0.00073300000000000004 0.00058900000000000011 0.001034 0.0031269999999999996 0.23361499999999993 0.022786999999999998 0 0 1
113 uniform 4 15 0.46759099999999998 2.7590726055680559 1 60 0.189052 0.0095099999999999994 0.24800099999999994 0.0030770000000000003 0.000834 0.002519 0.0094870000000000006 0.05117 0.021072 0 0.025984 0.00072099999999999996 0.00059299999999999999 0.0010120000000000001 0.003066000000000001 0.21580099999999999 0.023216999999999995 0 0 2
113 uniform 4 23 0.47353699999999999 2.7612124742637234 1 60 0.18569099999999999 0.013615 0.25363199999999997 0.0027490000000000001 0.00085899999999999985 0.0025539999999999998 0.009783 0.048903000000000002 0.021607000000000001 0 0.026317 0.00080400000000000003 0.00057899999999999998 0.00097400000000000004 0.0029869999999999996 0.22080499999999995 0.023780000000000006 0 0 3
114 linear 0 0 0.96271399999999996 2242.4959173701141 1 118 0.61572700000000002 0.011507999999999999 0.29855599999999999 0.0069000000000000008 0.0018220000000000001 0.0028170000000000001 0.011051 0.185059 0.086763000000000007 0 0.025992000000000001 0.00086799999999999996 0.20670399999999997 0.0011689999999999999 0.0040150000000000003 0.14208000000000004 0.063597000000000056 0.018896999999999987 0 0
114 linear 0 7 0.975109 2218.1448100691573 1 118 0.49992700000000001 0.010723999999999999 0.42837200000000003 0.0061839999999999994 0.001415 0.002856 0.010661 0.051211 0.085097000000000006 0 0.025767000000000002 0.000812 0.22884600000000002 0.001214 0.0040419999999999996 0.26868499999999984 0.060325999999999998 0.01888299999999999 0 1
114 linear 0 15 1.065067 2184.1103682289113 1 143 0.47419499999999998 0.010560999999999999 0.53514299999999959 0.009189000000000001 0.0014809999999999999 0.002562 0.010187999999999999 0.051096000000000003 0.106362 0 0.025278999999999999 0.00083000000000000001 0.18734100000000001 0.0011329999999999999 0.0037979999999999997 0.34637299999999993 0.076528000000000013 0.024659999999999998 0 2
114 linear 0 23 1.0101150000000001 2144.2633496643089 1 120 0.49152499999999999 0.010567 0.46248699999999987 0.0087089999999999997 0.0012569999999999999 0.002519 0.0099640000000000006 0.051049999999999998 0.10677300000000001 0 0.025347000000000001 0.00078200000000000003 0.20727699999999996 0.00097999999999999997 0.0035190000000000004 0.30036799999999997 0.063081999999999971 0.020134999999999993 0 3
114 linear 1 0 0.50845099999999999 28.857598471405566 1 81 0.34573300000000001 0.012057 0.12273600000000005 0.0049020000000000001 0.0011740000000000001 0.0030360000000000001 0.011268 0.17805299999999999 0.032222000000000001 0 0.026692 0.00075199999999999996 0.002225 0.0011360000000000001 0.0035859999999999993 0.054176000000000009 0.033953000000000004 0.0091760000000000036 0 0
114 linear 1 7 0.451486 29.012080008860661 1 81 0.21417700000000001 0.011336000000000001 0.19927700000000001 0.0041580000000000002 0.00096999999999999994 0.0027669999999999999 0.010711 0.048757000000000002 0.032088999999999999 0 0.029038999999999999 0.00096500000000000004 0.002225 0.00094899999999999997 0.003349 0.130967 0.033873999999999994 0.0091590000000000039 0 1
114 linear 1 15 0.42458499999999999 28.912350453088571 1 81 0.205871 0.01111 0.18146599999999999 0.0039260000000000007 0.00094300000000000004 0.0024710000000000001 0.0097129999999999994 0.048037000000000003 0.031472 0 0.026079000000000001 0.00076800000000000002 0.0020729999999999998 0.00087399999999999999 0.0032440000000000008 0.11435200000000002 0.032656999999999985 0.0091540000000000024 0 2
114 linear 1 23 0.45474500000000001 28.544910023658186 1 81 0.20466899999999999 0.010999 0.20795599999999997 0.0039460000000000007 0.00097499999999999996 0.0023679999999999999 0.0093769999999999999 0.048583000000000001 0.031112000000000001 0 0.026034999999999999 0.00066100000000000002 0.0021160000000000003 0.00082399999999999997 0.0032469999999999999 0.14069800000000007 0.032772000000000009 0.0091620000000000035 0 3
114 linear 2 0 0.57997600000000005 2.1461263125627434 1 61 0.42722599999999999 0.0086820000000000005 0.11822599999999998 0.0044819999999999999 0.00084199999999999987 0.0026210000000000001 0.010312999999999999 0.18056900000000001 0.031614999999999997 0 0.025833999999999999 0.00082200000000000003 0.095688999999999996 0.0012210000000000001 0.0031450000000000002 0.062138999999999986 0.021399999999999995 0.0060539999999999995 0 0
114 linear 2 7 0.45893299999999998 2.1465919736740378 1 61 0.21187800000000001 0.0083680000000000004 0.21363300000000005 0.0040000000000000001 0.000803 0.0024250000000000001 0.009554 0.052088000000000002 0.031261999999999998 0 0.02572 0.00072199999999999999 0.010575000000000001 0.001189 0.0031219999999999998 0.157829 0.021006000000000007 0.0060560000000000024 0 1
114 linear 2 15 0.66632999999999998 2.1471250389962573 1 61 0.411638 0.0081980000000000004 0.22213599999999992 0.0037429999999999998 0.00072599999999999997 0.002408 0.0093830000000000007 0.057599999999999998 0.031177 0 0.026275 0.00073200000000000001 0.20267600000000002 0.001139 0.0031620000000000003 0.16606099999999993 0.021407000000000009 0.0060580000000000009 0 2
114 linear 2 23 0.463837 2.1476590448372535 1 61 0.21894 0.0081290000000000008 0.21220600000000001 0.0036470000000000001 0.00075600000000000005 0.0023540000000000002 0.0095040000000000003 0.063735 0.030640000000000001 0 0.025270999999999998 0.00072000000000000005 0.010444 0.0010200000000000001 0.0030530000000000006 0.15590799999999999 0.021699 0.0060640000000000008 0 3
114 linear 3 0 0.85094999999999998 520.57927877657312 1 98 0.57373499999999999 0.017798000000000001 0.21956899999999996 0.006633 0.0015399999999999999 0.002748 0.011964000000000001 0.185504 0.024725 0 0.026485000000000002 0.00085099999999999998 0.21942800000000001 0.00077899999999999996 0.003908 0.13760700000000006 0.032576000000000015 0.013190000000000006 0 0
114 linear 3 7 0.85777899999999996 540.17781265604071 1 98 0.43814900000000001 0.017582 0.36127199999999993 0.0068690000000000001 0.0013730000000000001 0.002715 0.011488999999999999 0.052594000000000002 0.024525000000000002 0 0.026237 0.00087399999999999999 0.22390300000000002 0.00070500000000000001 0.0040080000000000003 0.28090100000000001 0.031910000000000036 0.013016 0 1
114 linear 3 15 0.84554799999999997 566.67334589327561 1 98 0.418653 0.016001999999999999 0.37197599999999997 0.0061939999999999999 0.0013650000000000001 0.0027680000000000001 0.0099970000000000007 0.051186000000000002 0.020837999999999999 0 0.025655000000000001 0.00073999999999999999 0.21810599999999999 0.00072400000000000003 0.0036159999999999999 0.29429799999999989 0.031017999999999997 0.012708000000000002 0 2
114 linear 3 23 0.81143399999999999 599.52460354166567 1 98 0.395814 0.015776999999999999 0.36126599999999987 0.0062250000000000005 0.0012520000000000001 0.002457 0.0094660000000000005 0.051132999999999998 0.020892999999999998 0 0.025928 0.00077800000000000005 0.19636400000000004 0.00065799999999999995 0.0035820000000000005 0.28528099999999995 0.03078700000000003 0.012796999999999999 0 3
114 linear 4 0 0.69419600000000004 83.006966733372792 1 53 0.55471099999999995 0.0099729999999999992 0.10831799999999998 0.0032929999999999995 0.000745 0.002444 0.0098539999999999999 0.18815899999999999 0.022259999999999999 0 0.025649000000000002 0.00085899999999999995 0.225106 0.0012049999999999999 0.0030470000000000002 0.067779999999999979 0.015432999999999995 0.0058039999999999984 0 0
114 linear 4 7 0.63743700000000003 82.799070086623558 1 53 0.41365200000000002 0.0095300000000000003 0.19317699999999999 0.0030820000000000001 0.00065099999999999999 0.0022599999999999999 0.0095899999999999996 0.051499999999999997 0.02154 0 0.025211000000000001 0.00081599999999999999 0.224994 0.0010430000000000001 0.0031000000000000008 0.15343899999999996 0.014681000000000001 0.0058149999999999999 0 1
114 linear 4 15 0.65394099999999999 82.566962345608715 1 53 0.43515500000000001 0.0093869999999999995 0.18803400000000003 0.003104 0.00063199999999999997 0.002336 0.0093970000000000008 0.051348999999999999 0.022741000000000001 0 0.024695999999999999 0.00079000000000000001 0.24681800000000001 0.0010640000000000001 0.0030630000000000006 0.14833399999999994 0.014642000000000004 0.0058310000000000011 0 2
114 linear 4 23 0.63394399999999995 82.340526435368773 1 53 0.41000700000000001 0.0093819999999999997 0.19353499999999998 0.003088 0.00062399999999999988 0.0023340000000000001 0.0095060000000000006 0.051551 0.023213000000000001 0 0.028119000000000002 0.00075500000000000003 0.21868199999999999 0.00097499999999999996 0.0030109999999999998 0.15330100000000005 0.015456000000000003 0.0058020000000000007 0 3
114 uniform 0 0 0.87024000000000001 2145.5647079728938 1 110 0.61269399999999996 0.011468000000000001 0.212899 0.0057069999999999994 0.0014650000000000002 0.0025339999999999998 0.0099109999999999997 0.18440799999999999 0.086348999999999995 0 0.025857999999999999 0.00088199999999999997 0.20909300000000003 0.001206 0.0038859999999999997 0.13669499999999998 0.056988999999999998 0 0 0
114 uniform 0 7 1.0099750000000001 2117.9617886133115 1 142 0.49215700000000001 0.010515999999999999 0.46342399999999984 0.0079769999999999997 0.0013990000000000001 0.0022720000000000001 0.0096469999999999993 0.050979999999999998 0.085218000000000002 0 0.025052999999999999 0.000776 0.228711 0.0011620000000000001 0.0038509999999999998 0.36245299999999991 0.073975000000000041 0 0 1
114 uniform 0 15 0.96048500000000003 2081.9799951195464 1 135 0.47311799999999998 0.010902 0.43026100000000006 0.0082459999999999999 0.0013129999999999999 0.002166 0.0094999999999999998 0.051054000000000002 0.10642600000000001 0 0.024759 0.00077999999999999999 0.18711800000000003 0.0011620000000000001 0.0038420000000000004 0.33324999999999999 0.072535999999999934 0 0 2
114 uniform 0 23 0.93068200000000001 2041.8240997206033 1 120 0.491313 0.010649 0.38400900000000004 0.0080169999999999998 0.0010700000000000002 0.0026210000000000001 0.010744 0.051272999999999999 0.104716 0 0.025933000000000001 0.000754 0.20674199999999998 0.0010399999999999999 0.0034800000000000005 0.29952400000000007 0.063238000000000016 0 0 3
114 uniform 1 0 0.48467500000000002 28.539799318694072 1 81 0.345642 0.012017 0.10044499999999998 0.0040090000000000004 0.0010860000000000002 0.0029329999999999998 0.011395000000000001 0.178259 0.032133000000000002 0 0.027066 0.00077899999999999996 0.0021359999999999999 0.0011360000000000001 0.0033519999999999995 0.054263000000000013 0.033989000000000012 0 0 0
114 uniform 1 7 0.42995699999999998 28.477100619446301 1 81 0.214753 0.011429999999999999 0.17746900000000004 0.003833 0.00097499999999999996 0.0026250000000000002 0.01056 0.048778000000000002 0.031608999999999998 0 0.025538000000000002 0.00072599999999999997 0.0022170000000000002 0.00095399999999999999 0.003385 0.13117399999999999 0.033981999999999998 0 0 1
114 uniform 1 15 0.40772700000000001 28.18426719566396 1 81 0.210534 0.011450999999999999 0.15959300000000001 0.0036389999999999999 0.00097500000000000006 0.002647 0.010089000000000001 0.048249 0.031645 0 0.026328000000000001 0.00077499999999999997 0.0022279999999999999 0.00093999999999999997 0.003388 0.11472399999999999 0.032740999999999992 0 0 2
114 uniform 1 23 0.43244500000000002 27.687016267985239 1 81 0.20657300000000001 0.011037999999999999 0.18924100000000002 0.0034470000000000004 0.00088900000000000003 0.0025769999999999999 0.0094809999999999998 0.048457 0.031247 0 0.026137000000000001 0.00068199999999999999 0.0021590000000000003 0.00087000000000000001 0.0032739999999999996 0.14416399999999999 0.032935999999999986 0 0 3
114 uniform 2 0 0.53195899999999996 2.1461304218398976 1 45 0.42755700000000002 0.0087100000000000007 0.077959000000000014 0.0023640000000000002 0.00074100000000000012 0.0026310000000000001 0.010300999999999999 0.18049200000000001 0.031734999999999999 0 0.026109 0.00078899999999999999 0.095157000000000005 0.0012539999999999999 0.0031490000000000003 0.056632999999999989 0.014584999999999997 0 0 0
114 uniform 2 7 0.36136600000000002 2.1465960912686004 1 45 0.21032300000000001 0.0082220000000000001 0.12252200000000001 0.0023150000000000002 0.00066200000000000005 0.0025439999999999998 0.0098670000000000008 0.052259 0.031247 0 0.025746000000000002 0.000785 0.010547000000000001 0.001145 0.0029909999999999997 0.10095400000000003 0.014693999999999997 0 0 1
114 uniform 2 15 0.56996000000000002 2.1471291661201568 1 45 0.41153499999999998 0.0094660000000000005 0.13070399999999999 0.0023679999999999999 0.0006420000000000001 0.0024120000000000001 0.010307999999999999 0.059123000000000002 0.033714000000000001 0 0.024989999999999998 0.00073300000000000004 0.20208199999999998 0.00094700000000000003 0.0033709999999999999 0.10831800000000001 0.015348000000000002 0 0 2
114 uniform 2 23 0.38333600000000001 2.1476631815155787 1 45 0.22264999999999999 0.0083119999999999999 0.13088800000000003 0.0022829999999999999 0.00065200000000000002 0.002212 0.010512000000000001 0.060447000000000001 0.034659000000000002 0 0.025096 0.00072000000000000005 0.010426999999999999 0.001021 0.0033580000000000007 0.108268 0.015598000000000001 0 0 3
114 uniform 3 0 0.76868000000000003 522.00149797599215 1 82 0.56936100000000001 0.016664999999999999 0.15123700000000004 0.0046099999999999995 0.0012079999999999999 0.002686 0.011979999999999999 0.185694 0.025242000000000001 0 0.026197999999999999 0.00085300000000000003 0.21977600000000003 0.00081899999999999996 0.0035830000000000002 0.11221499999999998 0.025944000000000005 0 0 0
114 uniform 3 7 0.74646999999999997 541.97017564889461 1 82 0.42924499999999999 0.016015999999999999 0.26995000000000008 0.0043319999999999999 0.001134 0.0026090000000000002 0.0099659999999999992 0.051154999999999999 0.020969999999999999 0 0.025996999999999999 0.00083500000000000002 0.22626200000000002 0.00075600000000000005 0.0035299999999999997 0.23072399999999985 0.02603900000000001 0 0 1
114 uniform 3 15 0.74823600000000001 569.09930681445417 1 82 0.41714800000000002 0.019625 0.28066599999999997 0.0043049999999999998 0.001026 0.002369 0.0095069999999999998 0.051111999999999998 0.021070999999999999 0 0.025354000000000002 0.00073399999999999995 0.21824299999999999 0.00071400000000000001 0.0034540000000000005 0.24170700000000006 0.025971000000000008 0 0 2
114 uniform 3 23 0.71843400000000002 603.01292579394124 1 82 0.39469100000000001 0.015841999999999998 0.27370699999999998 0.0044280000000000005 0.001016 0.0022139999999999998 0.0089610000000000002 0.051469000000000001 0.020893999999999999 0 0.025850000000000001 0.00072000000000000005 0.19635600000000003 0.00074299999999999995 0.0034659999999999999 0.23435300000000003 0.025955999999999989 0 0 3
114 uniform 4 0 0.64315699999999998 83.017864905283787 1 37 0.55151099999999997 0.0097400000000000004 0.067420999999999995 0.0018270000000000001 0.00055199999999999997 0.0023869999999999998 0.0099909999999999999 0.18466199999999999 0.021967 0 0.025836000000000001 0.00085700000000000001 0.22494900000000001 0.001235 0.0029890000000000003 0.051058000000000006 0.010807000000000004 0 0 0
114 uniform 4 7 0.56133200000000005 82.809671090345205 1 37 0.41933700000000002 0.0093889999999999998 0.11775099999999998 0.0019219999999999999 0.00058799999999999998 0.002271 0.0093769999999999999 0.051572 0.023262000000000001 0 0.025574 0.00079500000000000003 0.228904 0.0011039999999999999 0.0029809999999999997 0.10213899999999998 0.010008000000000001 0 0 1
114 uniform 4 15 0.58322499999999999 82.577237715473544 1 37 0.43648900000000002 0.0092999999999999992 0.122964 0.0018519999999999999 0.00049799999999999996 0.0022889999999999998 0.0094160000000000008 0.051630000000000002 0.023265999999999998 0 0.025492000000000001 0.00078600000000000002 0.24696100000000001 0.0010660000000000001 0.0029230000000000003 0.10727299999999999 0.0099769999999999998 0 0 2
114 uniform 4 23 0.55266300000000002 82.350490297955503 1 37 0.407995 0.0093830000000000007 0.12076500000000001 0.0019109999999999999 0.00049299999999999995 0.0022060000000000001 0.0091680000000000008 0.051536999999999999 0.022508 0 0.028296000000000002 0.00074700000000000005 0.21865999999999999 0.00093300000000000002 0.0029380000000000001 0.10433299999999998 0.010666000000000004 0 0 3
115 linear 0 0 0.98599499999999995 3808.31627923308 1 165 0.54120800000000002 0.015051 0.374164 0.011127999999999999 0.002287 0.00296 0.010638999999999999 0.17009199999999999 0.024431000000000001 0 0.027521 0.00079500000000000003 0.21190700000000001 0.0010610000000000001 0.0034710000000000001 0.17427100000000015 0.084699000000000149 0.031331999999999978 0 0
115 linear 0 7 1.1048340000000001 3520.9444174956507 1 157 0.397893 0.011169 0.64355599999999979 0.0095180000000000004 0.0022539999999999999 0.0030100000000000001 0.010638999999999999 0.023220999999999999 0.024169 0 0.027421999999999998 0.00079299999999999998 0.21299899999999997 0.0011509999999999999 0.0036089999999999994 0.45990100000000006 0.074524000000000076 0.028330000000000004 0 1
115 linear 0 15 1.1384810000000001 3139.6288023383181 1 174 0.37289699999999998 0.014088 0.69075099999999967 0.011710000000000002 0.0020449999999999999 0.002869 0.010553 0.024597999999999998 0.021684999999999999 0 0.026752000000000001 0.00091399999999999999 0.18626899999999996 0.000504 0.0036290000000000003 0.48415900000000001 0.086256000000000249 0.032289000000000012 0 2
115 linear 0 23 1.033819 2760.9207355181079 1 166 0.31146699999999999 0.013759 0.65141700000000036 0.010681 0.001575 0.0026540000000000001 0.010661 0.022855 0.021554 0 0.026688 0.00095799999999999998 0.12623500000000001 0.00043399999999999998 0.0035410000000000003 0.45036500000000024 0.084006000000000192 0.031234000000000001 0 3
115 linear 1 0 0.53121399999999996 5.3887517814328207 1 82 0.36283599999999999 0.011808000000000001 0.12749399999999997 0.0049950000000000003 0.0014039999999999999 0.0029250000000000001 0.011299999999999999 0.190829 0.021857999999999999 0 0.030945 0.00084099999999999995 0.012938999999999999 0.0010939999999999999 0.0035410000000000007 0.051015999999999992 0.038525000000000025 0.0090339999999999969 0 0
115 linear 1 7 0.65523900000000002 4.7917788126931091 1 90 0.43852400000000002 0.011181 0.17230999999999999 0.0056300000000000005 0.0012930000000000001 0.002875 0.011051 0.052023 0.021905000000000001 0 0.02742 0.00085999999999999998 0.23422699999999999 0.001096 0.0033860000000000001 0.092225000000000015 0.039806000000000008 0.0099930000000000036 0 1
115 linear 1 15 0.39365 4.1053272006732637 1 74 0.21096500000000001 0.010924 0.146095 0.003777 0.0011410000000000001 0.0026849999999999999 0.010288 0.060574999999999997 0.021085 0 0.026596000000000002 0.00075199999999999996 0.0044100000000000007 0.0010250000000000001 0.0033599999999999997 0.078740999999999992 0.03240500000000001 0.0080930000000000012 0 2
115 linear 1 23 0.54833799999999999 3.423564838675111 1 74 0.35986099999999999 0.012357999999999999 0.15009500000000003 0.0037879999999999997 0.0011279999999999999 0.0023500000000000001 0.0095379999999999996 0.055203000000000002 0.020898 0 0.026601 0.00071000000000000002 0.160777 0.00095299999999999996 0.0035450000000000004 0.08032499999999998 0.03393899999999999 0.0083249999999999956 0 3
115 linear 2 0 0.97082000000000002 2430.364873914898 1 157 0.54059299999999999 0.01251 0.36575699999999989 0.010046000000000001 0.0022469999999999999 0.0029689999999999999 0.012499 0.174321 0.025923000000000002 0 0.028840000000000001 0.00097900000000000005 0.197547 0.00097199999999999999 0.0036609999999999998 0.18764299999999987 0.075618999999999978 0.028574000000000037 0 0
115 linear 2 7 1.024375 1935.9979434200575 1 165 0.39454400000000001 0.010808999999999999 0.56479699999999966 0.010862999999999999 0.0019599999999999999 0.002928 0.012645 0.026846999999999999 0.025711999999999999 0 0.034925999999999999 0.00096400000000000001 0.19520300000000002 0.00089700000000000001 0.0035460000000000001 0.37454000000000004 0.079715000000000147 0.029763999999999985 0 1
115 linear 2 15 0.95795399999999997 1580.8630937823418 1 159 0.35403899999999999 0.01392 0.52799799999999952 0.011571999999999999 0.0021020000000000006 0.0027100000000000002 0.011087 0.026436999999999999 0.028299999999999999 0 0.028805000000000001 0.00093999999999999997 0.15431399999999998 0.00062100000000000002 0.0038910000000000004 0.34064599999999995 0.07917000000000006 0.02810699999999999 0 2
115 linear 2 23 0.87030700000000005 1417.9432965816186 1 127 0.38846000000000003 0.01337 0.41969000000000017 0.0084669999999999988 0.0018749999999999999 0.0026879999999999999 0.011010000000000001 0.025878000000000002 0.021580999999999999 0 0.031606000000000002 0.00085099999999999998 0.19272699999999998 0.00059999999999999995 0.003967 0.2728810000000001 0.058389000000000045 0.020683 0 3
115 linear 3 0 0.48924499999999999 3.6818834711832955 1 61 0.35650300000000001 0.0085869999999999991 0.098656000000000008 0.0044149999999999997 0.00091100000000000013 0.0030969999999999999 0.012135 0.19251799999999999 0.032274999999999998 0 0.027208 0.00088400000000000002 0.0035010000000000006 0.001433 0.0034020000000000001 0.040397999999999989 0.027348999999999998 0.0065310000000000029 0 0
115 linear 3 7 0.37042799999999998 3.8368195289387286 1 61 0.20350799999999999 0.0084530000000000004 0.13348200000000005 0.003735 0.00084100000000000006 0.0028999999999999998 0.010846 0.046545999999999997 0.033473999999999997 0 0.026012 0.00074399999999999998 0.0032560000000000002 0.001255 0.0031009999999999996 0.074806999999999998 0.027791999999999994 0.0065170000000000002 0 1
115 linear 3 15 0.47647299999999998 4.0508620220693192 1 61 0.30676199999999998 0.01136 0.13394300000000001 0.0036880000000000003 0.0007670000000000001 0.0025720000000000001 0.010170999999999999 0.048941999999999999 0.043359000000000002 0 0.025982999999999999 0.00083100000000000003 0.097162999999999985 0.001181 0.0031289999999999998 0.075010000000000007 0.028141000000000003 0.0065400000000000041 0 2
115 linear 3 23 0.388069 4.3239382198281824 1 61 0.223441 0.0082039999999999995 0.13218200000000002 0.0035850000000000005 0.00077000000000000007 0.0025460000000000001 0.0098060000000000005 0.051233000000000001 0.053874999999999999 0 0.025468000000000001 0.00070899999999999999 0.0033270000000000001 0.0011119999999999999 0.0030030000000000005 0.073320999999999997 0.02816299999999998 0.0065270000000000016 0 3
115 linear 4 0 0.61535200000000001 8.6315886500843799 1 107 0.35461500000000001 0.013946999999999999 0.20323100000000002 0.0074610000000000006 0.0016110000000000002 0.002885 0.010467000000000001 0.18849399999999999 0.023057999999999999 0 0.026960999999999999 0.00078700000000000005 0.0056150000000000002 0.00070100000000000002 0.0037129999999999997 0.10461899999999999 0.051129000000000008 0.012001000000000003 0 0
115 linear 4 7 0.49411899999999997 8.5288961300930914 1 107 0.21172099999999999 0.0135 0.22728200000000001 0.0064609999999999997 0.001222 0.0028600000000000001 0.010364999999999999 0.051166000000000003 0.022995000000000002 0 0.026381999999999999 0.00080699999999999999 0.0055459999999999997 0.00066399999999999999 0.0035109999999999994 0.13085899999999998 0.049378000000000026 0.012022 0 1
115 linear 4 15 0.48651699999999998 8.416329961122873 1 107 0.20688500000000001 0.013242 0.22552099999999997 0.0060660000000000002 0.0011940000000000002 0.0026719999999999999 0.0092090000000000002 0.051038 0.022613999999999999 0 0.026133 0.00081499999999999997 0.0054019999999999997 0.00064400000000000004 0.0034260000000000002 0.12848499999999999 0.049696999999999991 0.011997999999999995 0 2
115 linear 4 23 0.48145199999999999 8.3084962633845247 1 107 0.20390800000000001 0.013006999999999999 0.22366100000000003 0.0060460000000000002 0.001188 0.0026779999999999998 0.0092639999999999997 0.050993999999999998 0.022357999999999999 0 0.025753000000000002 0.000718 0.005448999999999999 0.00071100000000000004 0.0033240000000000001 0.12636500000000001 0.050107999999999993 0.012002000000000002 0 3
115 uniform 0 0 0.89944400000000002 3715.5662791884579 1 165 0.54568399999999995 0.011523 0.28787900000000005 0.0099079999999999984 0.0021470000000000005 0.0028890000000000001 0.011128000000000001 0.17025199999999999 0.024393999999999999 0 0.028354000000000001 0.00081899999999999996 0.21400199999999997 0.0011640000000000001 0.0037779999999999997 0.17343100000000006 0.084635000000000113 0 0 0
115 uniform 0 7 0.97670100000000004 3461.4978507717783 1 149 0.39283000000000001 0.010879 0.52282600000000023 0.0075469999999999999 0.001915 0.0028609999999999998 0.011298000000000001 0.023234000000000001 0.022322999999999999 0 0.027248000000000001 0.00083199999999999995 0.21289 0.001108 0.003591 0.4240540000000001 0.071801000000000101 0 0 1
115 uniform 0 15 1.017366 3103.7012272779816 1 166 0.37097599999999997 0.014127000000000001 0.57566200000000012 0.010331 0.0016840000000000002 0.0026350000000000002 0.010782999999999999 0.024709999999999999 0.021579000000000001 0 0.026988000000000002 0.00087699999999999996 0.18639900000000001 0.00056800000000000004 0.0035489999999999996 0.46046999999999993 0.083498000000000197 0 0 2
115 uniform 0 23 0.94385399999999997 2752.4349060353347 1 166 0.30877300000000002 0.013965999999999999 0.56394899999999948 0.010495000000000001 0.0016090000000000002 0.0026549999999999998 0.010776000000000001 0.022955 0.021703 0 0.026662999999999999 0.00088999999999999995 0.126141 0.00050600000000000005 0.0035139999999999998 0.44755299999999992 0.086312000000000083 0 0 3
115 uniform 1 0 0.49146400000000001 5.6178433073056571 1 74 0.35950900000000002 0.011786 0.092803999999999914 0.0039220000000000001 0.0011429999999999999 0.0029940000000000001 0.011599999999999999 0.19087499999999999 0.021971999999999998 0 0.027487999999999999 0.000861 0.012865999999999999 0.0011820000000000001 0.0035379999999999999 0.047836999999999991 0.033846000000000022 0 0 0
115 uniform 1 7 0.61872799999999994 5.0622035976735864 1 74 0.43575900000000001 0.012482999999999999 0.14224800000000004 0.0036690000000000004 0.00096099999999999994 0.0026489999999999999 0.010335 0.051880000000000003 0.021357999999999999 0 0.026821000000000001 0.00079699999999999997 0.23443600000000001 0.0010430000000000001 0.0037649999999999997 0.08756499999999999 0.038380999999999998 0 0 1
115 uniform 1 15 0.39702700000000002 4.4031174599001428 1 74 0.21287300000000001 0.012263 0.14109600000000003 0.0074630000000000009 0.0011530000000000002 0.0037369999999999999 0.0097890000000000008 0.057241 0.023455 0 0.026648999999999999 0.000745 0.0044450000000000002 0.00094600000000000001 0.0036489999999999999 0.089966999999999991 0.037542999999999993 0 0 2
115 uniform 1 23 0.53571899999999995 3.7192405145005205 1 74 0.36582599999999998 0.012212000000000001 0.13192300000000001 0.0034169999999999999 0.001145 0.0024060000000000002 0.010547000000000001 0.056536999999999997 0.023542 0 0.026380000000000001 0.00068900000000000005 0.16067000000000001 0.00087399999999999999 0.0036030000000000003 0.085810999999999998 0.034199000000000007 0 0 3
115 uniform 2 0 0.88138399999999995 2551.1318290937552 1 157 0.53963700000000003 0.011195999999999999 0.28170600000000001 0.0089029999999999995 0.0019879999999999997 0.002954 0.012213 0.17039799999999999 0.025829999999999999 0 0.028379999999999999 0.00094399999999999996 0.201178 0.00097499999999999996 0.003614 0.18121600000000002 0.07313600000000009 0 0 0
115 uniform 2 7 0.91438600000000003 2032.651498076001 1 157 0.38007400000000002 0.010838 0.47357500000000008 0.0095929999999999991 0.0016440000000000001 0.0030079999999999998 0.01157 0.025145000000000001 0.022426000000000001 0 0.028823999999999999 0.00092299999999999999 0.19470999999999999 0.000883 0.0034469999999999995 0.36995200000000011 0.075925000000000048 0 0 1
115 uniform 2 15 0.87901600000000002 1603.5535460768979 1 159 0.35241499999999998 0.014213999999999999 0.45118800000000003 0.010740000000000001 0.0020200000000000001 0.0029220000000000001 0.010906000000000001 0.026426000000000002 0.022453999999999998 0 0.029012 0.000941 0.15428599999999998 0.00057200000000000003 0.0040119999999999991 0.34395599999999993 0.079511000000000123 0 0 2
115 uniform 2 23 0.79953399999999997 1431.42017607291 1 127 0.38459700000000002 0.013252 0.35526300000000005 0.0068940000000000008 0.001768 0.0027499999999999998 0.011207999999999999 0.025950000000000001 0.021717 0 0.027514 0.00090300000000000005 0.19258399999999998 0.00055500000000000005 0.0038979999999999987 0.27587799999999979 0.058062000000000016 0 0 3
115 uniform 3 0 0.43547000000000002 3.6938106264563224 1 45 0.35239300000000001 0.0086440000000000006 0.056274000000000005 0.002532 0.00073900000000000007 0.0030300000000000001 0.011625 0.18865399999999999 0.034018 0 0.027223000000000001 0.00084199999999999998 0.0034529999999999995 0.00125 0.0034190000000000002 0.030724999999999992 0.018703000000000008 0 0 0
115 uniform 3 7 0.31513600000000003 3.8520785388850189 1 45 0.20505100000000001 0.0085229999999999993 0.083703000000000014 0.0023040000000000001 0.00060399999999999994 0.0028170000000000001 0.010732999999999999 0.046357000000000002 0.033284000000000001 0 0.026058000000000001 0.00080099999999999995 0.0034170000000000003 0.001181 0.0034129999999999994 0.058155999999999992 0.018683999999999992 0 0 1
115 uniform 3 15 0.417987 4.0719438205764327 1 45 0.31009900000000001 0.0084430000000000009 0.081909999999999983 0.0022720000000000001 0.00060700000000000001 0.0025929999999999998 0.010122000000000001 0.051029999999999999 0.043096000000000002 0 0.025957999999999998 0.00083799999999999999 0.09747900000000001 0.0011969999999999999 0.0032369999999999994 0.056730000000000017 0.018468999999999992 0 0 2
115 uniform 3 23 0.33113100000000001 4.3550638415485485 1 45 0.22250700000000001 0.0081569999999999993 0.082991000000000009 0.0023189999999999999 0.00057600000000000001 0.0023570000000000002 0.0094789999999999996 0.051017 0.054198999999999997 0 0.025367000000000001 0.00074299999999999995 0.0033059999999999999 0.001011 0.0030980000000000005 0.057387999999999988 0.018833999999999993 0 0 3
115 uniform 4 0 0.51059200000000005 8.6460009344170121 1 75 0.35516799999999998 0.014142 0.11269599999999996 0.0036649999999999999 0.0011149999999999999 0.0026159999999999998 0.0099330000000000009 0.18865799999999999 0.023400000000000001 0 0.026433999999999999 0.000776 0.0054510000000000001 0.00073300000000000004 0.0037060000000000005 0.067989999999999981 0.033467999999999998 0 0 0
115 uniform 4 7 0.38481500000000002 8.54226950862002 1 75 0.20923900000000001 0.013481 0.13397000000000001 0.0037499999999999999 0.00098900000000000008 0.0025929999999999998 0.0094629999999999992 0.051157000000000001 0.022488999999999999 0 0.025982000000000002 0.00078799999999999996 0.0053939999999999995 0.00070600000000000003 0.0035820000000000005 0.090984000000000037 0.031696999999999989 0 0 1
115 uniform 4 15 0.380714 8.4286410533087253 1 75 0.205733 0.013176999999999999 0.13373500000000002 0.0036819999999999999 0.00097800000000000014 0.002506 0.0089529999999999992 0.051098999999999999 0.022495999999999999 0 0.025732999999999999 0.00085400000000000005 0.0053839999999999999 0.00065200000000000002 0.0034910000000000006 0.085958999999999994 0.036566000000000008 0 0 2
115 uniform 4 23 0.37786599999999998 8.3198601660351343 1 75 0.20353399999999999 0.013084 0.13335499999999995 0.0036500000000000005 0.00094700000000000014 0.00231 0.0089720000000000008 0.051050999999999999 0.022388000000000002 0 0.025537000000000001 0.00073700000000000002 0.0052880000000000002 0.00068499999999999995 0.0034499999999999999 0.089074 0.033088000000000006 0 0 3
116 linear 0 0 0.92951399999999995 163.84299696356808 1 137 0.54127499999999995 0.00694 0.33541699999999985 0.010335 0.0016800000000000001 0.0029949999999999998 0.011259999999999999 0.17607300000000001 0.013983000000000001 0 0.027338000000000001 0.00086700000000000004 0.21923299999999998 0.00093000000000000005 0.0032800000000000004 0.14122299999999999 0.067836000000000063 0.028583999999999991 0 0
116 linear 0 7 0.73964300000000005 165.90290881745591 1 137 0.35770800000000003 0.0065750000000000001 0.33144299999999993 0.0090830000000000008 0.0013940000000000001 0.003163 0.011148999999999999 0.00594 0.022887999999999999 0 0.029111000000000001 0.00083900000000000001 0.19752599999999998 0.00081099999999999998 0.003045 0.13421300000000005 0.068157000000000079 0.028564999999999986 0 1
116 linear 0 15 0.70046699999999995 166.05092149137039 1 137 0.315108 0.0065659999999999998 0.33529500000000001 0.0088319999999999996 0.0013760000000000001 0.0029199999999999999 0.010577 0.0064050000000000001 0.022258 0 0.028603 0.00077300000000000003 0.16013900000000003 0.00080800000000000002 0.0031860000000000005 0.14147200000000001 0.068052000000000071 0.028434999999999985 0 2
116 linear 0 23 0.72808899999999999 163.84764982997012 1 137 0.35445100000000002 0.0064469999999999996 0.32449900000000031 0.0082129999999999998 0.0011849999999999999 0.0029740000000000001 0.010406 0.0060210000000000003 0.023223000000000001 0 0.028118000000000001 0.00081499999999999997 0.19923899999999997 0.00083100000000000003 0.0030820000000000001 0.13301400000000008 0.066336000000000103 0.028379999999999999 0 3
116 linear 1 0 0.68956300000000004 2.3636007335720528 1 97 0.40628799999999998 0.0092910000000000006 0.23900900000000003 0.0063800000000000003 0.0013240000000000001 0.00313 0.011611 0.17572299999999999 0.021774999999999999 0 0.028898 0.00079199999999999995 0.080787999999999999 0.00109 0.0031299999999999995 0.093491999999999978 0.047964000000000007 0.014398000000000001 0 0
116 linear 1 7 0.550987 2.3516143278694419 1 105 0.26864900000000003 0.0089259999999999999 0.23699200000000004 0.0066320000000000007 0.0012619999999999999 0.003055 0.010848 0.021607999999999999 0.021037 0 0.028069 0.00081700000000000002 0.10230899999999998 0.001003 0.0031250000000000002 0.10699300000000002 0.051594999999999946 0.015840999999999994 0 1
116 linear 1 15 0.450683 2.3320245182407651 1 105 0.17020299999999999 0.0097979999999999994 0.23166000000000003 0.007306 0.0013480000000000002 0.002764 0.010246999999999999 0.021052000000000001 0.021506000000000001 0 0.027399 0.00083299999999999997 0.0031180000000000001 0.00094799999999999995 0.0033580000000000003 0.10761400000000002 0.051083999999999977 0.015073999999999999 0 2
116 linear 1 23 0.58900300000000005 2.3038454753530915 1 105 0.30770199999999998 0.0099469999999999992 0.23475000000000018 0.0064229999999999999 0.0012780000000000001 0.002843 0.012244 0.022943000000000002 0.024111 0 0.028088999999999999 0.00078399999999999997 0.13462199999999999 0.00089400000000000005 0.0032429999999999998 0.11346599999999996 0.051481999999999986 0.015820000000000008 0 3
116 linear 2 0 0.551898 1.8788133700804763 1 81 0.34476899999999999 0.013084 0.16451700000000005 0.0047499999999999999 0.00097999999999999997 0.0028189999999999999 0.012243 0.18009700000000001 0.023786999999999999 0 0.028274000000000001 0.00072999999999999996 0.0044180000000000001 0.00086799999999999996 0.0036600000000000001 0.086248999999999978 0.043500999999999998 0.012402999999999994 0 0
116 linear 2 7 0.43132599999999999 1.8853830435503596 1 96 0.17763999999999999 0.011898000000000001 0.209594 0.0051059999999999994 0.0012110000000000001 0.002604 0.010456 0.021647 0.020962999999999999 0 0.028218 0.00077999999999999999 0.004483 0.00080599999999999997 0.0034880000000000002 0.12309199999999997 0.047153000000000021 0.014173999999999997 0 1
116 linear 2 15 0.46501399999999998 1.903608615154206 1 103 0.23216200000000001 0.0097879999999999998 0.19098800000000005 0.0051509999999999993 0.0013699999999999999 0.002591 0.010333 0.022162000000000001 0.021367000000000001 0 0.028348999999999999 0.00083600000000000005 0.057692999999999994 0.0011000000000000001 0.0034069999999999994 0.10366300000000002 0.045717000000000035 0.015010999999999997 0 2
116 linear 2 23 0.39568199999999998 1.9141200303496519 1 103 0.170324 0.0091850000000000005 0.18443799999999999 0.0049979999999999998 0.0011310000000000001 0.0026099999999999999 0.010095 0.0218 0.021070999999999999 0 0.028162 0.00081499999999999997 0.003326 0.00094300000000000004 0.0032520000000000001 0.10181600000000002 0.043598000000000026 0.014045 0 3
116 linear 3 0 0.53383899999999995 1.8345300977831289 1 82 0.33109699999999997 0.0093270000000000002 0.16563800000000012 0.0043079999999999993 0.0011590000000000001 0.0027320000000000001 0.010673 0.17528099999999999 0.025533 0 0.028018000000000001 0.00085700000000000001 0.0034150000000000001 0.0010430000000000001 0.0034120000000000001 0.09267600000000005 0.038244000000000007 0.012345000000000004 0 0
116 linear 3 7 0.510405 1.8282757176618205 1 74 0.31531799999999999 0.0091389999999999996 0.16000999999999996 0.0042090000000000001 0.00088999999999999995 0.002686 0.0098899999999999995 0.021129999999999999 0.021278999999999999 0 0.027730000000000001 0.00089700000000000001 0.14892 0.0010679999999999999 0.0034369999999999995 0.09152399999999998 0.036707000000000004 0.011425000000000003 0 1
116 linear 3 15 0.378357 1.8225424781583823 1 74 0.174015 0.0089490000000000004 0.17009499999999997 0.0040370000000000007 0.00072499999999999995 0.0027950000000000002 0.010344000000000001 0.021502 0.022189 0 0.027200999999999999 0.00090700000000000004 0.0038700000000000002 0.001008 0.0033129999999999995 0.10041200000000004 0.03827899999999998 0.011357000000000003 0 2
116 linear 3 23 0.49945299999999998 1.8183135202790737 1 74 0.30186000000000002 0.0091970000000000003 0.16329300000000008 0.0039899999999999996 0.00082899999999999988 0.0027109999999999999 0.010023000000000001 0.021385000000000001 0.021203 0 0.027532999999999998 0.000883 0.136929 0.00091799999999999998 0.0033009999999999992 0.094932000000000002 0.03682800000000002 0.011375000000000001 0 3
116 linear 4 0 0.44765300000000002 46.815916723063651 1 59 0.33120100000000002 0.010314 0.084967999999999988 0.0034399999999999995 0.00086499999999999999 0.002872 0.011235999999999999 0.17629700000000001 0.023504000000000001 0 0.029777999999999999 0.00087399999999999999 0.0019529999999999999 0.001232 0.0034340000000000004 0.041796999999999994 0.019511999999999995 0.0087940000000000032 0 0
116 linear 4 7 0.334478 48.094926998263539 1 59 0.17241400000000001 0.0095440000000000004 0.131221 0.003431 0.00082400000000000008 0.0028540000000000002 0.011070999999999999 0.021218000000000001 0.022880000000000001 0 0.026291999999999999 0.000852 0.0020089999999999999 0.001232 0.0034589999999999994 0.08822300000000001 0.019292999999999998 0.0088110000000000046 0 1
116 linear 4 15 0.32074599999999998 49.330757161773739 1 51 0.16736799999999999 0.0093690000000000006 0.12536 0.002758 0.00063299999999999999 0.0027130000000000001 0.010229 0.021066000000000001 0.022483 0 0.025849 0.00093400000000000004 0.0018090000000000003 0.0011590000000000001 0.0032299999999999998 0.087555999999999995 0.016784 0.0078480000000000025 0 2
116 linear 4 23 0.370695 50.257130577154676 1 67 0.16522700000000001 0.0096080000000000002 0.17005999999999999 0.0043300000000000005 0.00077399999999999995 0.0024090000000000001 0.0096380000000000007 0.020605999999999999 0.022231999999999998 0 0.025888999999999999 0.00080400000000000003 0.0018549999999999999 0.0010169999999999999 0.0031339999999999996 0.114014 0.025805999999999985 0.011639 0 3
116 uniform 0 0 0.82260599999999995 154.01369437589838 1 137 0.53836300000000004 0.0069740000000000002 0.23372100000000007 0.0092120000000000014 0.00148 0.0025839999999999999 0.010418999999999999 0.17569299999999999 0.013110999999999999 0 0.027949000000000002 0.00086399999999999997 0.21934999999999999 0.00092500000000000004 0.0031479999999999998 0.14096199999999998 0.067227000000000051 0 0 0
116 uniform 0 7 0.63343799999999995 155.3633996860919 1 137 0.35744199999999998 0.0066169999999999996 0.22700199999999998 0.0082229999999999994 0.0012689999999999999 0.0028040000000000001 0.011057000000000001 0.0058599999999999998 0.024451000000000001 0 0.029145000000000001 0.00088000000000000003 0.19740199999999999 0.00077099999999999998 0.0030809999999999995 0.13324599999999998 0.068214000000000052 0 0 1
116 uniform 0 15 0.60080599999999995 155.45956498390242 1 137 0.32093500000000003 0.0063769999999999999 0.23196199999999995 0.0075379999999999996 0.0012259999999999999 0.002777 0.010723999999999999 0.0059919999999999999 0.024112000000000001 0 0.029038000000000001 0.00084199999999999998 0.16284299999999999 0.000803 0.0029810000000000001 0.13911899999999996 0.06727699999999999 0 0 2
116 uniform 0 23 0.62344900000000003 154.01622890576795 1 137 0.35261999999999999 0.0063619999999999996 0.22370600000000007 0.0072570000000000004 0.0011659999999999997 0.0027139999999999998 0.010548999999999999 0.0057869999999999996 0.025139999999999999 0 0.027934 0.00083299999999999997 0.19592599999999999 0.00082100000000000001 0.0030339999999999998 0.13241399999999998 0.065870000000000054 0 0 3
116 uniform 1 0 0.60790699999999998 2.3861602918548712 1 97 0.40671099999999999 0.0093659999999999993 0.15949400000000002 0.0054669999999999996 0.0013779999999999999 0.0031449999999999998 0.011446 0.175511 0.021627 0 0.028989000000000001 0.000794 0.080808000000000005 0.0010629999999999999 0.003277 0.092188999999999993 0.051669000000000007 0 0 0
116 uniform 1 7 0.48057 2.3748211117822198 1 97 0.27088699999999999 0.00911 0.16867600000000002 0.0052099999999999994 0.0012589999999999999 0.0028410000000000002 0.010805 0.021392000000000001 0.021153000000000002 0 0.028673000000000001 0.00087399999999999999 0.102006 0.0011050000000000001 0.0031679999999999994 0.10092800000000003 0.052050999999999993 0 0 1
116 uniform 1 15 0.35272700000000001 2.3561283336885603 1 89 0.16725300000000001 0.0086840000000000007 0.14774399999999999 0.004607 0.0010229999999999998 0.0026020000000000001 0.0098279999999999999 0.021137 0.021274000000000001 0 0.027997000000000001 0.00078899999999999999 0.0031720000000000003 0.0010120000000000001 0.00296 0.088751999999999998 0.044597000000000026 0 0 2
116 uniform 1 23 0.507054 2.3275019412039337 1 97 0.296068 0.0086470000000000002 0.17025799999999999 0.0049180000000000005 0.001281 0.0023739999999999998 0.0096589999999999992 0.021441999999999999 0.020964 0 0.027844000000000001 0.00079100000000000004 0.13435399999999997 0.00091399999999999999 0.0027950000000000002 0.10686400000000001 0.04803700000000001 0 0 3
116 uniform 2 0 0.50513799999999998 1.8953171771623407 1 73 0.33416200000000001 0.011677999999999999 0.13341700000000004 0.0036490000000000003 0.00095399999999999988 0.0024680000000000001 0.010633999999999999 0.175848 0.021267999999999999 0 0.027968 0.00073800000000000005 0.0043880000000000004 0.00092000000000000003 0.0036710000000000002 0.079209000000000016 0.042140999999999991 0 0 0
116 uniform 2 7 0.38868799999999998 1.9048804848983396 1 88 0.177539 0.011937 0.17112199999999994 0.0041489999999999999 0.0013390000000000001 0.0025000000000000001 0.010070000000000001 0.021517999999999999 0.021172 0 0.027609000000000002 0.00073099999999999999 0.0045569999999999994 0.00090600000000000001 0.0036109999999999996 0.11173000000000001 0.045092000000000014 0 0 1
116 uniform 2 15 0.41678199999999999 1.9271517497236756 1 95 0.23030600000000001 0.0095759999999999994 0.14951499999999995 0.0040359999999999997 0.0012279999999999999 0.0026410000000000001 0.010723999999999999 0.022145000000000001 0.021486000000000002 0 0.031758000000000002 0.00084800000000000001 0.057340999999999996 0.001073 0.0034420000000000002 0.091703000000000007 0.042512000000000015 0 0 2
116 uniform 2 23 0.342227 1.9367788302579474 1 87 0.168573 0.009332 0.13962599999999994 0.0035110000000000002 0.001047 0.0025430000000000001 0.010075000000000001 0.021361999999999999 0.020839 0 0.028698999999999999 0.00082399999999999997 0.003349 0.0010189999999999999 0.0031840000000000002 0.087532999999999986 0.038369999999999994 0 0 3
116 uniform 3 0 0.503637 1.8361899822933538 1 66 0.33492 0.010375000000000001 0.13707600000000003 0.003045 0.00091599999999999993 0.002758 0.011629 0.176509 0.024767999999999998 0 0.028108999999999999 0.00085099999999999998 0.0033680000000000003 0.001052 0.0034140000000000008 0.089778999999999998 0.035442999999999988 0 0 0
116 uniform 3 7 0.46829700000000002 1.8298648088981582 1 58 0.31980799999999998 0.0090299999999999998 0.119903 0.002457 0.00072100000000000007 0.0027539999999999999 0.010933 0.02239 0.024173 0 0.027758000000000001 0.00089300000000000002 0.14884800000000004 0.00096500000000000004 0.0033700000000000006 0.077217000000000036 0.032487999999999989 0 0 1
116 uniform 3 15 0.34121099999999999 1.8240827864968778 1 58 0.176867 0.010267 0.13275899999999996 0.0027139999999999998 0.00062500000000000001 0.0027460000000000002 0.011153 0.022752999999999999 0.025177000000000001 0 0.026554999999999999 0.00083799999999999999 0.0039259999999999998 0.00097799999999999992 0.0034279999999999996 0.088279999999999983 0.034236999999999976 0 0 2
116 uniform 3 23 0.46058700000000002 1.8198467195736376 1 58 0.31009100000000001 0.0091229999999999992 0.12285399999999996 0.0025540000000000003 0.00069199999999999991 0.0027209999999999999 0.011318 0.022852000000000001 0.024885000000000001 0 0.027490000000000001 0.00083299999999999997 0.136766 0.00091500000000000001 0.0033079999999999997 0.08042199999999998 0.032558999999999984 0 0 3
116 uniform 4 0 0.42743999999999999 46.998309369485575 1 59 0.32583499999999999 0.0099019999999999993 0.070768999999999999 0.0032260000000000001 0.00084499999999999994 0.0029020000000000001 0.011197 0.176542 0.021780000000000001 0 0.026176999999999999 0.00096199999999999996 0.0019109999999999999 0.001209 0.0035150000000000003 0.041609999999999994 0.019497999999999988 0 0 0
116 uniform 4 7 0.30898599999999998 48.294201170427563 1 51 0.170184 0.0094199999999999996 0.11101399999999999 0.0024370000000000004 0.00063500000000000004 0.0027100000000000002 0.010562 0.021252 0.024549999999999999 0 0.026158000000000001 0.00089999999999999998 0.001853 0.0010499999999999999 0.0032990000000000003 0.085474999999999954 0.017124000000000004 0 0 1
116 uniform 4 15 0.304454 49.547496116201771 1 51 0.16434799999999999 0.0094240000000000001 0.112735 0.0025690000000000001 0.00060500000000000007 0.002503 0.0099450000000000007 0.021037 0.021026 0 0.026043 0.00085700000000000001 0.001823 0.001031 0.0030989999999999998 0.087465999999999988 0.016790000000000003 0 0 2
116 uniform 4 23 0.29420299999999999 50.487872076053151 1 51 0.161886 0.0095650000000000006 0.10472300000000001 0.0024609999999999996 0.00058900000000000011 0.0025040000000000001 0.0097900000000000001 0.020589 0.02102 0 0.025859 0.00084000000000000003 0.0018050000000000002 0.001122 0.0030079999999999998 0.079031000000000004 0.017228 0 0 3
117 linear 0 0 0.95457599999999998 784.56903206543711 1 133 0.60290699999999997 0.016473999999999999 0.28936100000000003 0.0082720000000000016 0.0022560000000000002 0.002833 0.010697999999999999 0.184361 0.16866400000000001 0 0.027196000000000001 0.00086499999999999999 0.10886799999999998 0.00076199999999999998 0.0041799999999999997 0.15140199999999998 0.067886999999999989 0.019529999999999995 0 0
117 linear 0 7 0.84453 780.79069012134403 1 133 0.34497800000000001 0.015965 0.43934100000000009 0.0073040000000000006 0.0017470000000000001 0.0029550000000000002 0.011006 0.051249000000000003 0.043466999999999999 0 0.033778000000000002 0.00085099999999999998 0.10434599999999999 0.00080199999999999998 0.004156 0.30499600000000016 0.066496999999999987 0.019521999999999991 0 1
117 linear 0 15 0.84799899999999995 774.42191165513611 1 133 0.33540999999999999 0.01536 0.45290300000000017 0.0072160000000000002 0.0018230000000000004 0.002581 0.010279 0.051093 0.044180999999999998 0 0.026034000000000002 0.00075100000000000004 0.105964 0.00071500000000000003 0.0040160000000000005 0.31775999999999988 0.06613200000000001 0.019420000000000003 0 2
117 linear 0 23 0.97696899999999998 766.42544305575586 1 125 0.501915 0.015408 0.41870699999999994 0.0063789999999999993 0.001671 0.0023649999999999999 0.0095779999999999997 0.051187000000000003 0.12637300000000001 0 0.025762 0.00080800000000000002 0.19124400000000003 0.00070600000000000003 0.0039329999999999999 0.28748000000000012 0.064234999999999973 0.018593999999999986 0 3
117 linear 1 0 0.79178199999999999 4.1513909197723553 1 98 0.50918300000000005 0.011776 0.23570499999999991 0.0071429999999999992 0.0015060000000000002 0.0029629999999999999 0.011592 0.177428 0.044262000000000003 0 0.026155000000000001 0.00083799999999999999 0.15665800000000002 0.0010950000000000001 0.0035339999999999998 0.15037899999999998 0.051725999999999973 0.011669000000000004 0 0
117 linear 1 7 1.0240659999999999 4.2125494020401115 1 98 0.61611700000000003 0.014343 0.35923899999999998 0.0061029999999999999 0.0012390000000000001 0.0028530000000000001 0.011091 0.048930000000000001 0.043222999999999998 0 0.025825000000000001 0.000785 0.39948100000000003 0.0010449999999999999 0.0033869999999999998 0.27385900000000002 0.051492999999999949 0.011672000000000002 0 1
117 linear 1 15 1.095172 4.2544085893148189 1 114 0.61783900000000003 0.011091999999999999 0.42574400000000007 0.0071159999999999999 0.0013699999999999999 0.002568 0.0099740000000000002 0.045308000000000001 0.041638000000000001 0 0.026041999999999999 0.00073200000000000001 0.40962499999999996 0.000959 0.0031910000000000003 0.32662800000000003 0.06012899999999996 0.013531000000000003 0 2
117 linear 1 23 0.97952899999999998 4.2735584872015036 1 98 0.603904 0.0089119999999999998 0.33275200000000005 0.0058569999999999994 0.001351 0.0026259999999999999 0.0098560000000000002 0.051084999999999998 0.051909999999999998 0 0.025059999999999999 0.00078700000000000005 0.38654500000000003 0.00115 0.0030150000000000003 0.25153100000000006 0.047452999999999995 0.011605000000000004 0 3
117 linear 2 0 0.79877600000000004 1.7620028512849268 1 90 0.55510199999999998 0.011075 0.20038000000000011 0.0048970000000000003 0.0014610000000000001 0.002483 0.0096679999999999995 0.17929800000000001 0.032316999999999999 0 0.025461000000000001 0.00080000000000000004 0.22003299999999998 0.0011299999999999999 0.0031480000000000002 0.12839600000000001 0.041356999999999991 0.010704000000000002 0 0
117 linear 2 7 0.80800899999999998 1.661280275971712 1 76 0.48816599999999999 0.011069000000000001 0.27843899999999999 0.004535 0.0012149999999999999 0.0023670000000000002 0.0087589999999999994 0.049062000000000001 0.041945999999999997 0 0.025767000000000002 0.00079600000000000005 0.27641100000000002 0.00092800000000000001 0.0032349999999999996 0.21822399999999997 0.034108999999999993 0.0090220000000000005 0 1
117 linear 2 15 0.72704899999999995 1.6455029037800195 1 61 0.47101999999999999 0.0095759999999999994 0.22142600000000004 0.0036129999999999999 0.00093700000000000001 0.0024810000000000001 0.0094230000000000008 0.051013000000000003 0.041535999999999997 0 0.025228 0.00083299999999999997 0.26297000000000004 0.0011199999999999999 0.0033860000000000006 0.17445899999999995 0.025492999999999995 0.0074179999999999958 0 2
117 linear 2 23 0.71962700000000002 1.6459906124917878 1 61 0.47126800000000002 0.0085210000000000008 0.21495699999999998 0.0035860000000000002 0.00088699999999999998 0.002493 0.010437999999999999 0.048475999999999998 0.044345999999999997 0 0.026499000000000002 0.00072900000000000005 0.26097900000000002 0.0010070000000000001 0.0032789999999999998 0.16655499999999995 0.026940999999999996 0.0073969999999999965 0 3
117 linear 3 0 0.44273600000000002 111.27092043224464 1 53 0.33875100000000002 0.0089940000000000003 0.073569000000000023 0.0031259999999999999 0.00071899999999999991 0.0029559999999999999 0.012537 0.18390599999999999 0.024545000000000001 0 0.028223999999999999 0.00083500000000000002 0.00062900000000000011 0.001119 0.0032089999999999996 0.036524000000000015 0.019024000000000006 0.0062990000000000016 0 0
117 linear 3 7 0.39175900000000002 111.61836647656121 1 53 0.19293099999999999 0.0087430000000000008 0.16855199999999995 0.0031459999999999995 0.00071299999999999998 0.002813 0.010557 0.051204 0.022120000000000001 0 0.026366000000000001 0.00078700000000000005 0.00060500000000000007 0.001078 0.0031259999999999994 0.132995 0.017606000000000004 0.0062840000000000031 0 1
117 linear 3 15 0.389181 112.03141002168093 1 53 0.192304 0.0088339999999999998 0.16546200000000003 0.0036359999999999999 0.00065200000000000002 0.0025609999999999999 0.010153000000000001 0.051070999999999998 0.021921 0 0.02597 0.00072599999999999997 0.00063699999999999998 0.0011180000000000001 0.0030869999999999999 0.12950599999999998 0.017964000000000004 0.0063050000000000024 0 2
117 linear 3 23 0.36463600000000002 112.46112512566019 1 53 0.190992 0.0087500000000000008 0.14328700000000003 0.0033609999999999998 0.00060700000000000001 0.0026870000000000002 0.0097079999999999996 0.051215999999999998 0.021752000000000001 0 0.025772 0.00069200000000000002 0.00060900000000000006 0.00094300000000000004 0.003081 0.10934999999999997 0.016031999999999998 0.0062900000000000013 0 3
117 linear 4 0 0.62815500000000002 1.4299042435552998 1 61 0.48346099999999997 0.0082559999999999995 0.11197900000000001 0.0037870000000000004 0.00088099999999999995 0.0027460000000000002 0.010748000000000001 0.18007899999999999 0.052956000000000003 0 0.026408999999999998 0.00076999999999999996 0.128083 0.0011689999999999999 0.0031520000000000003 0.06549000000000002 0.025442999999999997 0.0072470000000000017 0 0
117 linear 4 7 0.74771699999999996 1.4357473340171687 1 61 0.48979499999999998 0.0082360000000000003 0.225046 0.0035830000000000002 0.00084800000000000001 0.0027529999999999998 0.010030000000000001 0.048275999999999999 0.074374999999999997 0 0.025519 0.00089800000000000004 0.25096600000000002 0.001176 0.0029839999999999997 0.17910200000000001 0.024899000000000001 0.0072600000000000017 0 1
117 linear 4 15 0.60212699999999997 1.442711310288239 1 61 0.34567599999999998 0.0081320000000000003 0.22394800000000004 0.003483 0.00084999999999999995 0.0025660000000000001 0.0096019999999999994 0.050855999999999998 0.05305 0 0.025676000000000001 0.00080099999999999995 0.12778800000000001 0.0010560000000000001 0.003009 0.17802999999999997 0.025114999999999995 0.007241 0 2
117 linear 4 23 0.78428600000000004 1.4500069916252567 1 61 0.51960200000000001 0.0081560000000000001 0.232019 0.0035839999999999999 0.00081500000000000008 0.0024220000000000001 0.0092540000000000001 0.048475999999999998 0.053589999999999999 0 0.025034000000000001 0.00074899999999999999 0.305481 0.0010280000000000001 0.0029870000000000005 0.18542500000000003 0.025394999999999994 0.0072450000000000023 0 3
117 uniform 0 0 0.90520999999999996 766.26703194708637 1 133 0.60289700000000002 0.016816000000000001 0.24031599999999992 0.0075659999999999989 0.002029 0.0027320000000000001 0.010392 0.18257200000000001 0.168929 0 0.026485999999999999 0.00077300000000000003 0.10890799999999998 0.00079500000000000003 0.0043959999999999997 0.15085500000000007 0.068003999999999995 0 0 0
117 uniform 0 7 0.78961000000000003 763.10453026945822 1 133 0.33808199999999999 0.016086 0.391652 0.0067780000000000002 0.0017080000000000001 0.0025300000000000001 0.0099629999999999996 0.054822999999999997 0.044831999999999997 0 0.026367000000000002 0.00078399999999999997 0.10443500000000001 0.00071000000000000002 0.0042270000000000007 0.30362600000000017 0.066578999999999972 0 0 1
117 uniform 0 15 0.79579500000000003 758.41276792500935 1 133 0.33201999999999998 0.015768000000000001 0.40494899999999984 0.0064250000000000002 0.0017720000000000001 0.00232 0.0097090000000000006 0.051062000000000003 0.043156 0 0.025770999999999999 0.00075000000000000002 0.10506899999999998 0.00075900000000000002 0.0040369999999999998 0.31728299999999998 0.065849000000000005 0 0 2
117 uniform 0 23 0.92530199999999996 753.0524791881071 1 125 0.498143 0.015674 0.37117800000000006 0.0058070000000000005 0.0014939999999999999 0.002261 0.009306 0.051115000000000001 0.12550700000000001 0 0.025388000000000001 0.00077399999999999995 0.19062700000000002 0.00067500000000000004 0.0039269999999999999 0.28658199999999989 0.064309999999999964 0 0 3
117 uniform 1 0 0.72365100000000004 4.1182644773686414 1 82 0.50479700000000005 0.011646999999999999 0.17783400000000005 0.004816 0.0012650000000000001 0.0028010000000000001 0.011101 0.17735000000000001 0.042611000000000003 0 0.026058000000000001 0.00080400000000000003 0.15374100000000002 0.0011980000000000001 0.0035020000000000003 0.12333099999999997 0.042134999999999985 0 0 0
117 uniform 1 7 0.94321100000000002 4.2051822722502896 1 82 0.61336500000000005 0.011228999999999999 0.29047199999999995 0.0042199999999999998 0.001075 0.0027799999999999999 0.0099150000000000002 0.048835000000000003 0.041730000000000003 0 0.025957999999999998 0.00083799999999999999 0.39960699999999993 0.0010740000000000001 0.0033859999999999997 0.23529599999999995 0.04219899999999998 0 0 1
117 uniform 1 15 0.99235600000000002 4.2882733054378344 1 98 0.61268 0.010964 0.33520699999999992 0.0053879999999999996 0.00133 0.00263 0.009018 0.045316000000000002 0.041376000000000003 0 0.025759000000000001 0.00076499999999999995 0.40614900000000004 0.0010089999999999999 0.0033560000000000005 0.26876900000000004 0.051165999999999982 0 0 2
117 uniform 1 23 0.992066 4.3576822188091739 1 98 0.60081600000000002 0.0087939999999999997 0.34367600000000009 0.0056179999999999989 0.0012409999999999999 0.002421 0.0092750000000000003 0.051089000000000002 0.051826999999999998 0 0.025373 0.00074700000000000005 0.38431399999999993 0.001196 0.0030409999999999999 0.27686500000000003 0.051831999999999982 0 0 3
117 uniform 2 0 0.76368800000000003 1.804714421640139 1 74 0.55644700000000002 0.012423 0.16875600000000004 0.0036380000000000002 0.0013280000000000002 0.0024060000000000002 0.010206 0.180397 0.035478999999999997 0 0.024902000000000001 0.00082899999999999998 0.21743599999999999 0.00097499999999999996 0.0034550000000000002 0.12053300000000002 0.036837999999999996 0 0 0
117 uniform 2 7 0.75176600000000005 1.6725373337675777 1 60 0.49990200000000001 0.011272000000000001 0.21737200000000012 0.0030430000000000001 0.00095 0.002369 0.0096740000000000003 0.054953000000000002 0.046424 0 0.025149999999999999 0.00077300000000000003 0.27636200000000005 0.00094799999999999995 0.0032379999999999996 0.17966899999999994 0.028672000000000007 0 0 1
117 uniform 2 15 0.66273499999999996 1.648284289991496 1 45 0.473445 0.0084609999999999998 0.16257600000000005 0.0024429999999999999 0.00082300000000000006 0.0024329999999999998 0.0093509999999999999 0.051041999999999997 0.041884999999999999 0 0.025377 0.00078100000000000001 0.26508200000000004 0.0011720000000000001 0.0030479999999999999 0.13614899999999999 0.019605999999999998 0 0 2
117 uniform 2 23 0.64688999999999997 1.6488038377822827 1 45 0.46421299999999999 0.0082389999999999998 0.15676799999999996 0.0023009999999999997 0.00066500000000000001 0.002444 0.0094450000000000003 0.047410000000000001 0.041078999999999997 0 0.025381999999999998 0.00074200000000000004 0.26075099999999996 0.001024 0.0030280000000000003 0.12920800000000002 0.020728000000000007 0 0 3
117 uniform 3 0 0.399698 111.30333157425002 1 37 0.33122400000000002 0.0090139999999999994 0.044775999999999989 0.001877 0.000553 0.0028370000000000001 0.011091999999999999 0.18271399999999999 0.022168 0 0.026853999999999999 0.00081999999999999998 0.00065399999999999996 0.001103 0.0032019999999999996 0.026931 0.012244000000000001 0 0 0
117 uniform 3 7 0.313944 111.65146568443163 1 37 0.19214400000000001 0.0087449999999999993 0.09829199999999999 0.0018289999999999999 0.00046199999999999995 0.002676 0.010263 0.051255000000000002 0.022081 0 0.026286 0.000745 0.00064800000000000003 0.00096299999999999999 0.0030839999999999995 0.079814999999999983 0.012759999999999999 0 0 1
117 uniform 3 15 0.310498 112.06534208474164 1 37 0.18812599999999999 0.011039999999999999 0.096507999999999997 0.0018699999999999999 0.00045599999999999997 0.0024260000000000002 0.0098410000000000008 0.051126999999999999 0.022016999999999998 0 0.025982999999999999 0.00072099999999999996 0.00064900000000000005 0.0010120000000000001 0.0029949999999999998 0.078407000000000032 0.012508999999999999 0 0 2
117 uniform 3 23 0.30057499999999998 112.49593940090314 1 37 0.187249 0.0086689999999999996 0.090184000000000014 0.001769 0.00043300000000000001 0.0024399999999999999 0.0095560000000000003 0.051069999999999997 0.021811000000000001 0 0.025593000000000001 0.00071699999999999997 0.00061200000000000002 0.001021 0.0029539999999999996 0.073605000000000004 0.010955000000000001 0 0 3
117 uniform 4 0 0.59604999999999997 1.4301947336935208 1 45 0.48142400000000002 0.0082699999999999996 0.088409000000000015 0.002454 0.00067200000000000007 0.0024399999999999999 0.0097879999999999998 0.18037300000000001 0.054567999999999998 0 0.025989999999999999 0.00078899999999999999 0.12805999999999998 0.0011379999999999999 0.0030479999999999999 0.061155000000000008 0.020487999999999992 0 0 0
117 uniform 4 7 0.68244400000000005 1.4360567770762112 1 45 0.48973100000000003 0.0081849999999999996 0.16669700000000001 0.0023750000000000004 0.00070799999999999997 0.0025739999999999999 0.010439 0.04845 0.073633000000000004 0 0.026227 0.00089700000000000001 0.25069799999999998 0.0012049999999999999 0.0030240000000000002 0.139544 0.020107000000000003 0 0 1
117 uniform 4 15 0.53829000000000005 1.443044860660301 1 45 0.34871999999999997 0.0081960000000000002 0.16361800000000007 0.0022910000000000001 0.00076200000000000009 0.0025079999999999998 0.0093900000000000008 0.050984000000000002 0.052831999999999997 0 0.025704999999999999 0.00077499999999999997 0.13118600000000002 0.001083 0.0029940000000000006 0.13657399999999997 0.02020300000000002 0 0 2
117 uniform 4 23 0.719642 1.4503676886650818 1 45 0.51804499999999998 0.0081449999999999995 0.17577200000000001 0.0022650000000000001 0.000696 0.0023570000000000002 0.0091140000000000006 0.048590000000000001 0.053436999999999998 0 0.025184999999999999 0.00076000000000000004 0.30504399999999998 0.00093800000000000003 0.0029600000000000004 0.148281 0.020657999999999999 0 0 3
118 linear 0 0 0.50953300000000001 199.12101015705389 1 81 0.33518300000000001 0.010666999999999999 0.13989299999999999 0.0043089999999999995 0.0012199999999999999 0.002928 0.01099 0.18382999999999999 0.023668000000000002 0 0.026682999999999998 0.00086600000000000002 0.000611 0.001072 0.0033450000000000003 0.079018999999999964 0.026247999999999983 0.012125999999999996 0 0
118 linear 0 7 0.54486500000000004 188.29090699784695 1 81 0.19816800000000001 0.010600999999999999 0.30964499999999995 0.0045900000000000003 0.00123 0.0027209999999999999 0.010718 0.051213000000000002 0.022988000000000001 0 0.026838999999999998 0.00077499999999999997 0.00059699999999999998 0.001042 0.0033489999999999995 0.252612 0.023831000000000001 0.011280000000000002 0 1
118 linear 0 15 0.58215399999999995 169.4353210165653 1 97 0.20582300000000001 0.013715 0.32710699999999993 0.0067060000000000002 0.0014499999999999999 0.0026549999999999998 0.010736000000000001 0.051438999999999999 0.023549 0 0.027400000000000001 0.00087399999999999999 0.00084000000000000003 0.001109 0.003392 0.26009400000000016 0.028842000000000007 0.013185000000000004 0 2
118 linear 0 23 0.59074499999999996 150.56295748528174 1 97 0.19847899999999999 0.013321 0.34435599999999977 0.0061480000000000007 0.0012699999999999999 0.0026250000000000002 0.0099520000000000008 0.051167999999999998 0.020924999999999999 0 0.026936999999999999 0.00077800000000000005 0.00076599999999999997 0.00096199999999999996 0.0032270000000000007 0.27751099999999995 0.02887 0.013167999999999999 0 3
118 linear 1 0 0.52603200000000006 26.083291477045581 1 74 0.36929299999999998 0.012102 0.11955800000000004 0.004078 0.0010330000000000001 0.0028670000000000002 0.011174 0.17417299999999999 0.063002000000000002 0 0.026762000000000001 0.00076499999999999995 0.00081599999999999999 0.0011770000000000001 0.003277 0.06304000000000004 0.027963999999999999 0.0085360000000000037 0 0
118 linear 1 7 0.407609 25.98128671679358 1 74 0.23122599999999999 0.011682 0.140015 0.0038579999999999999 0.00089700000000000001 0.0026580000000000002 0.010538 0.049158 0.052718000000000001 0 0.025381999999999998 0.00079100000000000004 0.00084900000000000004 0.001106 0.0032619999999999997 0.084133000000000027 0.027681999999999991 0.0085320000000000049 0 1
118 linear 1 15 0.41114099999999998 25.762436021295443 1 74 0.23941799999999999 0.011729 0.134774 0.00396 0.00090200000000000002 0.0025309999999999998 0.010133 0.051325999999999997 0.063209000000000001 0 0.025624000000000001 0.000718 0.000825 0.001142 0.0032659999999999989 0.081070999999999963 0.025526999999999987 0.008570000000000003 0 2
118 linear 1 23 0.419819 25.443034908780085 1 74 0.23958399999999999 0.011439 0.14408199999999999 0.0039839999999999997 0.00088999999999999995 0.002666 0.010351000000000001 0.051441000000000001 0.063230999999999996 0 0.026218999999999999 0.00080800000000000002 0.00081099999999999987 0.0010820000000000001 0.0031720000000000003 0.083842000000000014 0.027246999999999997 0.0085300000000000046 0 3
118 linear 2 0 0.49083700000000002 40.15186271463056 1 68 0.34839599999999998 0.012788000000000001 0.10194 0.0048019999999999998 0.00099400000000000009 0.0027759999999999998 0.010933 0.18351500000000001 0.032013 0 0.027283000000000002 0.000843 0.00080599999999999997 0.0010690000000000001 0.0033660000000000001 0.056960999999999991 0.019059000000000003 0.0078789999999999989 0 0
118 linear 2 7 0.43970900000000002 43.730885888040589 1 68 0.20862700000000001 0.012291 0.187803 0.0046049999999999997 0.00085799999999999993 0.0027799999999999999 0.0099959999999999997 0.051089000000000002 0.031849000000000002 0 0.026075000000000001 0.00074399999999999998 0.00077899999999999996 0.00097599999999999998 0.003215 0.14563300000000001 0.017743999999999999 0.0079640000000000058 0 1
118 linear 2 15 0.42701600000000001 48.159269054010366 1 68 0.205372 0.01231 0.18249400000000005 0.0043750000000000004 0.00089500000000000018 0.002395 0.0096010000000000002 0.051066 0.031336000000000003 0 0.025942 0.00070100000000000002 0.00080000000000000004 0.00092000000000000003 0.0031500000000000005 0.13897100000000001 0.018336999999999996 0.0079770000000000032 0 2
118 linear 2 23 0.63132999999999995 52.851325131240976 1 84 0.20568600000000001 0.013165 0.3739829999999999 0.0074310000000000001 0.0015049999999999998 0.002349 0.0095460000000000007 0.051117999999999997 0.031355000000000001 0 0.026078 0.00075000000000000002 0.00078100000000000001 0.00094499999999999998 0.0035139999999999998 0.30234900000000009 0.029457999999999995 0.012424999999999999 0 3
118 linear 3 0 0.60314199999999996 20.18598927029576 1 98 0.40777799999999997 0.015573 0.14275599999999997 0.0064819999999999999 0.001369 0.0040210000000000003 0.010691000000000001 0.17921599999999999 0.086831000000000005 0 0.026138000000000002 0.00077999999999999999 0.0010549999999999999 0.00071900000000000002 0.0040810000000000004 0.064300000000000024 0.041502999999999984 0.011823999999999999 0 0
118 linear 3 7 0.47193400000000002 20.644342579250093 1 98 0.26617099999999999 0.014966 0.15382900000000002 0.005672 0.0016390000000000003 0.0027729999999999999 0.010808999999999999 0.052756999999999998 0.075885999999999995 0 0.025745000000000001 0.00075000000000000002 0.0010509999999999999 0.00075600000000000005 0.0038630000000000001 0.076496999999999968 0.04113 0.011646999999999991 0 1
118 linear 3 15 0.44234000000000001 21.32335468517503 1 98 0.23819299999999999 0.013329000000000001 0.15600899999999995 0.0055590000000000006 0.0012770000000000001 0.002552 0.0092630000000000004 0.048318 0.061983000000000003 0 0.025491 0.00070699999999999995 0.00098999999999999999 0.000754 0.0035300000000000002 0.081531999999999979 0.038876999999999974 0.011413000000000003 0 2
118 linear 3 23 0.44627099999999997 22.291323218736913 1 97 0.22913600000000001 0.014002000000000001 0.16930100000000001 0.005287 0.00109 0.0024239999999999999 0.0092560000000000003 0.051364 0.051374000000000003 0 0.025117 0.00074600000000000003 0.00095800000000000008 0.00068400000000000004 0.003408 0.096491999999999967 0.037679000000000004 0.011284999999999996 0 3
118 linear 4 0 0.475468 7.3898822626083893 1 53 0.37294500000000003 0.0086680000000000004 0.071600999999999998 0.0037130000000000002 0.00072500000000000006 0.0026120000000000002 0.010134000000000001 0.177901 0.073354000000000003 0 0.025655000000000001 0.00076000000000000004 0.00061999999999999989 0.0013619999999999999 0.0033540000000000002 0.032038999999999998 0.018130999999999998 0.0060490000000000006 0 0
118 linear 4 7 0.37244300000000002 7.3337784767533183 1 53 0.24845200000000001 0.0082690000000000003 0.094094999999999984 0.0033050000000000002 0.00068000000000000005 0.0024849999999999998 0.0095250000000000005 0.046698999999999997 0.083236000000000004 0 0.025305000000000001 0.000803 0.00062399999999999999 0.0012700000000000001 0.0032260000000000006 0.054546999999999991 0.018253999999999996 0.0060660000000000011 0 1
118 linear 4 15 0.35205900000000001 7.2708826679336918 1 53 0.23633699999999999 0.0081600000000000006 0.086484999999999992 0.0030560000000000006 0.00063499999999999993 0.0024369999999999999 0.0091789999999999997 0.049439999999999998 0.071969000000000005 0 0.024750999999999999 0.00077999999999999999 0.00065099999999999999 0.0011130000000000001 0.0031880000000000007 0.046025999999999997 0.019175999999999999 0.0060760000000000033 0 2
118 linear 4 23 0.35240300000000002 7.2093405187869353 1 53 0.23202800000000001 0.0081980000000000004 0.091174999999999992 0.003104 0.00059899999999999992 0.002215 0.0088430000000000002 0.048521000000000002 0.071668999999999997 0 0.024562 0.00069099999999999999 0.00067000000000000002 0.001121 0.0029889999999999995 0.05070100000000001 0.019153000000000003 0.0060640000000000008 0 3
118 uniform 0 0 0.48861300000000002 195.45538424375934 1 81 0.33707700000000002 0.010668 0.11755700000000005 0.0041149999999999997 0.0011980000000000001 0.0027759999999999998 0.010689000000000001 0.183589 0.023785000000000001 0 0.030667 0.00092199999999999997 0.00059400000000000002 0.0011800000000000001 0.003362 0.078098000000000029 0.026268999999999997 0 0 0
118 uniform 0 7 0.52157399999999998 186.35777267983966 1 81 0.19972000000000001 0.010696000000000001 0.28530700000000003 0.003862 0.0010679999999999999 0.0026870000000000002 0.010239 0.051309 0.023290000000000002 0 0.027403 0.00082899999999999998 0.00064399999999999993 0.001209 0.0033859999999999993 0.24815499999999993 0.023814000000000016 0 0 1
118 uniform 0 15 0.50905500000000004 168.50687931045093 1 81 0.20411799999999999 0.017201000000000001 0.26065499999999997 0.0041240000000000001 0.001078 0.0025639999999999999 0.010281999999999999 0.051158000000000002 0.023137000000000001 0 0.027157000000000001 0.00081099999999999998 0.00080500000000000005 0.001152 0.0035659999999999997 0.22309400000000007 0.024460999999999997 0 0 2
118 uniform 0 23 0.48272700000000002 150.46357510862936 1 73 0.199577 0.013365999999999999 0.24572399999999997 0.0034260000000000002 0.00077100000000000009 0.0023760000000000001 0.0091819999999999992 0.051154999999999999 0.022672999999999999 0 0.026962 0.000776 0.00075300000000000009 0.001003 0.0033470000000000006 0.21185499999999999 0.022195999999999994 0 0 3
118 uniform 1 0 0.51104499999999997 25.582239074424233 1 74 0.37136000000000002 0.012243 0.10254300000000001 0.0036219999999999998 0.0010809999999999999 0.0027729999999999999 0.010356000000000001 0.17430499999999999 0.067142999999999994 0 0.026165999999999998 0.00075100000000000004 0.00081499999999999997 0.0011800000000000001 0.0033559999999999996 0.063292000000000001 0.028180999999999994 0 0 0
118 uniform 1 7 0.38996399999999998 25.401661840899862 1 74 0.23012299999999999 0.011811 0.12350899999999998 0.003555 0.00088000000000000003 0.002663 0.010108000000000001 0.049305000000000002 0.055174000000000001 0 0.025551000000000001 0.00074600000000000003 0.0008119999999999999 0.001054 0.0032280000000000004 0.084591 0.027836999999999997 0 0 1
118 uniform 1 15 0.4032 25.119293127196372 1 74 0.244975 0.011816 0.12182700000000007 0.0035720000000000001 0.00089099999999999987 0.0026440000000000001 0.0099159999999999995 0.051353000000000003 0.065697000000000005 0 0.026218000000000002 0.00069999999999999999 0.00077700000000000002 0.0010809999999999999 0.0033649999999999999 0.085363999999999982 0.025415000000000007 0 0 2
118 uniform 1 23 0.39677600000000002 24.763865668666337 1 74 0.23903099999999999 0.011473000000000001 0.122141 0.0032060000000000001 0.00093700000000000012 0.002366 0.0093170000000000006 0.051115000000000001 0.065505999999999995 0 0.025864000000000002 0.00073999999999999999 0.00080899999999999993 0.00096299999999999999 0.0031770000000000001 0.083679999999999977 0.027387000000000015 0 0 3
118 uniform 2 0 0.45342399999999999 41.102825617710394 1 52 0.34873399999999999 0.012905 0.07138899999999998 0.00282 0.00084800000000000001 0.002725 0.010459 0.182784 0.033901000000000001 0 0.026953000000000001 0.000803 0.00077700000000000002 0.001103 0.0034040000000000008 0.049027000000000001 0.014585999999999998 0 0 0
118 uniform 2 7 0.37886799999999998 45.454316907811965 1 52 0.20782 0.012392 0.13824799999999998 0.0028530000000000001 0.00077700000000000002 0.002712 0.0099629999999999996 0.051116000000000002 0.031389 0 0.026350999999999999 0.00076099999999999996 0.00076400000000000003 0.00087900000000000001 0.0033239999999999997 0.11679299999999999 0.013644 0 0 1
118 uniform 2 15 0.36895 50.430871512845854 1 52 0.20341799999999999 0.012458 0.13294099999999998 0.0028389999999999999 0.00074899999999999999 0.0025479999999999999 0.0094190000000000003 0.051156 0.031015999999999998 0 0.025864000000000002 0.00071599999999999995 0.00077800000000000005 0.00095 0.0031970000000000002 0.11124599999999998 0.013786000000000007 0 0 2
118 uniform 2 23 0.39026100000000002 55.407187262264927 1 52 0.206986 0.012154999999999999 0.14982500000000001 0.0032669999999999999 0.000696 0.0023019999999999998 0.0093010000000000002 0.051121 0.031592000000000002 0 0.026110000000000001 0.00075699999999999997 0.00082600000000000002 0.00093199999999999999 0.0033090000000000003 0.12376399999999999 0.018056000000000006 0 0 3
118 uniform 3 0 0.53825000000000001 20.257587838771169 1 82 0.39795000000000003 0.014059 0.097741999999999996 0.0043639999999999998 0.001163 0.002794 0.010403000000000001 0.17838100000000001 0.084419999999999995 0 0.025919999999999999 0.000727 0.00099200000000000004 0.000745 0.0037510000000000004 0.051643999999999982 0.033838 0 0 0
118 uniform 3 7 0.39996500000000001 20.735495780948206 1 74 0.25456800000000002 0.013761000000000001 0.10575499999999996 0.0035269999999999998 0.00088000000000000003 0.0026649999999999998 0.0094230000000000008 0.051297000000000002 0.072974999999999998 0 0.025752000000000001 0.00068599999999999998 0.0010300000000000001 0.00072900000000000005 0.0035759999999999998 0.064301000000000011 0.030399000000000006 0 0 1
118 uniform 3 15 0.38180199999999997 21.451272957329746 1 74 0.23897499999999999 0.013398999999999999 0.10392100000000001 0.0034850000000000003 0.00089099999999999997 0.0024680000000000001 0.0094369999999999992 0.048274999999999998 0.062526999999999999 0 0.025718999999999999 0.00072800000000000002 0.001 0.00072599999999999997 0.0035060000000000004 0.063343999999999998 0.02945299999999999 0 0 2
118 uniform 3 23 0.389878 22.495527753712672 1 81 0.229379 0.013838 0.11945199999999999 0.003676 0.00098799999999999995 0.002477 0.0092010000000000008 0.051681999999999999 0.051541999999999998 0 0.02513 0.00074100000000000001 0.00098299999999999993 0.00070299999999999996 0.0034689999999999999 0.076757999999999979 0.030507999999999997 0 0 3
118 uniform 4 0 0.43922299999999997 7.3989544325345751 1 37 0.37438199999999999 0.0085199999999999998 0.041273000000000011 0.0021129999999999999 0.0005350000000000001 0.0025630000000000002 0.010008 0.18057200000000001 0.072821999999999998 0 0.025454999999999998 0.00070500000000000001 0.00061899999999999998 0.001273 0.0032380000000000004 0.023635000000000007 0.012028999999999998 0 0 0
118 uniform 4 7 0.318523 7.3424529177894327 1 37 0.24834999999999999 0.0082279999999999992 0.047363999999999996 0.0018059999999999999 0.00048300000000000003 0.002676 0.010274999999999999 0.046928999999999998 0.083289000000000002 0 0.024850000000000001 0.00078899999999999999 0.00061499999999999999 0.0011360000000000001 0.0031389999999999994 0.029813999999999997 0.011860999999999998 0 0 1
118 uniform 4 15 0.31228899999999998 7.2791206101952364 1 37 0.23646500000000001 0.008116 0.047712999999999998 0.0018600000000000001 0.00045599999999999997 0.0023210000000000001 0.0094120000000000002 0.049265999999999997 0.071765999999999996 0 0.024986999999999999 0.00072400000000000003 0.00063000000000000003 0.0011150000000000001 0.0030170000000000002 0.029134 0.012889000000000001 0 0 2
118 uniform 4 23 0.32501600000000003 7.2171612852355675 1 37 0.23353599999999999 0.0091640000000000003 0.065382999999999983 0.0018600000000000001 0.00046900000000000002 0.002199 0.0089200000000000008 0.048272000000000002 0.072397000000000003 0 0.024431000000000001 0.00076400000000000003 0.00068199999999999999 0.00099700000000000006 0.0033369999999999993 0.040022000000000002 0.016780000000000003 0 0 3
119 linear 0 0 0.77410699999999999 2.0288785213388665 1 117 0.41079900000000003 0.013916 0.30669000000000007 0.0088800000000000007 0.0018410000000000002 0.0042170000000000003 0.010699 0.15143499999999999 0.024032000000000001 0 0.026838999999999998 0.00092100000000000005 0.096412000000000012 0.001075 0.0044860000000000004 0.096901000000000043 0.039179999999999986 0.012114 0 0
119 linear 0 7 0.53113500000000002 2.0485000198997252 1 109 0.20294699999999999 0.013955 0.27845799999999987 0.005646 0.001408 0.003094 0.012359 0.02393 0.024080000000000001 0 0.027075999999999999 0.000901 0.011222000000000001 0.001124 0.0057599999999999995 0.095381999999999939 0.033211000000000004 0.011221 0 1
119 linear 0 15 0.56062000000000001 2.0673596452868006 1 102 0.28478500000000001 0.011068 0.23198099999999991 0.0049900000000000005 0.001379 0.0030439999999999998 0.012300999999999999 0.022943000000000002 0.024369999999999999 0 0.026564000000000001 0.00079900000000000001 0.098330000000000015 0.0011180000000000001 0.0040549999999999996 0.076100000000000015 0.029958999999999972 0.011035000000000001 0 2
119 linear 0 23 0.78586900000000004 2.0815595802823115 1 125 0.420514 0.012773 0.31207700000000005 0.0073419999999999987 0.0016080000000000001 0.0027620000000000001 0.010569 0.021731 0.020782999999999999 0 0.025623 0.00074100000000000001 0.24688499999999999 0.0010740000000000001 0.0040560000000000006 0.093520999999999979 0.037533000000000004 0.012546000000000002 0 3
119 linear 1 0 0.68269400000000002 14.54666921426726 1 81 0.456455 0.0093779999999999992 0.18980399999999997 0.0046909999999999999 0.00125 0.0029550000000000002 0.011523 0.13270599999999999 0.022318999999999999 0 0.028209000000000001 0.00095500000000000001 0.16968 0.00098499999999999998 0.0032790000000000002 0.086428000000000019 0.027963999999999975 0.013312000000000003 0 0
119 linear 1 7 0.55669900000000005 14.094471793660439 1 81 0.32447700000000002 0.0089879999999999995 0.19720599999999999 0.0042330000000000007 0.00097000000000000005 0.0029979999999999998 0.010892000000000001 0.0062760000000000003 0.021944999999999999 0 0.027716999999999999 0.00096599999999999995 0.167765 0.00077800000000000005 0.0030090000000000004 0.09475699999999998 0.027990999999999971 0.013323999999999999 0 1
119 linear 1 15 0.60485100000000003 13.343114599044664 1 104 0.32567800000000002 0.0092540000000000001 0.23654800000000006 0.005646 0.0012679999999999998 0.002849 0.011344999999999999 0.0050850000000000001 0.021283 0 0.027664999999999999 0.00085700000000000001 0.17068 0.00081099999999999998 0.0030969999999999995 0.10174199999999996 0.038171999999999914 0.018855000000000004 0 2
119 linear 1 23 0.61638999999999999 12.313689228023401 1 95 0.366147 0.0094330000000000004 0.21089999999999995 0.0046220000000000002 0.00141 0.002696 0.010836 0.0065750000000000001 0.022804000000000001 0 0.030189000000000001 0.00092800000000000001 0.20685799999999999 0.001078 0.0031739999999999997 0.094134999999999983 0.033010999999999936 0.016646999999999999 0 3
119 linear 2 0 0.46113199999999999 1.74106978936555 1 68 0.31962800000000002 0.0088430000000000002 0.10624399999999999 0.0051849999999999995 0.00097799999999999992 0.0029090000000000001 0.011218000000000001 0.16514000000000001 0.023026999999999999 0 0.025874000000000001 0.00088699999999999998 0.0026510000000000001 0.0013879999999999999 0.0033850000000000004 0.05541999999999999 0.022587999999999994 0.011732000000000001 0 0
119 linear 2 7 0.35592400000000002 1.7706716773305042 1 100 0.179595 0.008855 0.13258999999999999 0.0083350000000000004 0.0010379999999999999 0.0030049999999999999 0.011126 0.028608000000000001 0.022832999999999999 0 0.026720000000000001 0.00086300000000000005 0.0020040000000000001 0.00123 0.0032890000000000003 0.06711499999999998 0.030045999999999993 0.012467000000000002 0 1
119 linear 2 15 0.29533700000000002 1.8108281860159023 1 68 0.17139199999999999 0.0084670000000000006 0.092056999999999986 0.0041209999999999997 0.00085899999999999995 0.0027330000000000002 0.010900999999999999 0.023359000000000001 0.022422000000000001 0 0.026258 0.00080999999999999996 0.0019299999999999999 0.0010920000000000001 0.0032270000000000003 0.047653000000000001 0.020214000000000003 0.0086569999999999998 0 2
119 linear 2 23 0.30258400000000002 1.8550943082218485 1 68 0.16845199999999999 0.0083759999999999998 0.10283500000000005 0.0037929999999999999 0.001119 0.0026090000000000002 0.010488000000000001 0.022202 0.022393 0 0.026224999999999998 0.00075199999999999996 0.0020690000000000001 0.001073 0.003078 0.056747999999999986 0.019265999999999998 0.0086239999999999997 0 3
119 linear 3 0 0.36621199999999998 1.4131328226780524 1 45 0.28484999999999999 0.0084469999999999996 0.054971999999999993 0.0027910000000000001 0.000718 0.0029220000000000001 0.010684000000000001 0.135042 0.023132 0 0.026306 0.00087299999999999997 0.002117 0.00117 0.0033459999999999996 0.026354000000000002 0.012614 0.0056580000000000007 0 0
119 linear 3 7 0.24801200000000001 1.4256639459177045 1 45 0.16367200000000001 0.0083510000000000008 0.05783700000000002 0.0026719999999999999 0.00061200000000000002 0.0028570000000000002 0.010560999999999999 0.014567999999999999 0.022381999999999999 0 0.025804000000000001 0.00091100000000000003 0.002078 0.001237 0.0031570000000000001 0.029001000000000002 0.012995 0.0056220000000000011 0 1
119 linear 3 15 0.27415299999999998 1.4414608416009533 1 61 0.16438 0.0082529999999999999 0.076459000000000013 0.0042469999999999999 0.00075200000000000006 0.002702 0.01072 0.018110999999999999 0.022846000000000002 0 0.026054999999999998 0.00080500000000000005 0.0019859999999999999 0.0010679999999999999 0.0031199999999999999 0.038414999999999998 0.017086 0.0072590000000000016 0 2
119 linear 3 23 0.29530200000000001 1.4598471958700145 1 68 0.169185 0.0085419999999999992 0.091831999999999969 0.0045079999999999999 0.00096299999999999999 0.0025469999999999998 0.010465 0.018173999999999999 0.029193 0 0.025416999999999999 0.00076199999999999998 0.001872 0.0010280000000000001 0.003163 0.047772000000000037 0.020644999999999997 0.0080940000000000005 0 3
119 linear 4 0 0.42236200000000002 5.0848108810899051 1 67 0.305564 0.0088699999999999994 0.087765000000000051 0.0037569999999999999 0.00089400000000000005 0.0027780000000000001 0.010828000000000001 0.15229799999999999 0.023748999999999999 0 0.027541 0.00085400000000000005 0.00214 0.00107 0.0029919999999999999 0.049243000000000009 0.015383000000000003 0.0079690000000000039 0 0
119 linear 4 7 0.40475499999999998 4.8318905251981086 1 67 0.271731 0.0086440000000000006 0.10396899999999999 0.003869 0.00083100000000000003 0.0027560000000000002 0.010441000000000001 0.018419999999999999 0.021326999999999999 0 0.027307999999999999 0.00080099999999999995 0.10780000000000001 0.001003 0.0029450000000000001 0.065803999999999988 0.015178000000000001 0.0079550000000000003 0 1
119 linear 4 15 0.39369599999999999 4.5566396921819585 1 67 0.26937299999999997 0.0085810000000000001 0.096006000000000008 0.0034320000000000002 0.00080899999999999993 0.0028180000000000002 0.010813 0.016455000000000001 0.021311 0 0.027861 0.00085800000000000004 0.10661 0.00092800000000000001 0.0029680000000000006 0.057989000000000006 0.015171999999999998 0.0079480000000000002 0 2
119 linear 4 23 0.43697999999999998 4.299323139323743 1 75 0.29920099999999999 0.0084200000000000004 0.10689399999999999 0.0040720000000000001 0.00095200000000000005 0.0026640000000000001 0.010349000000000001 0.017420999999999999 0.020957 0 0.027970999999999999 0.00082399999999999997 0.13785800000000001 0.00091699999999999995 0.0028660000000000001 0.063398999999999997 0.018037999999999998 0.0088979999999999997 0 3
119 uniform 0 0 0.59264300000000003 1.9924777742815349 1 109 0.40911399999999998 0.012988 0.13584000000000004 0.005187999999999999 0.0015739999999999999 0.003075 0.011337 0.15323800000000001 0.021600999999999999 0 0.026814999999999999 0.00090499999999999999 0.096360000000000001 0.001052 0.0043760000000000005 0.085169000000000009 0.034702999999999991 0 0 0
119 uniform 0 7 0.37236999999999998 2.0159259894103254 1 109 0.18775900000000001 0.012406 0.13905599999999996 0.004542 0.001194 0.002846 0.010748000000000001 0.022350999999999999 0.021186 0 0.02647 0.00072599999999999997 0.011133000000000001 0.0011280000000000001 0.0040119999999999991 0.090748999999999996 0.032274999999999977 0 0 1
119 uniform 0 15 0.43279699999999999 2.0412709671669993 1 102 0.273928 0.010992 0.11632199999999997 0.0041550000000000007 0.0012669999999999999 0.0026640000000000001 0.010663000000000001 0.021284999999999998 0.023269999999999999 0 0.026133 0.00076599999999999997 0.098031999999999994 0.00095500000000000001 0.0036100000000000004 0.071625999999999954 0.029846999999999992 0 0 2
119 uniform 0 23 0.61860099999999996 2.0638649258330699 1 125 0.41721000000000003 0.012430999999999999 0.15048099999999998 0.0058950000000000009 0.00156 0.0026559999999999999 0.010312999999999999 0.021562000000000001 0.020556999999999999 0 0.025736999999999999 0.000745 0.24665500000000001 0.00097199999999999999 0.0039170000000000003 0.091847999999999985 0.040073999999999985 0 0 3
119 uniform 1 0 0.62122900000000003 13.964595943421154 1 81 0.458264 0.0092460000000000007 0.12766900000000003 0.0040599999999999994 0.001103 0.0028050000000000002 0.011198 0.132021 0.022643 0 0.027800999999999999 0.00084699999999999999 0.169431 0.001008 0.0032450000000000005 0.085664000000000018 0.028040999999999962 0 0 0
119 uniform 1 7 0.50213300000000005 13.649396112859245 1 81 0.318137 0.010357999999999999 0.14744700000000005 0.0039100000000000003 0.001098 0.0028180000000000002 0.010718999999999999 0.0060229999999999997 0.021797 0 0.02743 0.00089999999999999998 0.162105 0.000736 0.0029149999999999992 0.103218 0.029877000000000029 0 0 1
119 uniform 1 15 0.538497 13.109615032848275 1 104 0.33100299999999999 0.010599000000000001 0.16411000000000001 0.0050849999999999992 0.001256 0.0026770000000000001 0.012189 0.0048609999999999999 0.024523 0 0.027515000000000001 0.00083199999999999995 0.17056399999999999 0.00073700000000000002 0.0031020000000000006 0.10481800000000004 0.040161999999999962 0 0 2
119 uniform 1 23 0.56704299999999996 12.331905438250093 1 95 0.37709599999999999 0.010958000000000001 0.14837099999999995 0.0044479999999999997 0.0012869999999999999 0.0025660000000000001 0.011998999999999999 0.0066189999999999999 0.024792000000000002 0 0.027696999999999999 0.00088699999999999998 0.21177000000000001 0.0011609999999999999 0.0034289999999999998 0.097386999999999946 0.034164000000000014 0 0 3
119 uniform 2 0 0.44639299999999998 1.7501498380668417 1 68 0.32354899999999998 0.0088710000000000004 0.088184999999999999 0.0045269999999999998 0.00092399999999999991 0.0029420000000000002 0.012527 0.16583100000000001 0.024920000000000001 0 0.025985999999999999 0.00088400000000000002 0.0025600000000000002 0.0012849999999999999 0.0032700000000000003 0.055463999999999992 0.022508000000000004 0 0 0
119 uniform 2 7 0.332426 1.7792183645492883 1 100 0.174868 0.0086320000000000008 0.11387299999999999 0.0079380000000000006 0.001152 0.0027650000000000001 0.010415000000000001 0.028580000000000001 0.021512 0 0.025742999999999999 0.00084500000000000005 0.0018939999999999999 0.0012290000000000001 0.0030899999999999999 0.068860999999999978 0.030081999999999984 0 0 1
119 uniform 2 15 0.28631200000000001 1.819104408372318 1 68 0.17427100000000001 0.0087799999999999996 0.079168000000000002 0.0041720000000000004 0.00097300000000000002 0.0026589999999999999 0.010775 0.023115 0.021205000000000002 0 0.026405000000000001 0.00081800000000000004 0.0019390000000000002 0.001255 0.0030690000000000001 0.048677000000000026 0.020341999999999982 0 0 2
119 uniform 2 23 0.28562100000000001 1.863104705441208 1 68 0.16816900000000001 0.0085199999999999998 0.08597500000000001 0.0036909999999999998 0.00090600000000000001 0.002696 0.010513 0.022123 0.021083000000000001 0 0.025581 0.00085400000000000005 0.0020839999999999999 0.001165 0.0030600000000000007 0.056467000000000003 0.019354999999999997 0 0 3
119 uniform 3 0 0.35945100000000002 1.4153414696631037 1 45 0.283053 0.0084679999999999998 0.045171000000000003 0.0025849999999999996 0.00072499999999999995 0.0029069999999999999 0.010369 0.134962 0.021693 0 0.026143 0.00085099999999999998 0.002088 0.0012260000000000001 0.0032859999999999999 0.026070000000000003 0.012356000000000002 0 0 0
119 uniform 3 7 0.233627 1.4280090712102818 1 45 0.158197 0.008293 0.04900899999999999 0.0024289999999999997 0.00070899999999999999 0.002794 0.010340999999999999 0.014527999999999999 0.020927000000000001 0 0.025288000000000001 0.00077499999999999997 0.002042 0.0010970000000000001 0.0030560000000000006 0.029097999999999992 0.013192000000000001 0 0 1
119 uniform 3 15 0.234398 1.4439805329725013 1 45 0.16019600000000001 0.0082140000000000008 0.048267999999999991 0.002398 0.00063100000000000005 0.002604 0.01022 0.017989000000000002 0.020941999999999999 0 0.025607999999999999 0.00075100000000000004 0.0019350000000000001 0.0010269999999999999 0.0030819999999999997 0.028712999999999999 0.012772 0 0 2
119 uniform 3 23 0.24554000000000001 1.4626786105425769 1 52 0.15978200000000001 0.0085970000000000005 0.058532999999999995 0.0027770000000000004 0.000745 0.002578 0.010062 0.017963 0.021122999999999999 0 0.025052000000000001 0.00077999999999999999 0.0018879999999999999 0.001091 0.0031979999999999999 0.034901000000000001 0.015815999999999997 0 0 3
119 uniform 4 0 0.41398600000000002 5.1093389246333478 1 67 0.310751 0.0088100000000000001 0.074472999999999984 0.0035690000000000001 0.00088400000000000002 0.0026979999999999999 0.011053 0.15254499999999999 0.021774999999999999 0 0.032516000000000003 0.00086899999999999998 0.0022199999999999998 0.0010529999999999999 0.0029810000000000001 0.048998999999999994 0.015395999999999988 0 0 0
119 uniform 4 7 0.38862400000000002 4.8523595266359427 1 67 0.27285999999999999 0.0086169999999999997 0.087498000000000006 0.0032609999999999996 0.00072400000000000003 0.0026229999999999999 0.01051 0.018474999999999998 0.021295000000000001 0 0.02776 0.00081300000000000003 0.10772499999999999 0.00101 0.0029779999999999997 0.062271999999999994 0.015171999999999998 0 0 1
119 uniform 4 15 0.38288899999999998 4.5733087168078272 1 67 0.26935700000000001 0.0085199999999999998 0.08562199999999999 0.0031600000000000005 0.00079300000000000009 0.002526 0.010378999999999999 0.016594000000000001 0.022579999999999999 0 0.027754999999999998 0.00085800000000000004 0.106516 0.00099799999999999997 0.0028479999999999998 0.05837599999999999 0.017231999999999994 0 0 2
119 uniform 4 23 0.42229800000000001 4.3129639374499531 1 75 0.29879 0.0083890000000000006 0.09304100000000004 0.0038229999999999996 0.00095800000000000008 0.0024880000000000002 0.010541 0.017344999999999999 0.022716 0 0.027123000000000001 0.00085999999999999998 0.13762199999999999 0.00094600000000000001 0.0027800000000000004 0.063953999999999997 0.017853999999999988 0 0 3
120 linear 0 0 0.50220399999999998 14.273478484565977 1 82 0.33955099999999999 0.011698 0.122252 0.0048639999999999994 0.0011929999999999998 0.0029680000000000002 0.011249 0.180286 0.023924000000000001 0 0.027316 0.00082100000000000001 0.0033549999999999999 0.0010139999999999999 0.0033229999999999996 0.057006000000000015 0.032101000000000011 0.0092730000000000017 0 0
120 linear 0 7 0.463474 13.532260052206141 1 82 0.20669999999999999 0.011077 0.21717099999999998 0.0045580000000000013 0.0011169999999999999 0.0027079999999999999 0.010253 0.052863 0.022995000000000002 0 0.026393 0.00079000000000000001 0.0034420000000000002 0.00096400000000000001 0.003307 0.15084600000000001 0.033096000000000014 0.0092620000000000011 0 1
120 linear 0 15 0.46125100000000002 12.555929295047363 1 82 0.192998 0.01099 0.2294240000000001 0.004267 0.0010530000000000001 0.002457 0.0099710000000000007 0.044377 0.022872 0 0.026116 0.00082100000000000001 0.0032630000000000003 0.00086899999999999998 0.0032940000000000001 0.16410099999999994 0.032377000000000003 0.0092680000000000037 0 2
120 linear 0 23 0.44366800000000001 11.458116846501595 1 75 0.200345 0.010826000000000001 0.206092 0.0040409999999999995 0.0011979999999999998 0.0024520000000000002 0.0095309999999999995 0.051436999999999997 0.022924 0 0.028202000000000001 0.00068800000000000003 0.0033090000000000003 0.00091699999999999995 0.0032589999999999997 0.14726200000000003 0.028419999999999997 0.0084280000000000015 0 3
120 linear 1 0 0.47293000000000002 14.196732681042999 1 75 0.33819100000000002 0.011145 0.097626999999999978 0.0040349999999999995 0.001206 0.0028700000000000002 0.010276 0.18404999999999999 0.023421999999999998 0 0.026185 0.000767 0.0040400000000000002 0.00097400000000000004 0.0033289999999999999 0.039127000000000016 0.027981000000000002 0.0084330000000000047 0 0
120 linear 1 7 0.40687899999999999 14.905286971166504 1 75 0.21163199999999999 0.011042 0.15784800000000007 0.0042989999999999999 0.001108 0.0026489999999999999 0.0097689999999999999 0.051157000000000001 0.023803999999999999 0 0.026280000000000001 0.00074899999999999999 0.0040619999999999996 0.00097300000000000002 0.0035099999999999997 0.097483000000000042 0.029983000000000013 0.0084390000000000003 0 1
120 linear 1 15 0.38525199999999998 15.704273524264984 1 75 0.199318 0.010782 0.14913199999999999 0.0037689999999999998 0.0011459999999999999 0.0025400000000000002 0.0092770000000000005 0.05126 0.020896000000000001 0 0.025864999999999999 0.00074200000000000004 0.0039189999999999997 0.000959 0.0033580000000000003 0.091109000000000009 0.02768000000000001 0.0084450000000000011 0 2
120 linear 1 23 0.37540899999999999 16.490333969163803 1 75 0.196043 0.010495000000000001 0.14325599999999997 0.0038879999999999995 0.0010040000000000001 0.0024190000000000001 0.0089210000000000001 0.051054000000000002 0.021118000000000001 0 0.025659999999999999 0.00079000000000000001 0.0038969999999999999 0.00088400000000000002 0.0032670000000000004 0.08468700000000004 0.028229999999999984 0.0084760000000000044 0 3
120 linear 2 0 0.74731000000000003 14.518212022293874 1 68 0.60042499999999999 0.010873000000000001 0.10868699999999998 0.0046250000000000006 0.00092499999999999993 0.0027620000000000001 0.010155000000000001 0.18387500000000001 0.063716999999999996 0 0.026474000000000001 0.00084199999999999998 0.22725499999999998 0.001041 0.003581 0.053314 0.026685999999999998 0.007605000000000005 0 0
120 linear 2 7 0.67766499999999996 14.348593765001286 1 68 0.47713499999999998 0.010848999999999999 0.16256600000000002 0.0043340000000000002 0.00087300000000000008 0.0027889999999999998 0.010096000000000001 0.051129000000000001 0.062731999999999996 0 0.026335999999999998 0.000745 0.22847300000000001 0.0011479999999999999 0.0034219999999999997 0.10610299999999998 0.027976000000000011 0.0076259999999999991 0 1
120 linear 2 15 0.68865600000000005 14.156877083961666 1 68 0.49415500000000001 0.013254999999999999 0.15428099999999995 0.0041119999999999993 0.00088400000000000002 0.002532 0.0096419999999999995 0.050993999999999998 0.072442999999999994 0 0.025943000000000001 0.00065899999999999997 0.24819100000000002 0.00098499999999999998 0.0032370000000000003 0.098890000000000033 0.026405000000000008 0.0075910000000000031 0 2
120 linear 2 23 0.64038099999999998 13.967515342882264 1 68 0.44418000000000002 0.010547000000000001 0.15882699999999991 0.00413 0.00087000000000000001 0.0024459999999999998 0.009299 0.051334999999999999 0.082649 0 0.025441999999999999 0.00072000000000000005 0.18997700000000003 0.00098999999999999999 0.0031550000000000003 0.10249500000000003 0.027428000000000011 0.0076220000000000038 0 3
120 linear 3 0 0.68752599999999997 451.83937717207391 1 52 0.56889100000000004 0.0072030000000000002 0.092831000000000052 0.0029579999999999997 0.00064999999999999997 0.0027789999999999998 0.010709 0.19023699999999999 0.033626999999999997 0 0.026117999999999999 0.00080099999999999995 0.220472 0.0011670000000000001 0.0028149999999999994 0.056388000000000021 0.016768000000000009 0.0060590000000000019 0 0
120 linear 3 7 0.64214400000000005 463.63288003879967 1 52 0.424066 0.0081899999999999994 0.19018699999999999 0.0029350000000000001 0.00072499999999999995 0.0027060000000000001 0.0098359999999999993 0.051261000000000001 0.031912999999999997 0 0.02554 0.00076300000000000001 0.22003800000000001 0.0010330000000000001 0.0028339999999999997 0.15427800000000005 0.017097999999999999 0.0063939999999999986 0 1
120 linear 3 15 0.60495500000000002 476.63347394753703 1 52 0.399696 0.0080149999999999996 0.17835899999999999 0.0026379999999999997 0.00057800000000000006 0.0024239999999999999 0.010813 0.052845999999999997 0.034981999999999999 0 0.025269 0.00076999999999999996 0.19216800000000001 0.00085700000000000001 0.0029710000000000006 0.14270400000000003 0.017029000000000009 0.0063509999999999947 0 2
120 linear 3 23 0.490448 488.86923491565801 1 44 0.338225 0.0078750000000000001 0.12973400000000002 0.002222 0.00062 0.0023159999999999999 0.010559000000000001 0.052448000000000002 0.035236999999999997 0 0.026311999999999999 0.000767 0.13277299999999997 0.00079900000000000001 0.00264 0.098184999999999981 0.016519999999999996 0.0052100000000000011 0 3
120 linear 4 0 0.454735 4.6529720436787843 1 61 0.33876099999999998 0.0086049999999999998 0.082910000000000011 0.0036280000000000001 0.0008650000000000001 0.0028860000000000001 0.010451 0.18362800000000001 0.032561 0 0.025656999999999999 0.00087799999999999998 0.0018890000000000001 0.001091 0.0031940000000000007 0.032714000000000007 0.022858999999999994 0.0067800000000000013 0 0
120 linear 4 7 0.36651400000000001 4.6428736678985247 1 61 0.20232700000000001 0.0084779999999999994 0.130408 0.003999 0.00091099999999999992 0.0027650000000000001 0.0097509999999999993 0.051019000000000002 0.031690000000000003 0 0.025590999999999999 0.00087600000000000004 0.0019170000000000003 0.0011039999999999999 0.0032219999999999996 0.078101999999999991 0.025031999999999992 0.0067740000000000031 0 1
120 linear 4 15 0.35631699999999999 4.6313801087565398 1 61 0.200767 0.0081169999999999992 0.122961 0.0037290000000000001 0.00076800000000000002 0.0026679999999999998 0.010031999999999999 0.051387000000000002 0.031653000000000001 0 0.025346 0.00083900000000000001 0.0018680000000000003 0.0010460000000000001 0.0029480000000000001 0.074004999999999987 0.021846999999999995 0.0067830000000000017 0 2
120 linear 4 23 0.36070099999999999 4.6199369797754022 1 61 0.19761500000000001 0.0081910000000000004 0.13064699999999999 0.0036930000000000001 0.00072599999999999997 0.0025609999999999999 0.0092130000000000007 0.051362999999999999 0.031192000000000001 0 0.025099 0.00078600000000000002 0.0018799999999999997 0.001023 0.0029420000000000002 0.080748999999999987 0.022744000000000004 0.0067749999999999998 0 3
120 uniform 0 0 0.47784700000000002 13.833016717601424 1 82 0.33673799999999998 0.011436 0.10171700000000002 0.0042300000000000003 0.001255 0.0028609999999999998 0.010421 0.18402199999999999 0.021684999999999999 0 0.026623000000000001 0.00076199999999999998 0.0033640000000000002 0.00099299999999999996 0.00348 0.05737900000000002 0.031993000000000021 0 0 0
120 uniform 0 7 0.43262699999999998 13.16059904301229 1 82 0.19772799999999999 0.011200999999999999 0.1959220000000001 0.0040239999999999998 0.001085 0.0025200000000000001 0.0098429999999999993 0.048644 0.021021000000000001 0 0.026237 0.00083500000000000002 0.0033639999999999998 0.00087500000000000002 0.0033509999999999998 0.15034399999999998 0.033105000000000009 0 0 1
120 uniform 0 15 0.442166 12.29518219517983 1 82 0.19456699999999999 0.010909 0.20904999999999993 0.0040029999999999996 0.0010630000000000001 0.0023679999999999999 0.0094560000000000009 0.044547000000000003 0.021264000000000002 0 0.025988000000000001 0.00068900000000000005 0.003274 0.00097599999999999998 0.0033029999999999999 0.16434700000000002 0.032430999999999995 0 0 2
120 uniform 0 23 0.42262300000000003 11.333492552152483 1 75 0.19769600000000001 0.010949 0.187581 0.0038690000000000005 0.0010319999999999999 0.0023159999999999999 0.0092569999999999996 0.051316000000000001 0.022894999999999999 0 0.025402999999999998 0.00073999999999999999 0.0033379999999999998 0.000919 0.0033029999999999995 0.14770599999999998 0.028641000000000003 0 0 3
120 uniform 1 0 0.448828 14.677302302428561 1 67 0.34295999999999999 0.011089999999999999 0.071968000000000004 0.0033060000000000003 0.0009059999999999999 0.0027039999999999998 0.010347 0.184141 0.023220000000000001 0 0.026679999999999999 0.00076199999999999998 0.0040420000000000005 0.00087600000000000004 0.0034340000000000004 0.036477999999999997 0.025488000000000007 0 0 0
120 uniform 1 7 0.35738399999999998 15.313040367520991 1 67 0.202824 0.010827 0.12115400000000001 0.0030709999999999999 0.00080800000000000002 0.0024750000000000002 0.0095149999999999992 0.051161999999999999 0.023474999999999999 0 0.026289 0.00077700000000000002 0.003921 0.00088000000000000003 0.0033870000000000003 0.084007000000000012 0.027149999999999987 0 0 1
120 uniform 1 15 0.34612100000000001 16.024908564171323 1 67 0.20005800000000001 0.010683 0.113372 0.0028800000000000002 0.00083000000000000001 0.0024599999999999999 0.009214 0.051131999999999997 0.023352000000000001 0 0.025885999999999999 0.00079199999999999995 0.0039120000000000005 0.00090799999999999995 0.0032879999999999997 0.078241000000000019 0.025141000000000007 0 0 2
120 uniform 1 23 0.33723999999999998 16.720826679060707 1 67 0.200571 0.01059 0.10399199999999999 0.0029329999999999998 0.00085300000000000003 0.0023270000000000001 0.0088229999999999992 0.051057999999999999 0.022887000000000001 0 0.029367000000000001 0.00080800000000000002 0.003839 0.00085899999999999995 0.0032990000000000003 0.067841999999999986 0.026154000000000007 0 0 3
120 uniform 2 0 0.70547400000000005 15.636688127647275 1 52 0.60213799999999995 0.010813 0.072534000000000015 0.0027660000000000002 0.00073499999999999998 0.0027139999999999998 0.010217 0.183644 0.065565999999999999 0 0.026925999999999999 0.00080599999999999997 0.22747599999999998 0.0010480000000000001 0.0034600000000000004 0.045929999999999978 0.018787000000000005 0 0 0
120 uniform 2 7 0.61482599999999998 15.435313432486609 1 52 0.47359000000000001 0.010675 0.11041499999999997 0.0026040000000000004 0.00072300000000000001 0.002686 0.0099229999999999995 0.054382 0.063987000000000002 0 0.026252000000000001 0.00074700000000000005 0.228051 0.00109 0.0035139999999999998 0.083031999999999981 0.019554999999999996 0 0 1
120 uniform 2 15 0.63473599999999997 15.205222750588087 1 52 0.49790000000000001 0.010701 0.10630799999999999 0.0026260000000000003 0.000638 0.0026220000000000002 0.0094299999999999991 0.051063999999999998 0.073839000000000002 0 0.026110999999999999 0.00072499999999999995 0.25031100000000001 0.001011 0.0032299999999999998 0.079812000000000008 0.018234 0 0 2
120 uniform 2 23 0.58452400000000004 14.975198887842774 1 52 0.44411400000000001 0.010555999999999999 0.11018700000000001 0.0025470000000000002 0.00064999999999999997 0.002284 0.0091730000000000006 0.051327999999999999 0.082888000000000003 0 0.025422 0.00076099999999999996 0.19039999999999999 0.00101 0.0031710000000000002 0.082586000000000034 0.019432000000000001 0 0 3
120 uniform 3 0 0.64456800000000003 454.76853638730847 1 36 0.56393199999999999 0.0071019999999999998 0.061401999999999991 0.0018389999999999999 0.00058 0.0026519999999999998 0.010279 0.18778600000000001 0.033124000000000001 0 0.025741 0.00077200000000000001 0.22040499999999999 0.0011590000000000001 0.0029500000000000004 0.044006999999999991 0.011998000000000007 0 0 0
120 uniform 3 7 0.55694900000000003 466.75235909953938 1 36 0.42572300000000002 0.0080929999999999995 0.11094100000000001 0.001748 0.00046800000000000005 0.002601 0.0097059999999999994 0.0511 0.032309999999999998 0 0.025489000000000001 0.00074299999999999995 0.22024900000000003 0.001121 0.0030829999999999994 0.093079999999999996 0.012392 0 0 1
120 uniform 3 15 0.51855899999999999 479.94226605333802 1 36 0.393013 0.0077720000000000003 0.10591500000000001 0.001575 0.00040099999999999999 0.0025300000000000001 0.0096710000000000008 0.051376999999999999 0.031724000000000002 0 0.025364999999999999 0.00073700000000000002 0.19212399999999999 0.00091100000000000003 0.0027739999999999996 0.08841899999999997 0.012057000000000003 0 0 2
120 uniform 3 23 0.455899 492.32424499230308 1 36 0.32704899999999998 0.0077689999999999999 0.10935299999999999 0.001588 0.00039000000000000005 0.0023449999999999999 0.0091149999999999998 0.051055000000000003 0.031754999999999999 0 0.025006 0.00068000000000000005 0.13013200000000003 0.00083600000000000005 0.0025640000000000003 0.091772999999999993 0.012106 0 0 3
120 uniform 4 0 0.41064400000000001 4.65415967412825 1 45 0.33799499999999999 0.0086979999999999991 0.046275999999999998 0.0024169999999999999 0.00076099999999999996 0.0027729999999999999 0.010089000000000001 0.183673 0.032253999999999998 0 0.025856000000000001 0.00090399999999999996 0.0018979999999999999 0.001201 0.0033009999999999992 0.024337000000000008 0.015211000000000001 0 0 0
120 uniform 4 7 0.31401899999999999 4.6440502476562129 1 45 0.20286100000000001 0.00843 0.084359999999999991 0.0024840000000000001 0.00066799999999999997 0.0026900000000000001 0.0096530000000000001 0.051056999999999998 0.031549000000000001 0 0.025624000000000001 0.00081300000000000003 0.0019169999999999999 0.0011659999999999999 0.0032030000000000001 0.063459000000000002 0.014151999999999998 0 0 1
120 uniform 4 15 0.31040200000000001 4.6325441944062176 1 45 0.19826299999999999 0.012571000000000001 0.081903999999999977 0.0023059999999999999 0.00064400000000000004 0.0026120000000000002 0.0098029999999999992 0.050992000000000003 0.031095000000000001 0 0.024326 0.00075900000000000002 0.0018290000000000001 0.001023 0.0030150000000000003 0.060454999999999988 0.014482999999999998 0 0 2
120 uniform 4 23 0.35322199999999998 4.6210887140673842 1 45 0.19728599999999999 0.0092270000000000008 0.12355400000000001 0.002284 0.00065499999999999998 0.0023370000000000001 0.0089490000000000004 0.051196999999999999 0.031122 0 0.02445 0.00074299999999999995 0.0018279999999999998 0.001008 0.0032239999999999994 0.090527999999999983 0.020004999999999992 0 0 3
121 linear 0 0 0.59481200000000001 11.122022801208079 1 81 0.29679499999999998 0.010494 0.253276 0.00726 0.0013939999999999998 0.0039789999999999999 0.010664 0.146402 0.014019 0 0.028469000000000001 0.00086600000000000002 0.0024010000000000004 0.00091200000000000005 0.003738 0.10913700000000003 0.036523000000000021 0.017352000000000006 0 0
121 linear 0 7 0.51609400000000005 11.204212963849901 1 81 0.26901999999999998 0.010407 0.205484 0.0061030000000000008 0.0017590000000000001 0.0027920000000000002 0.011903 0.0075950000000000002 0.02462 0 0.027635 0.00089599999999999999 0.10406000000000001 0.00098799999999999995 0.0033439999999999998 0.087241999999999986 0.033197000000000004 0.013849000000000004 0 1
121 linear 0 15 0.40049099999999999 11.148529304846697 1 81 0.165239 0.010191 0.19759300000000005 0.0043149999999999994 0.0010400000000000001 0.0030270000000000002 0.012326999999999999 0.0076099999999999996 0.014189 0 0.029627000000000001 0.00093099999999999997 0.010619 0.00086600000000000002 0.0030580000000000004 0.083033999999999983 0.029868999999999968 0.013511000000000002 0 2
121 linear 0 23 0.57432499999999997 10.932150812018239 1 81 0.35174499999999997 0.0088979999999999997 0.18794499999999997 0.0042120000000000005 0.00096400000000000001 0.0027260000000000001 0.010524 0.0059480000000000002 0.01187 0 0.028334999999999999 0.00085599999999999999 0.20663199999999998 0.00090399999999999996 0.0029690000000000003 0.080839999999999995 0.029704999999999968 0.013310000000000001 0 3
121 linear 1 0 0.62330399999999997 9.6206229325690931 1 88 0.39031100000000002 0.0095940000000000001 0.19734600000000002 0.0041939999999999998 0.0011720000000000001 0.0026689999999999999 0.010883 0.13423099999999999 0.021637 0 0.027761999999999998 0.00082700000000000004 0.10324899999999999 0.0010380000000000001 0.0032100000000000002 0.087378999999999998 0.030031999999999972 0.014118999999999996 0 0
121 linear 1 7 0.39494400000000002 9.128001603535278 1 88 0.15795999999999999 0.0093369999999999998 0.20053699999999997 0.0046129999999999999 0.0011279999999999999 0.0026380000000000002 0.010628 0.0058089999999999999 0.021351999999999999 0 0.026873999999999999 0.00083799999999999999 0.0021689999999999999 0.0011130000000000001 0.0033560000000000009 0.087315999999999991 0.028861999999999971 0.014192000000000007 0 1
121 linear 1 15 0.45246599999999998 8.3644514170305388 1 87 0.218163 0.0096050000000000007 0.19638599999999992 0.0045540000000000008 0.0012909999999999998 0.0029030000000000002 0.010942 0.0068989999999999998 0.021689 0 0.026186000000000001 0.00082200000000000003 0.062672000000000005 0.001067 0.0032690000000000002 0.086294999999999941 0.029352999999999962 0.014714999999999995 0 2
121 linear 1 23 0.54236700000000004 7.3076187877880372 1 95 0.29981000000000002 0.0093229999999999997 0.20339000000000004 0.0047580000000000001 0.0013900000000000002 0.0026059999999999998 0.010878000000000001 0.0084779999999999994 0.021864999999999999 0 0.026394000000000001 0.00088699999999999998 0.14212900000000001 0.001016 0.0031350000000000002 0.091285999999999978 0.03239999999999997 0.016684000000000001 0 3
121 linear 2 0 0.55389100000000002 7.8127460205636829 1 95 0.30615100000000001 0.0093329999999999993 0.20855499999999996 0.0047369999999999999 0.0012689999999999999 0.002712 0.010921 0.144624 0.024222 0 0.026876000000000001 0.00087600000000000004 0.010555999999999999 0.0010660000000000001 0.0032610000000000004 0.093660999999999994 0.032850000000000004 0.016656000000000008 0 0
121 linear 2 7 0.62870800000000004 6.518435303814182 1 125 0.29272900000000002 0.015410999999999999 0.27627499999999988 0.0069620000000000012 0.001748 0.0027049999999999999 0.011018 0.018962 0.022707999999999999 0 0.027137999999999999 0.00095100000000000002 0.10721000000000001 0.00057700000000000004 0.0036829999999999996 0.14317099999999994 0.040986999999999912 0.020343999999999991 0 1
121 linear 2 15 0.47356300000000001 5.3972690187130841 1 110 0.19143299999999999 0.014666 0.22891100000000003 0.0059979999999999999 0.0016389999999999998 0.002604 0.011145 0.018939000000000001 0.022255 0 0.026993 0.00092199999999999997 0.0023370000000000001 0.00052099999999999998 0.0038359999999999996 0.11027400000000002 0.036792999999999992 0.016920999999999995 0 2
121 linear 2 23 0.61923799999999996 4.7034267144955111 1 118 0.32062000000000002 0.014399 0.24369200000000005 0.0064409999999999997 0.0016130000000000001 0.0027409999999999999 0.011271 0.018492999999999999 0.022301000000000001 0 0.027115 0.00084900000000000004 0.13884199999999999 0.00054699999999999996 0.0038829999999999997 0.11623299999999993 0.037302999999999947 0.017828 0 3
121 linear 3 0 0.41701500000000002 2.5041086082107671 1 67 0.311054 0.0089119999999999998 0.076941999999999997 0.003673 0.00094999999999999989 0.0028400000000000001 0.014669 0.14423900000000001 0.024115000000000001 0 0.027605999999999999 0.00083799999999999999 0.0019750000000000002 0.001142 0.003156 0.036550999999999993 0.017075999999999994 0.0082340000000000035 0 0
121 linear 3 7 0.28112500000000001 2.6023246743042341 1 67 0.169241 0.0085970000000000005 0.083518000000000037 0.0033679999999999995 0.00080400000000000003 0.0026770000000000001 0.011018999999999999 0.019139 0.022775 0 0.028590000000000001 0.00084999999999999995 0.0018059999999999999 0.0010369999999999999 0.0029250000000000001 0.042488000000000012 0.017667999999999996 0.0082349999999999993 0 1
121 linear 3 15 0.28040599999999999 2.7227948808621951 1 60 0.16945099999999999 0.0084510000000000002 0.079692000000000013 0.0039879999999999994 0.00083800000000000009 0.0026220000000000002 0.010723 0.022556 0.022620999999999999 0 0.027063 0.000803 0.0017849999999999999 0.00092900000000000003 0.0029740000000000001 0.043330000000000007 0.015441000000000003 0.0073840000000000017 0 2
121 linear 3 23 0.25709199999999999 2.852047341421065 1 52 0.159831 0.0085030000000000001 0.070664000000000005 0.0029369999999999995 0.00077000000000000007 0.002663 0.010296 0.01269 0.022234 0 0.027716000000000001 0.00086700000000000004 0.0018389999999999999 0.00095500000000000001 0.0029849999999999998 0.040367 0.012254000000000003 0.0064090000000000006 0 3
121 linear 4 0 0.40553800000000001 3.1401636472425665 1 59 0.28970400000000002 0.0088109999999999994 0.085368000000000013 0.0035230000000000005 0.00091000000000000011 0.0029009999999999999 0.011322 0.13952600000000001 0.021610999999999998 0 0.026737 0.00087100000000000003 0.002627 0.0013110000000000001 0.0033630000000000001 0.041798999999999996 0.018068000000000001 0.0097740000000000014 0 0
121 linear 4 7 0.26232800000000001 3.1297738773944803 1 51 0.15435399999999999 0.0089239999999999996 0.080176999999999998 0.0028840000000000003 0.00069899999999999997 0.0026150000000000001 0.010396000000000001 0.0075469999999999999 0.021146000000000002 0 0.026211999999999999 0.00085800000000000004 0.0020600000000000002 0.001119 0.0033480000000000003 0.044986000000000005 0.014160999999999997 0.0079840000000000015 0 1
121 linear 4 15 0.28741800000000001 3.1017909852879604 1 59 0.16772699999999999 0.0086969999999999999 0.090122000000000008 0.0031770000000000001 0.00091 0.0024190000000000001 0.010737999999999999 0.022003999999999999 0.021144 0 0.026549 0.00085599999999999999 0.0020379999999999999 0.0011119999999999999 0.0032099999999999997 0.050596999999999989 0.015769000000000005 0.0089340000000000044 0 2
121 linear 4 23 0.2833 3.0581127183689714 1 59 0.16103700000000001 0.0085489999999999993 0.09287200000000001 0.0031910000000000003 0.00090899999999999998 0.0025799999999999998 0.010364999999999999 0.016463999999999999 0.021014999999999999 0 0.026085000000000001 0.00091 0.0020270000000000002 0.0011199999999999999 0.0030830000000000002 0.05235900000000001 0.016664000000000009 0.0089580000000000007 0 3
121 uniform 0 0 0.45763100000000001 10.490376587560108 1 81 0.28967799999999999 0.0096410000000000003 0.12635999999999997 0.0046150000000000002 0.001083 0.002578 0.011169 0.14567099999999999 0.011416000000000001 0 0.028480999999999999 0.000901 0.002421 0.00097499999999999996 0.003065 0.082557999999999965 0.030084999999999959 0 0 0
121 uniform 0 7 0.42245500000000002 10.544248833229778 1 81 0.261266 0.0090989999999999994 0.12604900000000008 0.0041380000000000002 0.00093099999999999997 0.00297 0.011364000000000001 0.0062969999999999996 0.021554 0 0.027245999999999999 0.00084900000000000004 0.10409400000000001 0.00089099999999999997 0.0031840000000000002 0.081691000000000041 0.030796999999999981 0 0 1
121 uniform 0 15 0.31235099999999999 10.507434597157962 1 81 0.15429799999999999 0.0088649999999999996 0.123608 0.0037719999999999997 0.00088500000000000004 0.0027200000000000002 0.010971 0.0063730000000000002 0.010812 0 0.028881 0.00080500000000000005 0.010538 0.00080000000000000004 0.0030070000000000001 0.080618000000000009 0.029470999999999966 0 0 2
121 uniform 0 23 0.51214400000000004 10.3638746759661 1 81 0.35440899999999997 0.0089040000000000005 0.123739 0.0037619999999999997 0.00087200000000000005 0.002598 0.010422000000000001 0.00594 0.011632999999999999 0 0.027664000000000001 0.00086499999999999999 0.21050099999999999 0.00081099999999999998 0.0030030000000000005 0.080412999999999971 0.029617999999999967 0 0 3
121 uniform 1 0 0.55807499999999999 9.447626988795033 1 88 0.38808199999999998 0.0096659999999999992 0.13422299999999995 0.0042390000000000006 0.0012700000000000001 0.002627 0.010716 0.13386600000000001 0.021991 0 0.027317999999999999 0.00080999999999999996 0.103313 0.001191 0.0032389999999999997 0.08910400000000003 0.030412999999999961 0 0 0
121 uniform 1 7 0.31446000000000002 9.0799005540328377 1 80 0.16064500000000001 0.0092840000000000006 0.12111199999999998 0.0035400000000000002 0.0008389999999999999 0.0027810000000000001 0.011155999999999999 0.0058719999999999996 0.021569000000000001 0 0.026523999999999999 0.00088900000000000003 0.0020999999999999999 0.0011230000000000001 0.0032479999999999996 0.08127299999999997 0.026342999999999998 0 0 1
121 uniform 1 15 0.39525399999999999 8.4767168222451854 1 95 0.21465699999999999 0.0096310000000000007 0.14172000000000004 0.0041869999999999997 0.0013969999999999998 0.0025040000000000001 0.010429000000000001 0.0066569999999999997 0.021045999999999999 0 0.025870000000000001 0.00083199999999999995 0.062787000000000009 0.001029 0.0033279999999999998 0.092092000000000007 0.032920999999999957 0 0 2
121 uniform 1 23 0.52821499999999999 7.5462210797514837 1 95 0.304896 0.010647999999999999 0.18119399999999997 0.0044980000000000003 0.0013190000000000001 0.0025430000000000001 0.010498 0.0092149999999999992 0.024490000000000001 0 0.025801999999999999 0.00092699999999999998 0.141986 0.00099299999999999996 0.0036249999999999998 0.119799 0.039573999999999949 0 0 3
121 uniform 2 0 0.49324400000000002 8.0105121956529519 1 95 0.30998999999999999 0.010539 0.14323899999999998 0.0041020000000000006 0.0011530000000000002 0.0037929999999999999 0.01064 0.145755 0.024788000000000001 0 0.027293000000000001 0.00091299999999999997 0.010537000000000001 0.00099400000000000009 0.003258 0.091474000000000028 0.034686000000000002 0 0 0
121 uniform 2 7 0.57030999999999998 6.6982682948677814 1 117 0.29504399999999997 0.016482 0.21708799999999998 0.0058599999999999998 0.0014660000000000001 0.002725 0.011606999999999999 0.020292999999999999 0.023914000000000001 0 0.026532 0.00093999999999999997 0.106836 0.000571 0.0037369999999999999 0.15322699999999997 0.042608000000000028 0 0 1
121 uniform 2 15 0.39969300000000002 5.472640126237529 1 110 0.182778 0.014636 0.16463199999999997 0.0050219999999999987 0.0015070000000000001 0.0025669999999999998 0.010632000000000001 0.018896 0.020805000000000001 0 0.026615 0.00090799999999999995 0.0023510000000000002 0.00051900000000000004 0.0037109999999999999 0.11005300000000003 0.036562999999999964 0 0 2
121 uniform 2 23 0.55812700000000004 4.7483511164468908 1 118 0.32266299999999998 0.014803 0.17909400000000017 0.0064650000000000003 0.0017230000000000001 0.0026059999999999998 0.010907 0.018645999999999999 0.020614 0 0.027698 0.00093199999999999999 0.13886500000000002 0.00055500000000000005 0.0039779999999999998 0.12233799999999993 0.037673999999999978 0 0 3
121 uniform 3 0 0.409968 2.5086709493471897 1 83 0.29821300000000001 0.0089210000000000001 0.078225999999999962 0.0043720000000000009 0.0011440000000000001 0.002911 0.011709000000000001 0.14411099999999999 0.022079000000000001 0 0.027459999999999998 0.00079299999999999998 0.0020119999999999999 0.001176 0.0031109999999999996 0.044888000000000004 0.02086799999999998 0 0 0
121 uniform 3 7 0.26648100000000002 2.6075241630305555 1 67 0.168271 0.0086689999999999996 0.070224999999999982 0.0030179999999999998 0.000745 0.0027290000000000001 0.010789999999999999 0.019219 0.021194999999999999 0 0.028629000000000002 0.00087100000000000003 0.0017829999999999999 0.0010349999999999999 0.0029589999999999998 0.042496999999999993 0.017707999999999995 0 0 1
121 uniform 3 15 0.26919599999999999 2.7288740950210846 1 60 0.17082800000000001 0.0085280000000000009 0.067818000000000003 0.0034869999999999996 0.00072300000000000012 0.0027290000000000001 0.010324 0.022428 0.021132999999999999 0 0.030027999999999999 0.00082799999999999996 0.0018439999999999999 0.00096500000000000004 0.0027730000000000003 0.043398999999999993 0.015456999999999999 0 0 2
121 uniform 3 23 0.25772400000000001 2.8592142066509187 1 60 0.15734300000000001 0.0083940000000000004 0.070301999999999989 0.0033120000000000003 0.00072400000000000003 0.0024499999999999999 0.010187 0.012617 0.021010999999999998 0 0.027755999999999999 0.00084400000000000002 0.0017949999999999999 0.00098799999999999995 0.002859 0.046742000000000006 0.014591999999999992 0 0 3
121 uniform 4 0 0.39027400000000001 3.1508645297357725 1 59 0.28917900000000002 0.0090469999999999995 0.070114999999999997 0.0035320000000000004 0.00087599999999999993 0.0026809999999999998 0.010630000000000001 0.13983000000000001 0.021784000000000001 0 0.025912999999999999 0.00084900000000000004 0.0026059999999999998 0.00124 0.0033339999999999997 0.042146999999999997 0.018037000000000004 0 0 0
121 uniform 4 7 0.25577299999999997 3.1403707282610775 1 51 0.16047700000000001 0.0088760000000000002 0.067406999999999995 0.0027790000000000002 0.00069099999999999999 0.002833 0.010867 0.0075510000000000004 0.021191000000000002 0 0.025937999999999999 0.00087299999999999997 0.0021020000000000001 0.001227 0.003114 0.04498400000000001 0.014053000000000003 0 0 1
121 uniform 4 15 0.25784099999999999 3.1120873654034438 1 51 0.16458700000000001 0.0085620000000000002 0.066412999999999986 0.00248 0.00063500000000000004 0.0027320000000000001 0.01044 0.017441000000000002 0.023185000000000001 0 0.026629 0.00076599999999999997 0.002016 0.0010280000000000001 0.003137 0.044066999999999995 0.013963000000000003 0 0 2
121 uniform 4 23 0.28458099999999997 3.0679405252004592 1 67 0.162798 0.0086169999999999997 0.088239999999999985 0.0039350000000000001 0.000794 0.0026259999999999999 0.010414 0.016528000000000001 0.022456 0 0.026010999999999999 0.00083900000000000001 0.002003 0.0010430000000000001 0.0030369999999999998 0.058763000000000003 0.018623999999999981 0 0 3
122 linear 0 0 0.65920999999999996 3.8478228657030922 1 82 0.48566399999999998 0.011587999999999999 0.13249299999999997 0.0052580000000000005 0.001598 0.0030179999999999998 0.011245 0.192885 0.023362000000000001 0 0.026341 0.00079199999999999995 0.13470299999999999 0.0009990000000000001 0.0035239999999999998 0.059497999999999995 0.042090999999999962 0.0095180000000000022 0 0
122 linear 0 7 0.72480100000000003 3.7310584029581029 1 82 0.460727 0.01123 0.22451199999999999 0.0048249999999999994 0.001222 0.002699 0.010617 0.043284999999999997 0.023008000000000001 0 0.026758000000000001 0.00080800000000000002 0.268432 0.00098400000000000007 0.0033399999999999997 0.15264400000000006 0.041409999999999968 0.0095230000000000037 0 1
122 linear 0 15 0.71482299999999999 3.5841394260707737 1 82 0.46818100000000001 0.010862 0.20793199999999998 0.0043189999999999999 0.001157 0.0025490000000000001 0.0096299999999999997 0.055037999999999997 0.022547000000000001 0 0.025963 0.000785 0.26957899999999996 0.0010089999999999999 0.0032060000000000005 0.13654199999999997 0.040843999999999998 0.0094959999999999992 0 2
122 linear 0 23 0.547875 3.4244678519186604 1 82 0.29660399999999998 0.010839 0.21330599999999997 0.0040610000000000004 0.001088 0.002562 0.0088970000000000004 0.051315 0.022341 0 0.025704000000000001 0.000727 0.100812 0.00092900000000000003 0.0032169999999999998 0.14125599999999994 0.041554999999999967 0.0095250000000000039 0 3
122 linear 1 0 0.76161800000000002 3.884253215434434 1 82 0.58473200000000003 0.010737999999999999 0.13795400000000005 0.0044889999999999999 0.0012110000000000001 0.002444 0.0090790000000000003 0.18385399999999999 0.023022999999999998 0 0.025731 0.00070500000000000001 0.25858899999999996 0.000852 0.003176 0.066515000000000005 0.040722000000000015 0.009497000000000002 0 0
122 linear 1 7 0.835372 3.9538100899029724 1 82 0.58020700000000003 0.010784 0.21641099999999999 0.0042980000000000006 0.0012230000000000001 0.0024859999999999999 0.0093430000000000006 0.047031999999999997 0.020903999999999999 0 0.026187999999999999 0.000736 0.39078200000000002 0.00091600000000000004 0.003173 0.14271 0.042442999999999981 0.009508000000000006 0 1
122 linear 1 15 0.83721900000000005 4.0041243896101513 1 82 0.57950900000000005 0.010714 0.21939999999999993 0.0040969999999999999 0.001044 0.0024390000000000002 0.0094549999999999999 0.051347999999999998 0.021024000000000001 0 0.025971000000000001 0.00076499999999999995 0.38593099999999997 0.00084500000000000005 0.0031859999999999996 0.14777399999999993 0.040777000000000001 0.0095099999999999994 0 2
122 linear 1 23 0.75132600000000005 4.0195179110960257 1 98 0.451405 0.010585000000000001 0.25467399999999996 0.005561 0.0013460000000000002 0.002349 0.0091420000000000008 0.049459999999999997 0.020607 0 0.025701999999999999 0.00076300000000000001 0.258635 0.00088099999999999995 0.0031689999999999999 0.17104299999999997 0.044920000000000002 0.011135999999999998 0 3
122 linear 2 0 0.79735 4.7084934220312267 1 75 0.64141599999999999 0.011174 0.11880599999999997 0.0040170000000000006 0.001134 0.0023969999999999998 0.0092420000000000002 0.19281699999999999 0.021676999999999998 0 0.026825999999999999 0.00076800000000000002 0.30446200000000001 0.0010740000000000001 0.0033310000000000002 0.053700999999999999 0.036920000000000022 0.0086739999999999994 0 0
122 linear 2 7 0.60336100000000004 4.7681342124621127 1 75 0.36923600000000001 0.010739 0.19684000000000004 0.004163 0.001152 0.0024610000000000001 0.0088039999999999993 0.054266000000000002 0.021252 0 0.026089000000000001 0.00067100000000000005 0.17452199999999998 0.0010150000000000001 0.0032270000000000003 0.13148699999999997 0.036868999999999992 0.008681999999999997 0 1
122 linear 2 15 0.78361000000000003 4.8545121347479423 1 75 0.522235 0.012083 0.22208700000000003 0.0042090000000000001 0.0010250000000000001 0.00233 0.0087550000000000006 0.053616999999999998 0.020863 0 0.025992000000000001 0.00069499999999999998 0.33031899999999997 0.00097599999999999998 0.0035509999999999999 0.15037699999999987 0.039767000000000018 0.0094350000000000007 0 2
122 linear 2 23 0.79447999999999996 4.9810167530042087 1 91 0.50172099999999997 0.011967999999999999 0.24723699999999993 0.00564 0.0011620000000000001 0.002297 0.0097710000000000002 0.053154 0.023795 0 0.025548999999999999 0.00070699999999999995 0.30336099999999999 0.00093899999999999995 0.003555 0.1637869999999999 0.048655000000000004 0.010951999999999998 0 3
122 linear 3 0 0.51274900000000001 639.86287209021407 1 60 0.38132500000000003 0.0094739999999999998 0.09951900000000001 0.0041919999999999995 0.0008070000000000001 0.002954 0.012311000000000001 0.15945100000000001 0.026935000000000001 0 0.027497000000000001 0.00090399999999999996 0.063177999999999998 0.0011349999999999999 0.0031909999999999998 0.057718999999999993 0.019350000000000006 0.0070170000000000007 0 0
122 linear 3 7 0.51447100000000001 627.04230302373765 1 60 0.27737400000000001 0.0094540000000000006 0.20546000000000009 0.0040010000000000002 0.000727 0.0029239999999999999 0.010959 0.028874 0.022151000000000001 0 0.028358000000000001 0.00086899999999999998 0.096638000000000002 0.001108 0.0032360000000000002 0.16301600000000002 0.019976999999999995 0.0070229999999999997 0 1
122 linear 3 15 0.49350100000000002 610.0457067629402 1 60 0.26067600000000002 0.0092010000000000008 0.20192699999999997 0.0036299999999999995 0.000785 0.0027100000000000002 0.010798 0.028847000000000001 0.021808000000000001 0 0.028348000000000002 0.00084500000000000005 0.084166000000000005 0.0011609999999999999 0.0028449999999999999 0.16176199999999996 0.019268000000000004 0.0071189999999999995 0 2
122 linear 3 23 0.404173 591.24507429934386 1 60 0.182339 0.0085730000000000008 0.19146000000000002 0.0036309999999999997 0.00068599999999999998 0.0024819999999999998 0.010213 0.028819999999999998 0.022133 0 0.027588999999999999 0.000803 0.01081 0.0009859999999999999 0.0028099999999999996 0.15210699999999999 0.018709000000000003 0.0071030000000000017 0 3
122 linear 4 0 0.47531499999999999 1.762585820406307 1 61 0.34080500000000002 0.008541 0.10116400000000002 0.004052 0.00088499999999999983 0.0029399999999999999 0.011065 0.190141 0.021974 0 0.027113999999999999 0.00087399999999999999 0.0045209999999999998 0.0012979999999999999 0.0032520000000000001 0.047835000000000003 0.026186999999999995 0.0067570000000000017 0 0
122 linear 4 7 0.46881 1.7682461309688371 1 61 0.240451 0.0084320000000000003 0.19487099999999996 0.0040959999999999998 0.00080099999999999995 0.002849 0.010423 0.052922999999999998 0.021229000000000001 0 0.026473 0.00078700000000000005 0.047080999999999998 0.0010920000000000001 0.0032940000000000005 0.14192599999999997 0.025942999999999997 0.0067680000000000032 0 1
122 linear 4 15 0.46264899999999998 1.7748162732684425 1 61 0.23680200000000001 0.0083020000000000004 0.19294699999999995 0.003784 0.00077700000000000002 0.0027659999999999998 0.010253 0.051434000000000001 0.021444999999999999 0 0.026735999999999999 0.00089300000000000002 0.045862 0.001049 0.0032190000000000001 0.13978699999999999 0.026067999999999997 0.0067609999999999996 0 2
122 linear 4 23 0.41305700000000001 1.7814964093590764 1 61 0.19348699999999999 0.0081169999999999992 0.18746099999999999 0.0035200000000000001 0.00076300000000000011 0.0026940000000000002 0.009502 0.051923999999999998 0.022488999999999999 0 0.026131999999999999 0.00078399999999999997 0.0049510000000000005 0.001031 0.0030559999999999993 0.13509200000000005 0.025239999999999988 0.0067900000000000009 0 3
122 uniform 0 0 0.62876399999999999 3.7937584332452143 1 82 0.47149000000000002 0.011422 0.11755099999999999 0.0043940000000000003 0.001511 0.0026120000000000002 0.0091640000000000003 0.192137 0.023276999999999999 0 0.026137000000000001 0.00074899999999999999 0.134296 0.000977 0.0033150000000000002 0.060016 0.045219999999999955 0 0 0
122 uniform 0 7 0.67080600000000001 3.6890083920458951 1 74 0.45289200000000002 0.011282 0.18129900000000007 0.0034870000000000001 0.00097100000000000007 0.0023029999999999999 0.0088929999999999999 0.043215000000000003 0.022766000000000002 0 0.025721000000000001 0.000687 0.26805600000000002 0.00097499999999999996 0.0032239999999999999 0.133521 0.036703 0 0 1
122 uniform 0 15 0.67683099999999996 3.5588637238075735 1 74 0.46773300000000001 0.011077 0.17272000000000004 0.0035959999999999998 0.00089400000000000005 0.0022279999999999999 0.0086390000000000008 0.054621000000000003 0.023300999999999999 0 0.025522 0.00066799999999999997 0.27192099999999997 0.00091200000000000005 0.0031869999999999997 0.12539600000000004 0.036195000000000012 0 0 2
122 uniform 0 23 0.507189 3.4182598003438365 1 74 0.29408800000000002 0.010935 0.17738099999999996 0.0033910000000000004 0.00083100000000000003 0.002392 0.0093039999999999998 0.051378 0.022719 0 0.026009000000000001 0.00073099999999999999 0.10070699999999999 0.00086600000000000002 0.0032669999999999999 0.1295 0.036845999999999997 0 0 3
122 uniform 1 0 0.73794999999999999 3.8140156612002913 1 82 0.583754 0.010787 0.11602899999999997 0.0036859999999999992 0.001291 0.0023319999999999999 0.0091889999999999993 0.18374399999999999 0.022914 0 0.026072000000000001 0.00071299999999999998 0.25784299999999999 0.00080500000000000005 0.0032670000000000004 0.062999999999999987 0.040725000000000018 0 0 0
122 uniform 1 7 0.81679599999999997 3.8882231261655917 1 82 0.580955 0.010716 0.19772399999999998 0.003542 0.001122 0.0022130000000000001 0.008744 0.046540999999999999 0.020756 0 0.025454999999999998 0.00071000000000000002 0.39621499999999998 0.00082899999999999998 0.0031800000000000001 0.14273100000000005 0.042476999999999973 0 0 1
122 uniform 1 15 0.81455699999999998 3.9515833449619922 1 82 0.576963 0.010566000000000001 0.19992000000000004 0.0034989999999999999 0.0011050000000000001 0.0021429999999999999 0.0084250000000000002 0.051167999999999998 0.020816999999999999 0 0.025312999999999999 0.00072300000000000001 0.388129 0.00087699999999999996 0.0032510000000000004 0.14691699999999996 0.040705999999999985 0 0 2
122 uniform 1 23 0.67744000000000004 3.988109097830248 1 82 0.44467400000000001 0.010475999999999999 0.19525399999999996 0.0035799999999999998 0.0010799999999999998 0.0021749999999999999 0.0084799999999999997 0.049264000000000002 0.020639000000000001 0 0.025666999999999999 0.00072099999999999996 0.25860099999999997 0.00080199999999999998 0.0032829999999999999 0.14232700000000001 0.040423999999999995 0 0 3
122 uniform 2 0 0.77186699999999997 4.7328323911637922 1 75 0.63384399999999996 0.011037 0.101545 0.0035639999999999999 0.0010970000000000001 0.0022200000000000002 0.0084910000000000003 0.19223999999999999 0.021780000000000001 0 0.026123 0.00078100000000000001 0.30184099999999997 0.0010690000000000001 0.0030540000000000007 0.053542000000000006 0.036796000000000002 0 0 0
122 uniform 2 7 0.58097600000000005 4.7968132655065769 1 75 0.36905100000000002 0.010833000000000001 0.17560900000000002 0.0035850000000000001 0.00099200000000000004 0.0022009999999999998 0.0083990000000000002 0.054323999999999997 0.021014000000000001 0 0.025492000000000001 0.00071100000000000004 0.17467499999999997 0.00094600000000000001 0.0030420000000000004 0.12765200000000002 0.036745999999999987 0 0 1
122 uniform 2 15 0.76706799999999997 4.8906188696877244 1 75 0.52024999999999999 0.015654000000000001 0.20439200000000005 0.0036649999999999994 0.00099599999999999992 0.0021800000000000001 0.0085339999999999999 0.053476999999999997 0.020848999999999999 0 0.025561 0.00069300000000000004 0.33029800000000004 0.00093700000000000001 0.0035080000000000003 0.14790799999999993 0.041492999999999995 0 0 2
122 uniform 2 23 0.71658100000000002 5.0323231243670312 1 75 0.49670599999999998 0.012050999999999999 0.18215199999999998 0.0035520000000000005 0.00096200000000000007 0.0022300000000000002 0.0095960000000000004 0.053058000000000001 0.023675000000000002 0 0.025020000000000001 0.00070399999999999998 0.30316700000000002 0.000883 0.0034819999999999999 0.13182799999999995 0.038731999999999996 0 0 3
122 uniform 3 0 0.52451999999999999 644.00936676887295 1 76 0.37887799999999999 0.010977000000000001 0.10608999999999999 0.0052420000000000001 0.00088399999999999991 0.0028649999999999999 0.012047 0.16081500000000001 0.026661000000000001 0 0.027661000000000002 0.00091799999999999998 0.059660999999999999 0.0010709999999999999 0.0035000000000000001 0.068981999999999988 0.025415000000000007 0 0 0
122 uniform 3 7 0.535914 630.52096912307434 1 76 0.27368799999999999 0.009103 0.22651000000000002 0.0044220000000000006 0.00093599999999999998 0.002794 0.010787 0.028763 0.021932 0 0.028095999999999999 0.00090300000000000005 0.096562999999999996 0.0011199999999999999 0.0030889999999999997 0.18918799999999994 0.025896000000000002 0 0 1
122 uniform 3 15 0.51432800000000001 612.87255077546308 1 76 0.25776399999999999 0.0091079999999999998 0.22141999999999995 0.0043309999999999998 0.00081799999999999993 0.0026359999999999999 0.010496999999999999 0.028812000000000001 0.021631000000000001 0 0.028230000000000002 0.00081999999999999998 0.083967 0.00093800000000000003 0.0028480000000000003 0.18524999999999991 0.024730000000000002 0 0 2
122 uniform 3 23 0.434359 593.54068930865856 1 76 0.181335 0.0084679999999999998 0.21856099999999992 0.0040490000000000005 0.0007899999999999999 0.0024989999999999999 0.010071 0.028754999999999999 0.022026 0 0.027133000000000001 0.00072800000000000002 0.010914000000000002 0.00096400000000000001 0.002794 0.18271999999999994 0.024387000000000009 0 0 3
122 uniform 4 0 0.42915199999999998 1.7637467460459408 1 45 0.33959499999999998 0.0085389999999999997 0.062706000000000012 0.0025860000000000002 0.00075000000000000002 0.0029729999999999999 0.010853 0.19021299999999999 0.021999000000000001 0 0.026759999999999999 0.00084099999999999995 0.0045069999999999997 0.001122 0.0031819999999999999 0.035593 0.020348000000000005 0 0 0
122 uniform 4 7 0.40428700000000001 1.7694555888126933 1 45 0.242422 0.0084620000000000008 0.13483899999999999 0.0026250000000000002 0.0007000000000000001 0.0027360000000000002 0.010118 0.053304999999999998 0.02163 0 0.026598 0.00083799999999999999 0.047403000000000001 0.001183 0.0030820000000000001 0.10735599999999997 0.020469000000000001 0 0 1
122 uniform 4 15 0.38612999999999997 1.776084021338594 1 45 0.23782300000000001 0.0083580000000000008 0.12199300000000002 0.0025460000000000001 0.00064700000000000001 0.0026640000000000001 0.0094979999999999995 0.051275000000000001 0.020844999999999999 0 0.030613000000000001 0.00081899999999999996 0.045564 0.001122 0.0029849999999999998 0.095295000000000005 0.019806999999999995 0 0 2
122 uniform 4 23 0.33768799999999999 1.7828256336490778 1 45 0.19234699999999999 0.0081709999999999994 0.11966500000000001 0.0023149999999999998 0.00060300000000000002 0.0026909999999999998 0.0092910000000000006 0.051900000000000002 0.022408999999999998 0 0.025701999999999999 0.00075000000000000002 0.0049100000000000003 0.001052 0.0029530000000000003 0.092873999999999998 0.019931999999999998 0 0 3
123 linear 0 0 0.78378999999999999 286.19077177456057 1 111 0.468364 0.013417999999999999 0.25954500000000003 0.0077780000000000002 0.0016130000000000001 0.0030730000000000002 0.011072 0.184276 0.033140000000000003 0 0.026173999999999999 0.00078600000000000002 0.108755 0.00079799999999999999 0.0044030000000000007 0.12722999999999998 0.049370999999999991 0.019010999999999986 0 0
123 linear 0 7 0.76233899999999999 277.13712409833181 1 111 0.34661199999999998 0.012685999999999999 0.3612479999999999 0.0076479999999999994 0.0012650000000000001 0.0028709999999999999 0.010723999999999999 0.051045 0.033208000000000001 0 0.025357999999999999 0.00074899999999999999 0.12780900000000001 0.000669 0.0036979999999999995 0.22480499999999992 0.048811000000000028 0.018909999999999989 0 1
123 linear 0 15 0.82206199999999996 265.42884225765471 1 111 0.409964 0.012204 0.35884799999999994 0.0071199999999999996 0.00115 0.0027360000000000002 0.010756999999999999 0.051288 0.033987999999999997 0 0.027084 0.00081599999999999999 0.18996800000000003 0.00058900000000000001 0.0035319999999999995 0.22861399999999993 0.048209999999999961 0.018886999999999991 0 2
123 linear 0 23 0.64152500000000001 252.59930418837786 1 111 0.23394699999999999 0.011965 0.35516399999999998 0.006496 0.0011900000000000001 0.0025469999999999998 0.010583 0.051097999999999998 0.032823999999999999 0 0.025687999999999999 0.00080599999999999997 0.018928999999999998 0.00064700000000000001 0.0033699999999999997 0.22611200000000001 0.047160999999999953 0.018825000000000001 0 3
123 linear 1 0 0.53219899999999998 155.17617275150334 1 90 0.33512700000000001 0.011179 0.1532930000000001 0.0060009999999999994 0.0012909999999999998 0.0028029999999999999 0.010284 0.18412700000000001 0.024195999999999999 0 0.026856000000000001 0.00083199999999999995 0.00061499999999999999 0.001454 0.0030800000000000003 0.078139 0.033653999999999976 0.014958999999999997 0 0
123 linear 1 7 0.57998499999999997 164.76861384137524 1 82 0.19450000000000001 0.010766 0.34481200000000006 0.0050329999999999993 0.0010189999999999999 0.002637 0.0097900000000000001 0.051114 0.021645999999999999 0 0.026539 0.00084999999999999995 0.0005979999999999999 0.001121 0.003117 0.27745199999999992 0.029895999999999978 0.013050000000000001 0 1
123 linear 1 15 0.57561700000000005 172.2056506242981 1 82 0.19920599999999999 0.010580000000000001 0.3359319999999999 0.0046449999999999998 0.00097799999999999992 0.002568 0.0098180000000000003 0.051147999999999999 0.021360000000000001 0 0.026263999999999999 0.00083699999999999996 0.00061200000000000002 0.0011999999999999999 0.0032490000000000002 0.26766499999999993 0.029318999999999984 0.012936 0 2
123 linear 1 23 0.570828 176.17727671231097 1 89 0.19089400000000001 0.010718999999999999 0.34089899999999995 0.0048590000000000005 0.001023 0.002336 0.0096430000000000005 0.050986999999999998 0.021118999999999999 0 0.025464000000000001 0.00076300000000000001 0.00062600000000000004 0.00098799999999999995 0.0030960000000000002 0.26887999999999995 0.030890999999999984 0.013752000000000007 0 3
123 linear 2 0 0.479682 7.7820161870717035 1 53 0.37452600000000003 0.008685 0.07459600000000001 0.0036839999999999998 0.00075000000000000002 0.0030149999999999999 0.015087 0.170602 0.074078000000000005 0 0.026567 0.00082299999999999995 0.00065099999999999999 0.001183 0.0032029999999999997 0.033326999999999989 0.020556999999999995 0.0060510000000000017 0 0
123 linear 2 7 0.35914499999999999 7.7285717034581607 1 53 0.23916999999999999 0.0085400000000000007 0.089398000000000005 0.0035979999999999996 0.00070299999999999996 0.0027460000000000002 0.010207000000000001 0.046679999999999999 0.073039999999999994 0 0.025817 0.00071900000000000002 0.00062799999999999998 0.0011440000000000001 0.0032040000000000003 0.049252000000000011 0.019559000000000003 0.0060720000000000027 0 1
123 linear 2 15 0.37970900000000002 7.669544166615486 1 53 0.26387300000000002 0.0081290000000000008 0.086289999999999992 0.0032030000000000001 0.00065700000000000003 0.0026670000000000001 0.0098580000000000004 0.048210999999999997 0.098016000000000006 0 0.026259000000000001 0.00076999999999999996 0.00065000000000000008 0.0011299999999999999 0.003179 0.044708000000000012 0.020843999999999991 0.0060410000000000012 0 2
123 linear 2 23 0.35076099999999999 7.6127328397111906 1 53 0.239755 0.0080820000000000006 0.081470000000000001 0.0032510000000000004 0.00070700000000000005 0.0024009999999999999 0.0092390000000000007 0.050956000000000001 0.073671 0 0.025727 0.00076900000000000004 0.0006249999999999999 0.0010169999999999999 0.0030440000000000003 0.040601999999999992 0.020221999999999993 0.0060710000000000026 0 3
123 linear 3 0 0.47144599999999998 9.2561561642930617 1 53 0.365263 0.0083940000000000004 0.076661000000000021 0.0030820000000000005 0.00071600000000000006 0.002699 0.0098130000000000005 0.172703 0.074052000000000007 0 0.025714999999999998 0.00075500000000000003 0.00063599999999999996 0.001157 0.0031389999999999994 0.030477000000000004 0.021176999999999998 0.006060000000000002 0 0
123 linear 3 7 0.35303200000000001 9.7534470416165284 1 53 0.23175999999999999 0.0080619999999999997 0.091999999999999998 0.0031609999999999997 0.00063600000000000006 0.0026700000000000001 0.0095069999999999998 0.051360999999999997 0.063183000000000003 0 0.025749999999999999 0.00074700000000000005 0.00056799999999999993 0.0010480000000000001 0.003081 0.046919000000000002 0.023405000000000002 0.0060929999999999995 0 1
123 linear 3 15 0.40856700000000001 10.508483915059736 1 53 0.27648299999999998 0.009273 0.10090200000000001 0.0032550000000000001 0.00064500000000000007 0.0025500000000000002 0.01022 0.052852999999999997 0.10668999999999999 0 0.025621999999999999 0.00069200000000000002 0.00059299999999999999 0.0010759999999999999 0.0033190000000000003 0.054824000000000019 0.023325999999999993 0.0063949999999999988 0 2
123 linear 3 23 0.41107700000000003 11.711638981716007 1 53 0.272816 0.0088149999999999999 0.10582199999999999 0.0038409999999999998 0.00073400000000000006 0.0024090000000000001 0.010375000000000001 0.052793 0.100574 0 0.025647 0.00073200000000000001 0.00062599999999999993 0.0010809999999999999 0.0035590000000000005 0.060536000000000006 0.022450000000000001 0.0063639999999999981 0 3
123 linear 4 0 0.47783300000000001 8.1084561963232957 1 53 0.36787700000000001 0.008548 0.078625999999999946 0.0033239999999999997 0.00063400000000000001 0.002506 0.010580000000000001 0.17130100000000001 0.077062000000000005 0 0.025430999999999999 0.00075299999999999998 0.00062799999999999998 0.0010510000000000001 0.0034589999999999998 0.033609 0.022862999999999998 0.0062389999999999972 0 0
123 linear 4 7 0.38090499999999999 8.3835468911729638 1 53 0.24829000000000001 0.0082260000000000007 0.10335400000000002 0.0031019999999999997 0.00061299999999999994 0.0023800000000000002 0.010363000000000001 0.052741000000000003 0.076869999999999994 0 0.025446 0.00070299999999999996 0.00060700000000000001 0.001224 0.0030709999999999999 0.060724000000000007 0.021219000000000002 0.006048000000000003 0 1
123 linear 4 15 0.35619200000000001 8.751263636462852 1 53 0.226911 0.0081499999999999993 0.100465 0.00299 0.00056499999999999996 0.0021410000000000001 0.0088030000000000001 0.051146999999999998 0.062487000000000001 0 0.025576999999999999 0.00070500000000000001 0.00060999999999999997 0.0010189999999999999 0.0029910000000000002 0.057504999999999994 0.021499999999999998 0.0060540000000000012 0 2
123 linear 4 23 0.34046999999999999 9.1961675925914825 1 53 0.221553 0.0083160000000000005 0.090102999999999989 0.0029590000000000003 0.000562 0.0022279999999999999 0.0088819999999999993 0.051263999999999997 0.052922999999999998 0 0.025439 0.000718 0.00059400000000000002 0.0010480000000000001 0.0031160000000000003 0.046286999999999995 0.022421999999999994 0.0060680000000000022 0 3
123 uniform 0 0 0.71773600000000004 274.57207139368313 1 111 0.46843400000000002 0.013162999999999999 0.1948379999999999 0.0067700000000000008 0.0014969999999999998 0.0028630000000000001 0.010987 0.189169 0.031592000000000002 0 0.026180999999999999 0.00076800000000000002 0.10710099999999999 0.00080599999999999997 0.0044340000000000004 0.12665299999999993 0.049275000000000013 0 0 0
123 uniform 0 7 0.69019600000000003 265.81734987762059 1 111 0.34351599999999999 0.012361 0.29431199999999996 0.0062180000000000004 0.001255 0.0026770000000000001 0.010366999999999999 0.051053000000000001 0.031196999999999999 0 0.02579 0.00072800000000000002 0.12815200000000002 0.00063599999999999996 0.0036959999999999996 0.22376599999999996 0.05142699999999998 0 0 1
123 uniform 0 15 0.75126999999999999 254.82093762678244 1 111 0.40329599999999999 0.012357 0.29599099999999978 0.0062489999999999993 0.0011549999999999998 0.0024729999999999999 0.010018000000000001 0.051028999999999998 0.031264 0 0.026238000000000001 0.00074100000000000001 0.19001900000000005 0.00054799999999999998 0.0034360000000000003 0.22880599999999987 0.048079999999999991 0 0 2
123 uniform 0 23 0.579739 242.99001122170901 1 111 0.23664099999999999 0.012279 0.29148099999999993 0.0057990000000000003 0.0011280000000000001 0.0024740000000000001 0.010234999999999999 0.051091999999999999 0.033015000000000003 0 0.025583999999999999 0.00072599999999999997 0.018970000000000001 0.00059900000000000003 0.0035249999999999999 0.22542199999999996 0.047016999999999996 0 0 3
123 uniform 1 0 0.47533799999999998 156.67925573214276 1 66 0.33951199999999998 0.01098 0.10238599999999999 0.0034989999999999999 0.00095500000000000012 0.0027490000000000001 0.010477999999999999 0.184113 0.024295000000000001 0 0.026675999999999998 0.00081499999999999997 0.00060300000000000002 0.001297 0.003238 0.066359000000000029 0.024667999999999975 0 0 0
123 uniform 1 7 0.49441299999999999 163.72447592790422 1 66 0.19520399999999999 0.010633 0.26612299999999994 0.0031159999999999998 0.00075599999999999994 0.0025609999999999999 0.0098499999999999994 0.051102000000000002 0.022872 0 0.026037000000000001 0.00080800000000000002 0.00060099999999999997 0.0011659999999999999 0.0032069999999999998 0.22920099999999999 0.025157999999999993 0 0 1
123 uniform 1 15 0.48664499999999999 168.81551140803035 1 66 0.19212099999999999 0.010460000000000001 0.26199 0.0030869999999999999 0.000776 0.0023909999999999999 0.009391 0.050986999999999998 0.022540999999999999 0 0.025562999999999999 0.00072599999999999997 0.00058 0.00108 0.0030469999999999998 0.22587699999999999 0.024540999999999969 0 0 2
123 uniform 1 23 0.54533200000000004 171.20810909990962 1 89 0.19167200000000001 0.010659999999999999 0.31490299999999999 0.0047229999999999998 0.001134 0.0022200000000000002 0.0095440000000000004 0.051084999999999998 0.022945 0 0.025384 0.00072499999999999995 0.00059500000000000004 0.001122 0.0030899999999999999 0.26918000000000003 0.030999999999999972 0 0 3
123 uniform 2 0 0.444137 7.7913146458172191 1 37 0.37669999999999998 0.0087860000000000004 0.043796999999999996 0.0020539999999999998 0.00056999999999999998 0.0030790000000000001 0.010841 0.171011 0.076157000000000002 0 0.031338999999999999 0.00078399999999999997 0.0006739999999999999 0.001372 0.0032669999999999999 0.024300999999999996 0.013914000000000003 0 0 0
123 uniform 2 7 0.31573600000000002 7.7373926941647664 1 37 0.24052000000000001 0.0084360000000000008 0.051790000000000003 0.0019250000000000001 0.00054299999999999997 0.0026159999999999998 0.010036 0.046795000000000003 0.075505000000000003 0 0.025787000000000001 0.00075000000000000002 0.00061800000000000006 0.0011800000000000001 0.0032210000000000003 0.033460999999999998 0.012799000000000001 0 0 1
123 uniform 2 15 0.33191900000000002 7.6778499016745414 1 37 0.25812400000000002 0.008175 0.050986999999999991 0.0018649999999999999 0.00049600000000000002 0.0024229999999999998 0.0092980000000000007 0.047909 0.096328999999999998 0 0.025165 0.00077300000000000003 0.00062299999999999996 0.0010300000000000001 0.003153 0.032188000000000008 0.013253000000000003 0 0 2
123 uniform 2 23 0.31358599999999998 7.6205547323251093 1 37 0.24320600000000001 0.008123 0.047721000000000006 0.001859 0.000457 0.0023579999999999999 0.009025 0.050645000000000003 0.073254 0 0.030058999999999999 0.00074600000000000003 0.00060899999999999995 0.001085 0.0030449999999999995 0.028921000000000002 0.013239999999999998 0 0 3
123 uniform 3 0 0.42861100000000002 9.3019522295001362 1 37 0.36493500000000001 0.0082299999999999995 0.040873000000000007 0.001918 0.00055600000000000007 0.0027060000000000001 0.0099279999999999993 0.17229900000000001 0.073942999999999995 0 0.025447999999999998 0.000678 0.00060799999999999993 0.0010740000000000001 0.0031289999999999998 0.021710999999999998 0.013557000000000001 0 0 0
123 uniform 3 7 0.31431300000000001 9.8169536702657751 1 37 0.235405 0.0083400000000000002 0.055712000000000005 0.0020219999999999999 0.00049300000000000006 0.0025590000000000001 0.0096089999999999995 0.051339000000000003 0.063202999999999995 0 0.02596 0.00071599999999999995 0.000571 0.001139 0.0031670000000000001 0.035152000000000003 0.014972999999999997 0 0 1
123 uniform 3 15 0.35760199999999998 10.61012730601438 1 37 0.27404299999999998 0.0081659999999999996 0.060733999999999996 0.001934 0.00048299999999999998 0.00247 0.0091240000000000002 0.051237999999999999 0.107557 0 0.025684999999999999 0.00075699999999999997 0.00059999999999999995 0.0011529999999999999 0.003042 0.040435000000000013 0.014757999999999997 0 0 2
123 uniform 3 23 0.34225100000000003 11.922181485305238 1 37 0.25952399999999998 0.0083909999999999992 0.059820000000000005 0.0018890000000000001 0.00044700000000000002 0.0023540000000000002 0.0087460000000000003 0.051151000000000002 0.094593999999999998 0 0.025530000000000001 0.00078399999999999997 0.00060400000000000004 0.00096100000000000005 0.0030240000000000002 0.040416000000000007 0.013797000000000002 0 0 3
123 uniform 4 0 0.42698999999999998 8.1280770457474336 1 37 0.36070999999999998 0.0082120000000000005 0.043955999999999995 0.0018110000000000001 0.00046500000000000003 0.0023640000000000002 0.0089800000000000001 0.169684 0.073858999999999994 0 0.024871000000000001 0.00076300000000000001 0.000629 0.0010839999999999999 0.0030020000000000003 0.024044000000000003 0.014368999999999998 0 0 0
123 uniform 4 7 0.32982800000000001 8.4077169177991156 1 37 0.24030599999999999 0.0082120000000000005 0.066722000000000004 0.0018630000000000001 0.00045300000000000001 0.0022669999999999999 0.0089870000000000002 0.051286999999999999 0.073532 0 0.025294000000000001 0.00071199999999999996 0.00061900000000000008 0.001013 0.0030450000000000004 0.047148000000000002 0.013872000000000002 0 0 1
123 uniform 4 15 0.31438700000000003 8.7827760650610589 1 37 0.22916800000000001 0.0081040000000000001 0.062704999999999997 0.001835 0.00044900000000000002 0.0023809999999999999 0.0091940000000000008 0.051216999999999999 0.063256999999999994 0 0.026365 0.00072000000000000005 0.000611 0.00097900000000000005 0.0030059999999999996 0.043231000000000006 0.013761000000000001 0 0 2
123 uniform 4 23 0.302817 9.2388401956223305 1 37 0.21834799999999999 0.0079850000000000008 0.062378999999999997 0.001853 0.00043900000000000005 0.0023140000000000001 0.0087049999999999992 0.051227000000000002 0.052801000000000001 0 0.026020999999999999 0.00077099999999999998 0.00058500000000000002 0.0010200000000000001 0.0029040000000000003 0.034506000000000002 0.022144000000000004 0 0 3
124 linear 0 0 0.45966299999999999 5.5515019280670668 1 75 0.31737300000000002 0.012090999999999999 0.10354600000000001 0.0045009999999999998 0.0013050000000000002 0.003052 0.011183 0.160298 0.022787000000000002 0 0.026941 0.00075100000000000004 0.00083600000000000005 0.00099500000000000001 0.003565 0.051757999999999992 0.026037999999999971 0.0089130000000000043 0 0
124 linear 0 7 0.42897999999999997 5.4297031156515541 1 75 0.200845 0.011927999999999999 0.18969200000000003 0.0044250000000000001 0.00098900000000000008 0.0029580000000000001 0.010451999999999999 0.051096000000000003 0.021964999999999998 0 0.026370999999999999 0.00072300000000000001 0.000776 0.0010150000000000001 0.0033950000000000004 0.13750499999999993 0.025855999999999976 0.0089030000000000047 0 1
124 linear 0 15 0.46929300000000002 5.2879626466413852 1 75 0.21441399999999999 0.01345 0.21382600000000002 0.0044259999999999994 0.001049 0.0028639999999999998 0.011195999999999999 0.056582 0.024563000000000001 0 0.026936999999999999 0.000834 0.00076999999999999996 0.00098700000000000003 0.0035959999999999998 0.16075 0.026699999999999988 0.0091679999999999973 0 2
124 linear 0 23 0.44653999999999999 5.143830851614509 1 75 0.204402 0.013124 0.20214099999999999 0.0042119999999999996 0.00096699999999999998 0.0027820000000000002 0.010739 0.052368999999999999 0.024812000000000001 0 0.025922000000000001 0.00075799999999999999 0.0008070000000000001 0.00097400000000000004 0.0035740000000000004 0.1490219999999999 0.026856999999999992 0.0091899999999999968 0 3
124 linear 1 0 0.65005400000000002 22.369701763447495 1 138 0.39194499999999999 0.012864 0.19466800000000001 0.010894000000000001 0.0016819999999999999 0.0030330000000000001 0.011898000000000001 0.20067399999999999 0.056548000000000001 0 0.026266000000000001 0.00081899999999999996 0.00082199999999999992 0.0011150000000000001 0.0037109999999999995 0.10021300000000011 0.042685999999999932 0.018327 0 0
124 linear 1 7 0.49373299999999998 21.358454046247889 1 83 0.22221399999999999 0.012322 0.22039500000000001 0.010374 0.0011609999999999999 0.0026610000000000002 0.010747 0.048485 0.041935 0 0.026814000000000001 0.000843 0.00077800000000000005 0.0010449999999999999 0.0034790000000000003 0.16356399999999996 0.024869000000000006 0.011632 0 1
124 linear 1 15 0.53153499999999998 20.228088307889891 1 99 0.22494 0.012368000000000001 0.25510099999999997 0.0063420000000000004 0.001325 0.0026549999999999998 0.010037000000000001 0.048625000000000002 0.051630000000000002 0 0.025989000000000002 0.00079199999999999995 0.00078700000000000005 0.0010679999999999999 0.003333 0.188115 0.029595999999999973 0.013507999999999999 0 2
124 linear 1 23 0.52329899999999996 19.132139423622849 1 99 0.215611 0.011972 0.25470600000000004 0.0061329999999999996 0.0012000000000000001 0.0025110000000000002 0.0094039999999999992 0.051464999999999997 0.041331 0 0.025385000000000001 0.00073300000000000004 0.00082399999999999997 0.00089499999999999996 0.003264 0.18811800000000004 0.029236000000000005 0.013549000000000002 0 3
124 linear 2 0 0.51827599999999996 15.062389057083369 1 106 0.320718 0.015329000000000001 0.14052100000000001 0.0066109999999999997 0.0016770000000000003 0.0026540000000000001 0.010527999999999999 0.16697400000000001 0.021295000000000001 0 0.026034999999999999 0.00084000000000000003 0.0010040000000000001 0.00078899999999999999 0.0036439999999999997 0.067211000000000007 0.034520999999999989 0.014348 0 0
124 linear 2 7 0.55213000000000001 16.75249643198671 1 90 0.20189199999999999 0.012064999999999999 0.30586199999999991 0.0053319999999999999 0.0014299999999999998 0.0025739999999999999 0.0099179999999999997 0.056975999999999999 0.021073999999999999 0 0.026141000000000001 0.00078299999999999995 0.00079200000000000006 0.00098999999999999999 0.0032550000000000005 0.24385600000000002 0.028448999999999999 0.012449000000000003 0 1
124 linear 2 15 0.52361500000000005 17.71406489149836 1 82 0.194882 0.011941 0.28724699999999997 0.0050409999999999995 0.0011819999999999999 0.0024120000000000001 0.0099150000000000002 0.049640999999999998 0.022790999999999999 0 0.025961999999999999 0.00075900000000000002 0.00078799999999999996 0.00092599999999999996 0.0033890000000000005 0.22894500000000004 0.027203000000000015 0.011521 0 2
124 linear 2 23 0.51915800000000001 18.144741430004046 1 82 0.202237 0.012028 0.27254400000000001 0.0045419999999999992 0.001129 0.0025720000000000001 0.010208999999999999 0.056735000000000001 0.023081999999999998 0 0.026408000000000001 0.00070799999999999997 0.00078600000000000002 0.00091799999999999998 0.0033040000000000001 0.21565100000000001 0.025936000000000011 0.011495999999999999 0 3
124 linear 3 0 0.42793700000000001 1.8550205074752173 1 61 0.32018200000000002 0.0085419999999999992 0.074408000000000002 0.0041419999999999998 0.00093300000000000013 0.0027179999999999999 0.010828000000000001 0.17141000000000001 0.023192999999999998 0 0.027136 0.00084500000000000005 0.00061699999999999993 0.0011919999999999999 0.0032010000000000003 0.035271999999999991 0.018627999999999995 0.0072700000000000004 0 0
124 linear 3 7 0.38176500000000002 1.8554016351934512 1 61 0.195795 0.0083309999999999999 0.15279100000000001 0.0039150000000000001 0.00088000000000000003 0.0027409999999999999 0.010214000000000001 0.051773 0.022793999999999998 0 0.02665 0.00078299999999999995 0.00059500000000000004 0.001106 0.0030289999999999996 0.11291300000000003 0.019197999999999996 0.0072360000000000002 0 1
124 linear 3 15 0.39129999999999998 1.8558444451091121 1 61 0.191718 0.0082310000000000005 0.16677899999999993 0.0037239999999999999 0.00076300000000000011 0.0024369999999999999 0.0098840000000000004 0.050875999999999998 0.022436999999999999 0 0.026195 0.00073200000000000001 0.000611 0.0010740000000000001 0.0030019999999999999 0.12712799999999999 0.019115999999999994 0.0072370000000000012 0 2
124 linear 3 23 0.383828 1.8562950021399038 1 61 0.19586600000000001 0.0082539999999999992 0.15458499999999994 0.0039760000000000004 0.00076899999999999994 0.0022720000000000001 0.0095080000000000008 0.053178000000000003 0.022835000000000001 0 0.026859000000000001 0.00066 0.00064199999999999999 0.001024 0.0030360000000000001 0.115365 0.018643 0.0072390000000000015 0 3
124 linear 4 0 0.47031099999999998 6.252070041384358 1 61 0.33538600000000002 0.0090880000000000006 0.10103999999999995 0.0038530000000000001 0.000977 0.002905 0.010825 0.1799 0.034048000000000002 0 0.026128999999999999 0.00087000000000000001 0.00062100000000000002 0.001263 0.0032000000000000002 0.062710000000000002 0.017135999999999998 0.0072760000000000056 0 0
124 linear 4 7 0.39782600000000001 6.319643544379387 1 61 0.19855500000000001 0.0088159999999999992 0.16593400000000005 0.0037220000000000005 0.00088499999999999994 0.0026510000000000001 0.0098799999999999999 0.059472999999999998 0.022374999999999999 0 0.025155 0.00074799999999999997 0.00060099999999999997 0.0010939999999999999 0.0030699999999999998 0.12720500000000001 0.017593999999999999 0.0072390000000000015 0 1
124 linear 4 15 0.38984099999999999 6.3980926724492253 1 61 0.191052 0.0086689999999999996 0.16562600000000005 0.0036909999999999998 0.0008470000000000001 0.0026020000000000001 0.0096019999999999994 0.052160999999999999 0.022461999999999999 0 0.024708000000000001 0.00082100000000000001 0.00062199999999999994 0.00097900000000000005 0.003094 0.12799000000000002 0.016511999999999992 0.0072560000000000003 0 2
124 linear 4 23 0.38730500000000001 6.4778282912314094 1 61 0.181482 0.0086630000000000006 0.17296899999999996 0.0036350000000000002 0.00075799999999999999 0.0024380000000000001 0.0092940000000000002 0.046376000000000001 0.02248 0 0.024896999999999999 0.00071000000000000002 0.00061499999999999999 0.001003 0.003039 0.13517999999999999 0.016841999999999996 0.0072700000000000004 0 3
124 uniform 0 0 0.44611499999999998 5.4879020426975709 1 75 0.31540400000000002 0.011906999999999999 0.092374999999999943 0.0041830000000000001 0.0012209999999999999 0.002898 0.010562999999999999 0.160247 0.022963999999999998 0 0.026901000000000001 0.00078200000000000003 0.00078899999999999999 0.001173 0.0034730000000000004 0.055231000000000002 0.025932 0 0 0
124 uniform 0 7 0.41624 5.380273284835317 1 75 0.20505100000000001 0.012038999999999999 0.17307500000000006 0.0037300000000000002 0.001052 0.0029239999999999999 0.010543 0.051137000000000002 0.022290999999999998 0 0.026918000000000001 0.00078299999999999995 0.00079299999999999998 0.001042 0.0033209999999999997 0.13631799999999997 0.025346999999999977 0 0 1
124 uniform 0 15 0.43022300000000002 5.2551715835838015 1 75 0.19880800000000001 0.011606999999999999 0.194219 0.0034740000000000001 0.00091699999999999995 0.0025929999999999998 0.0098429999999999993 0.051073 0.021318 0 0.027040000000000002 0.00077999999999999999 0.00081599999999999999 0.00098299999999999993 0.0032959999999999995 0.15685499999999999 0.025933999999999985 0 0 2
124 uniform 0 23 0.41834900000000003 5.1279798674513799 1 75 0.1983 0.011494000000000001 0.18309499999999998 0.0035629999999999998 0.00098700000000000003 0.002428 0.0092639999999999997 0.055100999999999997 0.021153999999999999 0 0.025989999999999999 0.00075000000000000002 0.00078200000000000003 0.00093899999999999995 0.0031969999999999998 0.14555799999999999 0.02610999999999996 0 0 3
124 uniform 1 0 0.58024699999999996 23.728764734665802 1 122 0.37868400000000002 0.012224 0.14695300000000006 0.0090480000000000005 0.001402 0.0027650000000000001 0.010285000000000001 0.195658 0.053152999999999999 0 0.026023999999999999 0.00078799999999999996 0.00084400000000000002 0.001132 0.0034749999999999998 0.091037000000000035 0.036918999999999973 0 0 0
124 uniform 1 7 0.47113699999999997 22.788201848928981 1 83 0.223971 0.012314 0.20159299999999997 0.0053629999999999997 0.0011190000000000002 0.0025460000000000001 0.010067 0.052194999999999998 0.041782 0 0.026578000000000001 0.00076499999999999995 0.0007899999999999999 0.001111 0.0035080000000000003 0.163329 0.025036999999999986 0 0 1
124 uniform 1 15 0.46381 21.708201731312304 1 83 0.223471 0.012397999999999999 0.19509999999999991 0.0047820000000000007 0.0012459999999999999 0.002493 0.0095739999999999992 0.048521000000000002 0.051437999999999998 0 0.025524000000000002 0.00069999999999999999 0.00077300000000000003 0.001018 0.0032760000000000003 0.15587399999999993 0.026043999999999991 0 0 2
124 uniform 1 23 0.45718199999999998 20.625830517499143 1 83 0.217999 0.011997000000000001 0.19512499999999999 0.0046879999999999995 0.001036 0.0024060000000000002 0.0093530000000000002 0.055358999999999998 0.040835000000000003 0 0.025675 0.00075000000000000002 0.00082600000000000002 0.00096299999999999999 0.0031669999999999997 0.15614899999999998 0.025782999999999976 0 0 3
124 uniform 2 0 0.496587 15.309688195263707 1 98 0.32570900000000003 0.016771000000000001 0.11486999999999997 0.0058670000000000007 0.0015259999999999998 0.002568 0.010421 0.16655400000000001 0.024279999999999999 0 0.026030000000000001 0.000941 0.00097899999999999984 0.000803 0.0039760000000000004 0.066052 0.032892999999999992 0 0 0
124 uniform 2 7 0.52015599999999995 17.042250781863075 1 82 0.21149599999999999 0.013349 0.26608600000000004 0.0045459999999999997 0.001126 0.0026310000000000001 0.011440000000000001 0.058372 0.025773999999999998 0 0.026162000000000001 0.000785 0.00078299999999999995 0.0010610000000000001 0.0035840000000000004 0.22584600000000013 0.026803000000000014 0 0 1
124 uniform 2 15 0.52524199999999999 17.734885125847704 1 82 0.20641499999999999 0.012553 0.277146 0.0043239999999999997 0.0010280000000000001 0.0026410000000000001 0.011639 0.051332999999999997 0.024066000000000001 0 0.027772000000000002 0.00073700000000000002 0.00081400000000000005 0.000968 0.0036419999999999998 0.23624000000000006 0.027673000000000007 0 0 2
124 uniform 2 23 0.49802299999999999 17.909998519928504 1 82 0.20236000000000001 0.01222 0.25523200000000001 0.0040819999999999997 0.00095000000000000011 0.0024919999999999999 0.0095370000000000003 0.059242000000000003 0.020847000000000001 0 0.026095 0.00076599999999999997 0.00079399999999999989 0.00097300000000000002 0.0034009999999999991 0.21638500000000008 0.025807000000000017 0 0 3
124 uniform 3 0 0.39107500000000001 1.8550253506033438 1 45 0.31853700000000001 0.0085079999999999999 0.046327000000000007 0.0023280000000000002 0.00073599999999999989 0.0028140000000000001 0.010642 0.17138300000000001 0.021947999999999999 0 0.026964999999999999 0.00077800000000000005 0.00061800000000000006 0.0012769999999999999 0.0032049999999999995 0.026687000000000002 0.012889000000000003 0 0 0
124 uniform 3 7 0.33065899999999998 1.8554064796582037 1 45 0.197958 0.0083079999999999994 0.10653800000000002 0.002346 0.00067200000000000007 0.002581 0.009868 0.052045000000000001 0.021033 0 0.031473000000000001 0.00075199999999999996 0.000611 0.0011540000000000001 0.0030929999999999998 0.087163999999999991 0.012606999999999997 0 0 1
124 uniform 3 15 0.332903 1.8558492912261069 1 45 0.188745 0.008319 0.118156 0.002333 0.0006379999999999999 0.002359 0.0098080000000000007 0.051365000000000001 0.020913000000000001 0 0.026006999999999999 0.00070200000000000004 0.00061499999999999999 0.001016 0.0030839999999999995 0.098081000000000002 0.013348999999999998 0 0 2
124 uniform 3 23 0.32281300000000002 1.8562998500431893 1 45 0.19073200000000001 0.0081239999999999993 0.10651200000000002 0.0022889999999999998 0.00055599999999999996 0.0023080000000000002 0.0094490000000000008 0.053081999999999997 0.0207 0 0.026491000000000001 0.00064899999999999995 0.00062399999999999999 0.001067 0.0030409999999999999 0.086902000000000007 0.012867000000000003 0 0 3
124 uniform 4 0 0.43411499999999997 6.2584327972329374 1 45 0.33267000000000002 0.0089800000000000001 0.07381200000000003 0.002663 0.00083599999999999994 0.002643 0.010251 0.178366 0.032351999999999999 0 0.026238000000000001 0.00081700000000000002 0.00060700000000000001 0.001294 0.0032309999999999999 0.055343000000000003 0.011708 0 0 0
124 uniform 4 7 0.33896500000000002 6.3262700963098499 1 45 0.19673499999999999 0.0088240000000000002 0.115566 0.0023140000000000001 0.00066500000000000001 0.0025609999999999999 0.0095420000000000001 0.059702999999999999 0.021073000000000001 0 0.025308000000000001 0.000776 0.00062900000000000011 0.001098 0.0030609999999999999 0.096479999999999996 0.012334999999999999 0 0 1
124 uniform 4 15 0.33138800000000002 6.4050329852193677 1 45 0.184921 0.0086490000000000004 0.12016299999999999 0.0022270000000000002 0.00060599999999999998 0.0023370000000000001 0.0091920000000000005 0.052101000000000001 0.020976999999999999 0 0.024688000000000002 0.00076599999999999997 0.00061199999999999991 0.00098799999999999995 0.0030729999999999998 0.10173299999999999 0.011649999999999997 0 0 2
124 uniform 4 23 0.32536399999999999 6.4850956362618764 1 45 0.179178 0.0085439999999999995 0.119945 0.0022830000000000003 0.00058 0.0021480000000000002 0.0089529999999999992 0.046462999999999997 0.022356000000000001 0 0.024714 0.00068499999999999995 0.000602 0.00092299999999999999 0.0030379999999999999 0.10114199999999998 0.012052999999999999 0 0 3
125 linear 0 0 0.47642400000000001 4775.2705567322873 1 74 0.31612699999999999 0.010498 0.12601199999999996 0.0041590000000000004 0.0013290000000000001 0.002843 0.0099319999999999999 0.16528799999999999 0.023781 0 0.026622 0.00075100000000000004 0.0022100000000000002 0.0011230000000000001 0.0032109999999999999 0.063812999999999967 0.020765999999999996 0.0075890000000000011 0 0
125 linear 0 7 0.51525699999999997 4415.2971939430417 1 74 0.18057100000000001 0.010168 0.30120799999999998 0.0037159999999999997 0.0010040000000000001 0.0026199999999999999 0.009384 0.032421999999999999 0.023040999999999999 0 0.026134999999999999 0.000776 0.0019350000000000001 0.00098700000000000003 0.0030790000000000001 0.23965999999999996 0.02024200000000001 0.0076309999999999998 0 1
125 linear 0 15 0.51188500000000003 3933.118272257861 1 74 0.18049100000000001 0.0098429999999999993 0.29781200000000002 0.0038969999999999999 0.0009540000000000001 0.0025569999999999998 0.0091830000000000002 0.039189000000000002 0.022846000000000002 0 0.025914 0.00082100000000000001 0.0018409999999999998 0.00095699999999999995 0.0031329999999999995 0.23634899999999998 0.020726000000000001 0.007626 0 2
125 linear 0 23 0.50977499999999998 3342.82984615647 1 74 0.181117 0.0096509999999999999 0.29553899999999989 0.00363 0.0011789999999999999 0.0024599999999999999 0.0094540000000000006 0.030998000000000001 0.023276000000000002 0 0.030254 0.00090600000000000001 0.0019680000000000001 0.0010690000000000001 0.0030969999999999995 0.23393600000000012 0.020954000000000011 0.0076090000000000046 0 3
125 linear 1 0 0.67079 6.1044482335490384 1 75 0.48975000000000002 0.011502 0.14252600000000001 0.0046249999999999998 0.0013140000000000001 0.0029910000000000002 0.011639999999999999 0.19050400000000001 0.024458000000000001 0 0.027283999999999999 0.00077200000000000001 0.14395299999999997 0.0011919999999999999 0.0032180000000000004 0.065410999999999997 0.035025999999999981 0.0077049999999999992 0 0
125 linear 1 7 0.59492800000000001 6.1698373445946961 1 75 0.22140899999999999 0.011028 0.3354859999999999 0.0041340000000000005 0.0010809999999999999 0.0027750000000000001 0.01057 0.053064 0.023758999999999999 0 0.026065000000000001 0.00075299999999999998 0.021352000000000003 0.001106 0.0032110000000000003 0.25689699999999999 0.036707999999999984 0.0077300000000000025 0 1
125 linear 1 15 0.73245400000000005 6.2449444672024059 1 75 0.34691499999999997 0.010945 0.34824600000000006 0.0038960000000000002 0.0011490000000000001 0.0026350000000000002 0.010496999999999999 0.052829000000000001 0.023148999999999999 0 0.026957999999999999 0.00078399999999999997 0.14777099999999999 0.00106 0.0031539999999999997 0.27086599999999994 0.035663 0.0077480000000000049 0 2
125 linear 1 23 0.762903 6.3204482728994913 1 75 0.38005100000000003 0.010768 0.34634800000000004 0.0038020000000000003 0.001011 0.0024919999999999999 0.0094629999999999992 0.054394999999999999 0.020759 0 0.025895000000000001 0.00074399999999999998 0.186643 0.00088999999999999995 0.0031380000000000002 0.26851500000000006 0.035552999999999987 0.0077120000000000018 0 3
125 linear 2 0 0.53581199999999995 15.794297572815935 1 75 0.35729 0.010741000000000001 0.14170700000000003 0.0042189999999999997 0.001111 0.0027750000000000001 0.0096430000000000005 0.19241900000000001 0.02163 0 0.026254 0.00074899999999999999 0.022273999999999999 0.00094799999999999995 0.0032810000000000001 0.064197999999999991 0.038356999999999995 0.0077310000000000035 0 0
125 linear 2 7 0.59052400000000005 15.622627607436238 1 75 0.204702 0.012805 0.34652900000000003 0.0040930000000000003 0.001024 0.002552 0.0089849999999999999 0.058875999999999998 0.021153000000000002 0 0.026422000000000001 0.00076000000000000004 0.0053249999999999999 0.00094300000000000004 0.0031970000000000002 0.2698060000000001 0.037628999999999975 0.0077320000000000028 0 1
125 linear 2 15 0.68115499999999995 15.398222532461148 1 91 0.20170299999999999 0.010567 0.43740800000000002 0.0054820000000000008 0.0011620000000000001 0.0024529999999999999 0.0089079999999999993 0.058772999999999999 0.020981 0 0.025616 0.00074200000000000004 0.0049789999999999999 0.00088400000000000002 0.0032030000000000001 0.34415499999999982 0.046061999999999999 0.0095100000000000011 0 2
125 linear 2 23 0.67831300000000005 15.124840779613228 1 91 0.20017399999999999 0.010779 0.43505400000000005 0.0059439999999999996 0.001124 0.0023860000000000001 0.0092709999999999997 0.053233000000000003 0.021127 0 0.026058999999999999 0.00078700000000000005 0.0052719999999999998 0.00096900000000000003 0.0033079999999999997 0.34088499999999988 0.047558999999999942 0.0095189999999999979 0 3
125 linear 3 0 0.62936300000000001 866.10459720137226 1 53 0.44281599999999999 0.011191 0.15292699999999998 0.0036699999999999997 0.00069699999999999992 0.0028279999999999998 0.01077 0.18777199999999999 0.026128999999999999 0 0.026231000000000001 0.000883 0.10423899999999998 0.0012290000000000001 0.003741 0.098310999999999996 0.018640000000000004 0.0052419999999999975 0 0
125 linear 3 7 0.44024099999999999 873.52659021185059 1 53 0.211781 0.0097190000000000002 0.19660300000000006 0.0033400000000000001 0.00064499999999999996 0.002826 0.011398999999999999 0.052502 0.025343999999999998 0 0.026099000000000001 0.000852 0.011685000000000001 0.0011199999999999999 0.0035569999999999998 0.14405000000000007 0.016978999999999994 0.0052549999999999993 0 1
125 linear 3 15 0.61191600000000002 882.11895960398908 1 53 0.38153700000000002 0.0097809999999999998 0.1987280000000001 0.0033809999999999995 0.00068100000000000007 0.0026359999999999999 0.0097389999999999994 0.052779 0.024905 0 0.027081999999999998 0.00083000000000000001 0.17910100000000001 0.001093 0.0036109999999999996 0.14563300000000001 0.017580999999999999 0.0052379999999999987 0 2
125 linear 3 23 0.40326299999999998 890.8269688939497 1 53 0.192938 0.0093220000000000004 0.17963200000000001 0.003336 0.00066500000000000001 0.0026050000000000001 0.0099260000000000008 0.052122000000000002 0.022133 0 0.025949 0.00084999999999999995 0.0031739999999999997 0.00099200000000000004 0.0031769999999999997 0.12774699999999997 0.017393999999999989 0.0051149999999999989 0 3
125 linear 4 0 0.55691299999999999 1774.9534697202075 1 90 0.331617 0.016708000000000001 0.174928 0.0055579999999999996 0.001503 0.0025179999999999998 0.0096249999999999999 0.17432800000000001 0.02146 0 0.026758000000000001 0.00075699999999999997 0.0022599999999999999 0.00075699999999999997 0.0035109999999999998 0.090095999999999982 0.029468999999999995 0.0090380000000000044 0 0
125 linear 4 7 0.61746599999999996 1764.8869541566485 1 90 0.19784499999999999 0.016272999999999999 0.36951499999999998 0.0056249999999999998 0.0012670000000000001 0.0024429999999999999 0.0090819999999999998 0.045359999999999998 0.020767999999999998 0 0.026387000000000001 0.00084099999999999995 0.0022279999999999995 0.00074600000000000003 0.0036260000000000003 0.28409400000000001 0.029361999999999996 0.0090410000000000039 0 1
125 linear 4 15 0.63229400000000002 1754.5777695397228 1 90 0.201984 0.016639000000000001 0.38083300000000003 0.0052560000000000003 0.0012209999999999999 0.0025170000000000001 0.0093769999999999999 0.045217 0.020888 0 0.026606999999999999 0.00075799999999999999 0.0022750000000000001 0.00070399999999999998 0.0035359999999999996 0.29556899999999997 0.029474 0.009130000000000001 0 2
125 linear 4 23 0.60152499999999998 1745.4172784391876 1 90 0.19581399999999999 0.016435000000000002 0.35670800000000014 0.0048640000000000003 0.0011770000000000001 0.0024510000000000001 0.0092079999999999992 0.043334999999999999 0.020952999999999999 0 0.026938 0.00082899999999999998 0.002297 0.00061499999999999999 0.0035460000000000005 0.27234599999999998 0.029117000000000001 0.0090420000000000014 0 3
125 uniform 0 0 0.44150200000000001 4728.0376983270671 1 74 0.31212499999999999 0.010434000000000001 0.095947000000000046 0.0035839999999999995 0.001106 0.0024810000000000001 0.0098750000000000001 0.165182 0.024072 0 0.026006000000000001 0.00080699999999999999 0.0018979999999999999 0.0013129999999999999 0.0031459999999999999 0.064053000000000013 0.020802000000000005 0 0 0
125 uniform 0 7 0.48652299999999998 4437.0047400004141 1 74 0.18034700000000001 0.012547000000000001 0.27067700000000006 0.0033569999999999997 0.0008969999999999999 0.002431 0.0096159999999999995 0.032485 0.024216000000000001 0 0.026824000000000001 0.00083500000000000002 0.0019779999999999997 0.0011770000000000001 0.0032520000000000001 0.23935899999999996 0.020194999999999994 0 0 1
125 uniform 0 15 0.48323700000000003 4033.5925814845737 1 74 0.183252 0.0097300000000000008 0.26765200000000006 0.0030090000000000004 0.00095999999999999992 0.0023939999999999999 0.0093659999999999993 0.039379999999999998 0.024058 0 0.026252000000000001 0.000834 0.0018799999999999997 0.0010120000000000001 0.0031570000000000001 0.23589900000000014 0.020655000000000017 0 0 2
125 uniform 0 23 0.47364200000000001 3495.2336273743599 1 74 0.17213400000000001 0.0096439999999999998 0.26898699999999998 0.0031979999999999995 0.0011049999999999999 0.0022539999999999999 0.0089060000000000007 0.030809 0.022827 0 0.025641000000000001 0.00084199999999999998 0.0017819999999999999 0.0010629999999999999 0.0030240000000000002 0.23688600000000004 0.020942000000000006 0 0 3
125 uniform 1 0 0.63368500000000005 6.4653244422071543 1 75 0.48633300000000002 0.011534000000000001 0.10979700000000001 0.0037000000000000002 0.0011539999999999999 0.0028679999999999999 0.011336000000000001 0.19045200000000001 0.023553000000000001 0 0.026776999999999999 0.00086399999999999997 0.14352399999999998 0.0011169999999999999 0.0033149999999999994 0.063504999999999992 0.035043999999999999 0 0 0
125 uniform 1 7 0.56653600000000004 6.526668805449197 1 75 0.22435099999999999 0.011110999999999999 0.30449599999999993 0.004092000000000001 0.0010369999999999999 0.0028779999999999999 0.010756999999999999 0.055781999999999998 0.022436999999999999 0 0.025912999999999999 0.00081800000000000004 0.021333000000000001 0.00101 0.0033210000000000006 0.25619900000000007 0.036592 0 0 1
125 uniform 1 15 0.69928100000000004 6.5969829506844775 1 75 0.34131099999999998 0.011098999999999999 0.32125500000000012 0.0036419999999999998 0.0009859999999999999 0.002777 0.010581 0.053053000000000003 0.022727000000000001 0 0.026966 0.000767 0.142737 0.0010070000000000001 0.0031319999999999998 0.27100000000000002 0.038967999999999996 0 0 2
125 uniform 1 23 0.72901499999999997 6.6675136026746644 1 75 0.38243199999999999 0.010838 0.31021000000000015 0.0036150000000000002 0.00093899999999999995 0.0025969999999999999 0.0097000000000000003 0.054419000000000002 0.022638999999999999 0 0.025942 0.00073499999999999998 0.18675100000000003 0.00099099999999999991 0.003124 0.26313099999999989 0.035718 0 0 3
125 uniform 2 0 0.53274900000000003 16.114073852846879 1 91 0.35951 0.010806 0.131768 0.0051970000000000002 0.0011389999999999998 0.0027520000000000001 0.0096629999999999997 0.19398099999999999 0.021781999999999999 0 0.026328000000000001 0.00073399999999999995 0.022315999999999999 0.00095500000000000001 0.0030919999999999997 0.071425000000000016 0.046696999999999982 0 0 0
125 uniform 2 7 0.63979699999999995 15.957738695775623 1 91 0.20436399999999999 0.010633 0.393596 0.0049449999999999997 0.0011359999999999999 0.0023779999999999999 0.0092200000000000008 0.058646999999999998 0.020983999999999999 0 0.026575000000000001 0.00072000000000000005 0.0053399999999999993 0.00090499999999999999 0.0031829999999999996 0.33236100000000007 0.046448999999999969 0 0 1
125 uniform 2 15 0.66782900000000001 15.739736183986723 1 99 0.20231099999999999 0.010626999999999999 0.42206400000000022 0.0055519999999999996 0.0011230000000000001 0.0022910000000000001 0.0093970000000000008 0.058642 0.020795999999999999 0 0.025930000000000002 0.00071199999999999996 0.0049649999999999998 0.00085300000000000003 0.0032459999999999998 0.35539500000000002 0.050650999999999995 0 0 2
125 uniform 2 23 0.67510599999999998 15.448568483567815 1 99 0.20135600000000001 0.010768 0.42961100000000024 0.0059120000000000006 0.0011310000000000001 0.0023410000000000002 0.0091120000000000003 0.053034999999999999 0.020878000000000001 0 0.026178 0.00077999999999999999 0.0052979999999999998 0.000892 0.0032689999999999998 0.36150399999999999 0.05247700000000001 0 0 3
125 uniform 3 0 0.55694399999999999 866.30813953078643 1 37 0.43891200000000002 0.0098219999999999991 0.09327400000000001 0.0019850000000000002 0.00055699999999999999 0.0027039999999999998 0.011115999999999999 0.18787899999999999 0.022445 0 0.026034999999999999 0.00081099999999999998 0.10409600000000002 0.001279 0.0033070000000000005 0.074743999999999991 0.012922999999999999 0 0 0
125 uniform 3 7 0.337532 873.73647988275673 1 37 0.20321400000000001 0.0094470000000000005 0.11005699999999999 0.0019580000000000001 0.00052899999999999996 0.0026329999999999999 0.0098890000000000002 0.051182999999999999 0.022117999999999999 0 0.025930000000000002 0.00073700000000000002 0.011581999999999999 0.0010839999999999999 0.0032109999999999999 0.092610999999999999 0.011873 0 0 1
125 uniform 3 15 0.50720799999999999 882.33632106345556 1 37 0.36807499999999999 0.0096880000000000004 0.11468800000000005 0.001905 0.00049600000000000002 0.0024290000000000002 0.0096989999999999993 0.050934 0.0218 0 0.025752000000000001 0.00073700000000000002 0.17883999999999997 0.0009859999999999999 0.0034679999999999997 0.09634100000000001 0.012599999999999991 0 0 2
125 uniform 3 23 0.332538 891.05203455382139 1 37 0.203152 0.0095329999999999998 0.10486499999999999 0.0019339999999999997 0.00053400000000000008 0.0023410000000000002 0.0097429999999999999 0.056429 0.024898 0 0.026679000000000001 0.00077800000000000005 0.0032230000000000002 0.0011310000000000001 0.0034879999999999998 0.086146000000000028 0.012954999999999998 0 0 3
125 uniform 4 0 0.49976100000000001 1778.4101019653949 1 74 0.33730399999999999 0.017069999999999998 0.11865500000000001 0.0037680000000000001 0.0011099999999999999 0.002555 0.010436000000000001 0.17237 0.024718 0 0.028216999999999999 0.00079199999999999995 0.002202 0.00075500000000000003 0.0036909999999999998 0.08283500000000002 0.024329999999999997 0 0 0
125 uniform 4 7 0.51123799999999997 1768.0361550769776 1 74 0.21127499999999999 0.016241999999999999 0.25750699999999999 0.0036649999999999999 0.000883 0.002379 0.0096849999999999992 0.047122999999999998 0.022845000000000001 0 0.029714999999999998 0.000861 0.0022729999999999998 0.00073399999999999995 0.0036960000000000005 0.22351399999999996 0.022853000000000002 0 0 1
125 uniform 4 15 0.50882099999999997 1757.4240519266582 1 74 0.196128 0.016289000000000001 0.27091299999999996 0.0032950000000000002 0.00089999999999999998 0.0023830000000000001 0.0090720000000000002 0.045154 0.020662 0 0.026225999999999999 0.000812 0.002196 0.000669 0.0035620000000000001 0.23647399999999996 0.023344999999999994 0 0 2
125 uniform 4 23 0.49102400000000002 1748.0031696982287 1 74 0.19936300000000001 0.015990000000000001 0.25014700000000001 0.0033079999999999997 0.0009630000000000001 0.0022829999999999999 0.0088769999999999995 0.043781 0.020723999999999999 0 0.026155000000000001 0.00081999999999999998 0.0021959999999999996 0.00066799999999999997 0.00348 0.215534 0.023479999999999997 0 0 3
126 linear 0 0 0.55762999999999996 4.9343416090910726 1 73 0.30066500000000002 0.0097990000000000004 0.22285100000000008 0.0043389999999999991 0.0010970000000000001 0.003042 0.010599000000000001 0.14618300000000001 0.022461999999999999 0 0.026544000000000002 0.00085999999999999998 0.0017720000000000001 0.0012019999999999999 0.0034129999999999998 0.087828999999999977 0.026963999999999985 0.013226999999999994 0 0
126 linear 0 7 0.42205700000000002 5.0673101218709311 1 73 0.164157 0.0093799999999999994 0.22513199999999997 0.0038979999999999996 0.00095300000000000007 0.0031129999999999999 0.011828 0.0061029999999999999 0.021647 0 0.027532000000000001 0.0046449999999999998 0.0017210000000000001 0.00093499999999999996 0.0031620000000000007 0.088709999999999983 0.026458999999999983 0.013028000000000005 0 1
126 linear 0 15 0.46556999999999998 5.150459940533505 1 89 0.15831400000000001 0.0096589999999999992 0.26932900000000015 0.0053659999999999992 0.0010710000000000001 0.0030899999999999999 0.01154 0.0065170000000000002 0.021753000000000002 0 0.028554 0.00088599999999999996 0.001635 0.00084800000000000001 0.003045 0.10071700000000003 0.033796000000000007 0.017073999999999995 0 2
126 linear 0 23 0.46347899999999997 5.161757394552299 1 89 0.14652200000000001 0.0092929999999999992 0.27639300000000011 0.0055120000000000004 0.001031 0.002957 0.010862 0.0067210000000000004 0.011193 0 0.027869999999999999 0.00082799999999999996 0.0016440000000000001 0.00092000000000000003 0.0029870000000000009 0.10433499999999996 0.033048999999999988 0.017010000000000001 0 3
126 linear 1 0 0.38267400000000001 1.120233614265447 1 53 0.28045300000000001 0.0062469999999999999 0.075482999999999981 0.0041600000000000005 0.00081400000000000005 0.0030869999999999999 0.012001 0.13569500000000001 0.023262999999999999 0 0.028549999999999999 0.00095699999999999995 0.001232 0.0012700000000000001 0.0024970000000000001 0.032022000000000002 0.013375000000000001 0.0073770000000000007 0 0
126 linear 1 7 0.25153799999999998 1.1115688396739769 1 53 0.14460799999999999 0.0059100000000000003 0.081344999999999973 0.0037100000000000002 0.00071400000000000001 0.0028530000000000001 0.011016 0.0081250000000000003 0.022699 0 0.026921 0.00083900000000000001 0.001191 0.00083299999999999997 0.0021450000000000002 0.034490000000000007 0.013220000000000003 0.0073470000000000028 0 1
126 linear 1 15 0.25719500000000001 1.1024224102311524 1 53 0.147898 0.0057429999999999998 0.084166000000000019 0.0034580000000000001 0.00069899999999999997 0.0029399999999999999 0.010836999999999999 0.0070390000000000001 0.027269999999999999 0 0.026735999999999999 0.00078399999999999997 0.001147 0.00083900000000000001 0.0021609999999999997 0.037483999999999996 0.013291999999999998 0.0071860000000000023 0 2
126 linear 1 23 0.26737100000000003 1.0939929312068317 1 60 0.14602999999999999 0.0060080000000000003 0.094365999999999978 0.0034480000000000001 0.00078600000000000002 0.002843 0.011102000000000001 0.0081499999999999993 0.023272000000000001 0 0.027559 0.00080999999999999996 0.0011459999999999999 0.00096599999999999995 0.0023099999999999996 0.041008999999999997 0.015247000000000009 0.008316999999999998 0 3
126 linear 2 0 0.42437900000000001 2.673687269703616 1 59 0.310336 0.0092479999999999993 0.082605999999999985 0.0039489999999999994 0.00087699999999999996 0.0030270000000000002 0.011129999999999999 0.15173700000000001 0.023966999999999999 0 0.026988999999999999 0.00089400000000000005 0.0019769999999999996 0.0013929999999999999 0.0034320000000000002 0.040095999999999979 0.018253999999999996 0.0087950000000000059 0 0
126 linear 2 7 0.28525400000000001 2.7240140721015709 1 59 0.17793600000000001 0.0087189999999999993 0.07723099999999998 0.003555 0.00084800000000000001 0.0030999999999999999 0.010976 0.019380999999999999 0.028413000000000001 0 0.026452 0.00081599999999999999 0.0017769999999999999 0.0012570000000000001 0.0033899999999999998 0.035089000000000009 0.018117999999999988 0.0088059999999999996 0 1
126 linear 2 15 0.294074 2.7307434943155497 1 73 0.16761000000000001 0.0091439999999999994 0.094065999999999969 0.0038700000000000002 0.001013 0.0027469999999999999 0.010421 0.014576 0.023923 0 0.028288000000000001 0.00090799999999999995 0.0017669999999999999 0.001031 0.0029839999999999997 0.044016999999999994 0.02144399999999998 0.010441000000000001 0 2
126 linear 2 23 0.28652499999999997 2.6822771819487841 1 73 0.16586400000000001 0.0089210000000000001 0.08912500000000001 0.0037829999999999999 0.001005 0.0027680000000000001 0.010463 0.016081999999999999 0.023845000000000002 0 0.027378 0.00080800000000000002 0.0017290000000000001 0.000959 0.0030049999999999994 0.040345000000000006 0.020156999999999998 0.010476000000000004 0 3
126 linear 3 0 0.42206100000000002 1.8970683572637099 1 59 0.31122 0.0089280000000000002 0.080901999999999988 0.0035119999999999999 0.00080900000000000004 0.003003 0.01085 0.15587599999999999 0.023695999999999998 0 0.028955999999999999 0.00089400000000000005 0.0016930000000000001 0.001214 0.003235 0.037974999999999995 0.019115999999999994 0.008850000000000002 0 0
126 linear 3 7 0.27168199999999998 1.9701906747008147 1 59 0.164573 0.0088500000000000002 0.076902000000000026 0.0033449999999999999 0.00072800000000000002 0.0027810000000000001 0.010451999999999999 0.010997 0.023702999999999998 0 0.028257000000000001 0.00079299999999999998 0.0018 0.0011299999999999999 0.0034249999999999997 0.035012999999999996 0.018150000000000006 0.0087740000000000005 0 1
126 linear 3 15 0.257137 2.0525921088492618 1 51 0.16369700000000001 0.0086090000000000003 0.067361000000000004 0.0026069999999999999 0.00054100000000000003 0.0027190000000000001 0.010276 0.015893999999999998 0.021610999999999998 0 0.027487000000000001 0.00072099999999999996 0.001738 0.001041 0.003176 0.030748999999999995 0.015561000000000004 0.0078420000000000052 0 2
126 linear 3 23 0.26662999999999998 2.129182329523204 1 59 0.161028 0.0084080000000000005 0.077473999999999973 0.0032020000000000004 0.00073599999999999989 0.0026909999999999998 0.010441000000000001 0.016677000000000001 0.021180000000000001 0 0.026554999999999999 0.00074200000000000004 0.0017590000000000001 0.00092100000000000005 0.0031600000000000005 0.033498000000000007 0.020296999999999989 0.0087779999999999993 0 3
126 linear 4 0 0.39246999999999999 1.2871980537745786 1 60 0.29139799999999999 0.0086800000000000002 0.069738000000000008 0.0042330000000000007 0.00081499999999999997 0.0027569999999999999 0.010933 0.14088800000000001 0.022397 0 0.027139 0.00089400000000000005 0.0022439999999999999 0.0010529999999999999 0.0029629999999999999 0.033479999999999996 0.015768000000000001 0.0071310000000000002 0 0
126 linear 4 7 0.25558399999999998 1.2648048009732855 1 60 0.15598100000000001 0.0084580000000000002 0.068481999999999973 0.0041650000000000003 0.00072900000000000005 0.0027399999999999998 0.010409 0.0085280000000000009 0.021309000000000002 0 0.027088999999999998 0.00083799999999999999 0.0021570000000000001 0.00099700000000000006 0.0028459999999999996 0.032736999999999988 0.015314000000000001 0.0071240000000000001 0 1
126 linear 4 15 0.26237199999999999 1.2414840036155521 1 60 0.15668399999999999 0.0082939999999999993 0.075215000000000004 0.0038600000000000001 0.00069399999999999996 0.002859 0.010623 0.0079469999999999992 0.021346 0 0.027671000000000001 0.00083900000000000001 0.0020359999999999996 0.0009859999999999999 0.0027659999999999998 0.035422999999999996 0.018856000000000005 0.0071190000000000012 0 2
126 linear 4 23 0.24718999999999999 1.2203875459631015 1 53 0.151254 0.0082990000000000008 0.066330999999999987 0.0034279999999999996 0.00066 0.0026649999999999998 0.010255999999999999 0.0069170000000000004 0.021430000000000001 0 0.027614 0.00083600000000000005 0.0019170000000000001 0.00091500000000000001 0.0027079999999999995 0.034887999999999995 0.013462000000000007 0.0062780000000000006 0 3
126 uniform 0 0 0.45849800000000002 4.7313394291028787 1 73 0.299846 0.0095580000000000005 0.12618100000000002 0.0037759999999999994 0.001034 0.002885 0.010942 0.14530899999999999 0.024390999999999999 0 0.026912999999999999 0.00083699999999999996 0.0018569999999999999 0.0011150000000000001 0.003251 0.086952000000000015 0.027050999999999999 0 0 0
126 uniform 0 7 0.34918300000000002 4.8202987861979905 1 89 0.15844800000000001 0.0091509999999999994 0.154388 0.00464 0.00093400000000000004 0.0027690000000000002 0.010772 0.0060150000000000004 0.023493 0 0.027310999999999998 0.00089400000000000005 0.001817 0.00095100000000000002 0.0031380000000000006 0.101396 0.03772099999999997 0 0 1
126 uniform 0 15 0.346972 4.8749367914121873 1 89 0.15865199999999999 0.0096690000000000005 0.15053000000000005 0.0050710000000000009 0.001026 0.0026879999999999999 0.01073 0.0059519999999999998 0.023116999999999999 0 0.027984999999999999 0.000812 0.0018500000000000001 0.00092000000000000003 0.0032930000000000004 0.10117999999999998 0.034077999999999976 0 0 2
126 uniform 0 23 0.32219399999999998 4.8823138551071628 1 81 0.149252 0.009247 0.13899799999999998 0.0039540000000000009 0.00082400000000000008 0.0029060000000000002 0.011353 0.006313 0.012798 0 0.027807999999999999 0.00082700000000000004 0.0017799999999999999 0.00089899999999999995 0.0030679999999999995 0.09371100000000003 0.031239999999999987 0 0 3
126 uniform 1 0 0.34273199999999998 1.1201995967675595 1 37 0.28290500000000002 0.0062230000000000002 0.040622999999999992 0.002173 0.00061799999999999995 0.0029550000000000002 0.011743999999999999 0.13600100000000001 0.026863999999999999 0 0.028215 0.00095299999999999996 0.001214 0.001168 0.0025230000000000001 0.025831000000000003 0.0092800000000000018 0 0 0
126 uniform 1 7 0.19939499999999999 1.111465532214768 1 37 0.14393700000000001 0.0058630000000000002 0.037166000000000005 0.0019 0.00060599999999999998 0.0028029999999999999 0.01068 0.008201 0.023425999999999999 0 0.026776999999999999 0.00087100000000000003 0.0011789999999999999 0.00081099999999999998 0.002006 0.022352000000000004 0.0092340000000000026 0 0 1
126 uniform 1 15 0.20215 1.1023163198329835 1 37 0.14332800000000001 0.0057149999999999996 0.040299999999999996 0.0019859999999999999 0.00053200000000000003 0.0027929999999999999 0.010430999999999999 0.0071879999999999999 0.023141999999999999 0 0.027215 0.000825 0.0011389999999999998 0.00078399999999999997 0.002062 0.025574000000000006 0.0092130000000000042 0 0 2
126 uniform 1 23 0.21466499999999999 1.0939569797157169 1 44 0.147067 0.0058430000000000001 0.047333000000000007 0.0020449999999999999 0.00063699999999999998 0.0029390000000000002 0.010832 0.0081290000000000008 0.023505999999999999 0 0.028563000000000002 0.00075299999999999998 0.001139 0.00084800000000000001 0.0023549999999999999 0.029550000000000007 0.011253000000000004 0 0 3
126 uniform 2 0 0.40749999999999997 2.7111647508117303 1 59 0.30991200000000002 0.0091559999999999992 0.067276999999999976 0.003117 0.00089000000000000006 0.003016 0.011272000000000001 0.150835 0.027427 0 0.026761 0.00087500000000000002 0.0019040000000000001 0.001371 0.0033769999999999998 0.039391000000000016 0.018218999999999996 0 0 0
126 uniform 2 7 0.26286700000000002 2.7645393690335096 1 59 0.17061899999999999 0.0087360000000000007 0.062764999999999987 0.0029039999999999999 0.00076899999999999994 0.002849 0.010684000000000001 0.019621 0.024035000000000001 0 0.026362 0.00085800000000000004 0.001872 0.001183 0.0032899999999999995 0.034885999999999993 0.018259999999999995 0 0 1
126 uniform 2 15 0.27487899999999998 2.7715341954773778 1 73 0.16608200000000001 0.0091170000000000001 0.077150999999999983 0.0034450000000000001 0.00094800000000000006 0.0026250000000000002 0.010551 0.014822 0.023650000000000001 0 0.028195999999999999 0.00082200000000000003 0.0017179999999999999 0.0010380000000000001 0.0029880000000000002 0.04394300000000001 0.021527999999999992 0 0 2
126 uniform 2 23 0.28068300000000002 2.7198378377253571 1 73 0.17006499999999999 0.0091970000000000003 0.07869200000000004 0.0036830000000000001 0.00084999999999999995 0.0026949999999999999 0.010645 0.016330000000000001 0.023848999999999999 0 0.027762999999999999 0.00082799999999999996 0.0018730000000000001 0.0010510000000000001 0.0030639999999999999 0.040954000000000004 0.020085999999999996 0 0 3
126 uniform 3 0 0.39438499999999999 1.9064513812724744 1 51 0.30657800000000002 0.0089429999999999996 0.060278000000000019 0.0026390000000000003 0.00063199999999999997 0.0029030000000000002 0.011072 0.15298600000000001 0.022183999999999999 0 0.026960000000000001 0.00080800000000000002 0.001768 0.001217 0.0033430000000000005 0.035287999999999986 0.016598999999999996 0 0 0
126 uniform 3 7 0.23930999999999999 1.9811090765729302 1 51 0.15740699999999999 0.0086309999999999998 0.05513500000000001 0.0024510000000000001 0.00059800000000000001 0.0027520000000000001 0.010496999999999999 0.011074000000000001 0.021825000000000001 0 0.025673000000000001 0.00074899999999999999 0.0017100000000000001 0.0010839999999999999 0.0030989999999999998 0.030950999999999996 0.015775999999999998 0 0 1
126 uniform 3 15 0.241201 2.0654400593158968 1 51 0.16153500000000001 0.0084370000000000001 0.05389299999999999 0.0024309999999999996 0.00056599999999999999 0.0025339999999999998 0.01031 0.015674 0.021548000000000001 0 0.027456000000000001 0.00073800000000000005 0.0017079999999999999 0.0010610000000000001 0.0031249999999999997 0.030048999999999996 0.015451000000000001 0 0 2
126 uniform 3 23 0.24857299999999999 2.1440304029561963 1 59 0.159938 0.0084229999999999999 0.060346999999999998 0.0030130000000000001 0.00070999999999999991 0.0026640000000000001 0.010466 0.016438999999999999 0.021139000000000002 0 0.026464999999999999 0.00076900000000000004 0.0016949999999999999 0.00097799999999999992 0.0031619999999999999 0.033403000000000002 0.017389999999999985 0 0 3
126 uniform 4 0 0.36306699999999997 1.2886423779446219 1 44 0.29332599999999998 0.0087240000000000009 0.045360000000000011 0.0025120000000000003 0.00058200000000000005 0.0027950000000000002 0.010954999999999999 0.14075499999999999 0.022231999999999998 0 0.026785 0.00092400000000000002 0.0022300000000000002 0.001219 0.0029680000000000002 0.027117999999999993 0.011648999999999998 0 0 0
126 uniform 4 7 0.22084200000000001 1.2660908902215382 1 44 0.15636700000000001 0.0084480000000000006 0.040896999999999996 0.0021880000000000003 0.00054799999999999998 0.0029619999999999998 0.01044 0.0086320000000000008 0.021312999999999999 0 0.027129 0.00099299999999999996 0.0020340000000000002 0.0009990000000000001 0.0029819999999999994 0.023083000000000003 0.011221999999999999 0 0 1
126 uniform 4 15 0.225019 1.2426168198379122 1 44 0.159249 0.0083730000000000002 0.042444999999999983 0.0021090000000000002 0.00059100000000000005 0.0026909999999999998 0.010036 0.0081849999999999996 0.020813999999999999 0 0.027185000000000001 0.000843 0.0019680000000000001 0.00097999999999999997 0.0028270000000000001 0.023559999999999994 0.012299999999999997 0 0 2
126 uniform 4 23 0.20994299999999999 1.221385335176266 1 37 0.150481 0.0082970000000000006 0.035947000000000014 0.0021069999999999999 0.00057499999999999999 0.0025170000000000001 0.010036 0.0065440000000000003 0.021191999999999999 0 0.027095000000000001 0.00083000000000000001 0.002 0.00096699999999999998 0.0029349999999999997 0.020660999999999999 0.009695000000000004 0 0 3
127 linear 0 0 0.84913899999999998 15.945855722683483 1 98 0.61277000000000004 0.048465000000000001 0.15208799999999995 0.0066429999999999996 0.0015419999999999998 0.0032550000000000001 0.011617000000000001 0.19031100000000001 0.021831 0 0.027141999999999999 0.00082100000000000001 0.26794000000000001 0.0011039999999999999 0.0033639999999999998 0.067932000000000006 0.044522000000000034 0.011181999999999999 0 0
127 linear 0 7 0.93368799999999996 15.709366696618895 1 98 0.59645300000000001 0.043622000000000001 0.25813799999999998 0.0062399999999999999 0.001286 0.0029499999999999999 0.010866000000000001 0.046693999999999999 0.021357000000000001 0 0.026554000000000001 0.00082899999999999998 0.40004899999999999 0.0011039999999999999 0.0033139999999999997 0.17508800000000005 0.043212999999999953 0.011143999999999998 0 1
127 linear 0 15 0.75128600000000001 15.382427541291264 1 98 0.33901199999999998 0.042992000000000002 0.33029299999999995 0.0072870000000000001 0.0013099999999999997 0.002823 0.010718 0.050255000000000001 0.021332 0 0.026519999999999998 0.00079900000000000001 0.13884400000000002 0.00094899999999999997 0.0046360000000000004 0.23770600000000006 0.043365000000000008 0.012344000000000004 0 2
127 linear 0 23 0.68290499999999998 15.002513072753734 1 98 0.306338 0.04265 0.29778999999999994 0.0058869999999999999 0.0014170000000000001 0.0040210000000000003 0.010348 0.046429999999999999 0.024027 0 0.02929 0.000776 0.10074200000000001 0.0010950000000000001 0.0038779999999999999 0.20530500000000007 0.048755000000000027 0.011985000000000001 0 3
127 linear 1 0 1.164617 73.533198774817322 1 159 0.60858900000000005 0.015626000000000001 0.48473000000000005 0.011721000000000001 0.0021029999999999998 0.002957 0.012444 0.18803500000000001 0.045744 0 0.026190000000000001 0.00081499999999999997 0.22942500000000002 0.00080500000000000005 0.0043330000000000009 0.22878200000000015 0.13328199999999985 0.029208999999999999 0 0
127 linear 1 7 1.0250889999999999 73.484010424002022 1 159 0.41396300000000003 0.015176 0.54239100000000007 0.010599000000000001 0.0017459999999999999 0.0029580000000000001 0.010631 0.045408999999999998 0.031759000000000003 0 0.026120000000000001 0.00082299999999999995 0.19923499999999997 0.000745 0.0041700000000000001 0.29027900000000001 0.12942299999999982 0.029138999999999981 0 1
127 linear 1 15 1.0234080000000001 73.449291534596085 1 159 0.420379 0.01503 0.53446100000000007 0.010059 0.0017390000000000001 0.002869 0.010718 0.048419999999999998 0.031653000000000001 0 0.026523999999999999 0.00079799999999999999 0.201268 0.00076800000000000002 0.0040990000000000002 0.28116399999999991 0.13045399999999971 0.029198999999999985 0 2
127 linear 1 23 0.988228 73.431222165826924 1 159 0.383017 0.014862 0.53786199999999995 0.0095469999999999999 0.0018050000000000002 0.0027539999999999999 0.010119 0.051561000000000003 0.043493999999999998 0 0.025774999999999999 0.00075000000000000002 0.15088199999999999 0.00071100000000000004 0.0040039999999999997 0.28447 0.13033699999999987 0.029186999999999994 0 3
127 linear 2 0 0.56711400000000001 11.742410534830871 1 69 0.43620599999999998 0.0086789999999999992 0.093167999999999973 0.0051109999999999992 0.00092699999999999987 0.0029380000000000001 0.011037999999999999 0.172323 0.034645000000000002 0 0.026540000000000001 0.00089099999999999997 0.10303799999999999 0.001433 0.003284 0.038775000000000004 0.027739999999999997 0.0079420000000000011 0 0
127 linear 2 7 0.52025299999999997 11.740693366093824 1 69 0.271762 0.0084030000000000007 0.21252299999999999 0.00428 0.00085899999999999995 0.0028110000000000001 0.010286 0.020926 0.02368 0 0.027650000000000001 0.000834 0.10426100000000001 0.001158 0.0030620000000000001 0.15730100000000008 0.028756000000000004 0.007956000000000003 0 1
127 linear 2 15 0.42366599999999999 11.738730076134186 1 69 0.167768 0.0082299999999999995 0.21998800000000002 0.0039769999999999996 0.00088999999999999995 0.0027139999999999998 0.009639 0.020552000000000001 0.026136 0 0.026578000000000001 0.00080199999999999998 0.002846 0.0011069999999999999 0.0029679999999999997 0.16680800000000004 0.026642999999999997 0.0079570000000000023 0 2
127 linear 2 23 0.40947299999999998 11.736765907371021 1 69 0.15920100000000001 0.0080230000000000006 0.214918 0.0039510000000000005 0.00077000000000000007 0.002431 0.0090969999999999992 0.020278999999999998 0.022630000000000001 0 0.025944999999999999 0.00076999999999999996 0.0028580000000000003 0.00096900000000000003 0.0029699999999999996 0.16028699999999999 0.028202000000000001 0.0079369999999999979 0 3
127 linear 3 0 0.58949499999999999 1803.3613577245328 1 90 0.34522799999999998 0.016809000000000001 0.19156100000000004 0.0062290000000000002 0.001335 0.0027179999999999999 0.011098999999999999 0.17202400000000001 0.025288999999999999 0 0.026627000000000001 0.00087100000000000003 0.011821999999999999 0.00076099999999999996 0.0037939999999999996 0.10421699999999998 0.036473999999999993 0.013538 0 0
127 linear 3 7 0.70012200000000002 1844.0883278786714 1 90 0.28625800000000001 0.016795000000000001 0.36113399999999996 0.0060289999999999996 0.001193 0.0025490000000000001 0.010485 0.023230000000000001 0.023560999999999999 0 0.026700999999999999 0.000843 0.103898 0.00070500000000000001 0.0038440000000000006 0.27145200000000003 0.04222299999999999 0.013783999999999994 0 1
127 linear 3 15 0.62772399999999995 1894.465926981532 1 97 0.18975800000000001 0.016728 0.38522299999999976 0.0059629999999999996 0.0013470000000000001 0.002565 0.01026 0.024117 0.021054 0 0.026690999999999999 0.00087000000000000001 0.011900999999999998 0.00071299999999999998 0.0037169999999999998 0.29310199999999986 0.040384999999999983 0.01458700000000001 0 2
127 linear 3 23 0.56971099999999997 1952.3294725015353 1 89 0.18004100000000001 0.016518999999999999 0.3406260000000001 0.0052779999999999997 0.001627 0.002418 0.0096209999999999993 0.026078 0.020813999999999999 0 0.025701000000000002 0.00088400000000000002 0.0035759999999999998 0.00070299999999999996 0.0036350000000000002 0.26352999999999999 0.037257999999999972 0.012000000000000002 0 3
127 linear 4 0 0.526196 15.752634976101385 1 98 0.33605600000000002 0.013894 0.14020299999999997 0.0058219999999999999 0.0015870000000000001 0.0026970000000000002 0.010744999999999999 0.175096 0.021565000000000001 0 0.026086000000000002 0.00080000000000000004 0.0046390000000000008 0.00071400000000000001 0.003607 0.061106999999999988 0.043214999999999941 0.011450999999999999 0 0
127 linear 4 7 0.46851999999999999 15.680865619597691 1 98 0.18238299999999999 0.013717 0.23616300000000012 0.0057400000000000003 0.0013940000000000001 0.002709 0.010127000000000001 0.020407000000000002 0.020990000000000002 0 0.025845 0.00082799999999999996 0.0045230000000000001 0.00063199999999999997 0.0034870000000000005 0.15834399999999998 0.04217599999999995 0.011452000000000002 0 1
127 linear 4 15 0.47765800000000003 15.604771258431674 1 98 0.18149199999999999 0.013406 0.24702100000000007 0.0055640000000000004 0.0013829999999999999 0.0026220000000000002 0.010298 0.020642000000000001 0.020951999999999998 0 0.026637000000000001 0.00087100000000000003 0.0046709999999999998 0.000687 0.003601 0.16806900000000005 0.04340399999999995 0.011436000000000003 0 2
127 linear 4 23 0.49162499999999998 15.534167345379281 1 98 0.18000099999999999 0.013435000000000001 0.26268099999999994 0.0054759999999999991 0.001188 0.0025630000000000002 0.010052 0.020315 0.020844999999999999 0 0.026298999999999999 0.00085099999999999998 0.0046350000000000002 0.00066500000000000001 0.0034569999999999996 0.18316299999999991 0.044112999999999958 0.011392999999999993 0 3
127 uniform 0 0 0.80269100000000004 15.797915493647151 1 82 0.60855099999999995 0.052443999999999998 0.11318599999999998 0.0042449999999999996 0.0013159999999999999 0.0027899999999999999 0.010689000000000001 0.19015099999999999 0.021496999999999999 0 0.026953000000000001 0.00082399999999999997 0.26742299999999997 0.0012160000000000001 0.003702 0.063237000000000015 0.037220000000000003 0 0 0
127 uniform 0 7 0.88672700000000004 15.566948280026182 1 82 0.60004299999999999 0.045474000000000001 0.20779100000000003 0.0047519999999999993 0.0011590000000000001 0.0028040000000000001 0.011572000000000001 0.047724000000000003 0.024421999999999999 0 0.025794000000000001 0.00088599999999999996 0.39953500000000003 0.001091 0.0035999999999999999 0.14778199999999994 0.044192999999999989 0 0 1
127 uniform 0 15 0.60191799999999995 15.263044428547529 1 82 0.346771 0.042806999999999998 0.18467699999999998 0.0039720000000000007 0.0010690000000000001 0.0028149999999999998 0.012232 0.051622000000000001 0.024294 0 0.026873000000000001 0.00085700000000000001 0.13885399999999998 0.001065 0.0036319999999999998 0.13747300000000001 0.034915999999999982 0 0 2
127 uniform 0 23 0.54207399999999994 14.920737546585501 1 74 0.29169299999999998 0.042474999999999999 0.18271900000000005 0.0033550000000000003 0.000919 0.002663 0.010142 0.045354999999999999 0.021315000000000001 0 0.026332000000000001 0.00080500000000000005 0.100591 0.000901 0.003346 0.13918499999999998 0.032496000000000004 0 0 3
127 uniform 1 0 0.956345 77.163599679675187 1 127 0.59775900000000004 0.015415 0.29982500000000023 0.0075299999999999994 0.0018489999999999999 0.002859 0.011261 0.186753 0.042963000000000001 0 0.026571000000000001 0.00084099999999999995 0.226605 0.00074700000000000005 0.0043189999999999999 0.18214799999999989 0.09586100000000003 0 0 0
127 uniform 1 7 0.81651200000000002 77.043669860504764 1 127 0.41473300000000002 0.015324000000000001 0.34337600000000007 0.0072109999999999995 0.00164 0.0028010000000000001 0.010768 0.045147 0.032136999999999999 0 0.026249000000000001 0.00081899999999999996 0.197329 0.000785 0.0043379999999999998 0.22585899999999992 0.095738000000000031 0 0 1
127 uniform 1 15 0.80320899999999995 76.937131865714804 1 127 0.41374 0.014846 0.33235400000000009 0.0064279999999999997 0.0015790000000000001 0.0028080000000000002 0.010083 0.048444000000000001 0.031294000000000002 0 0.025878000000000002 0.00081999999999999998 0.19927999999999998 0.00071100000000000004 0.0040289999999999996 0.21810300000000005 0.092415999999999859 0 0 2
127 uniform 1 23 0.77365300000000004 76.853680287669192 1 127 0.37987399999999999 0.014489999999999999 0.33806200000000008 0.0061380000000000002 0.0014910000000000001 0.0026310000000000001 0.0097990000000000004 0.051701999999999998 0.043230999999999999 0 0.02579 0.00075600000000000005 0.150897 0.00070500000000000001 0.0038710000000000003 0.22147900000000004 0.093862999999999933 0 0 3
127 uniform 2 0 0.50462399999999996 11.743405184531332 1 37 0.43405199999999999 0.0084410000000000006 0.047169999999999983 0.002052 0.00059800000000000001 0.0028900000000000002 0.011072 0.167849 0.034839000000000002 0 0.026698 0.00090700000000000004 0.10526099999999999 0.0014859999999999999 0.0031389999999999999 0.026803000000000011 0.014665999999999997 0 0 0
127 uniform 2 7 0.39651900000000001 11.741688846212179 1 37 0.26968799999999998 0.0084030000000000007 0.103201 0.002163 0.00052000000000000006 0.0027599999999999999 0.010152 0.020857000000000001 0.022616000000000001 0 0.026571999999999998 0.00080199999999999998 0.10473599999999998 0.00125 0.0032030000000000001 0.081640000000000004 0.015924999999999998 0 0 1
127 uniform 2 15 0.29279500000000003 11.739726502099005 1 37 0.16562299999999999 0.0082640000000000005 0.104023 0.001877 0.00049599999999999991 0.0026510000000000001 0.010426 0.020632999999999999 0.023154000000000001 0 0.026970999999999998 0.00087000000000000001 0.0029049999999999996 0.0010399999999999999 0.003143 0.083608000000000002 0.014745999999999995 0 0 2
127 uniform 2 23 0.287103 11.737763275742319 1 37 0.16413800000000001 0.0082290000000000002 0.10023499999999999 0.001843 0.00047600000000000002 0.0023210000000000001 0.009306 0.020531000000000001 0.022669999999999999 0 0.026297999999999998 0.00079699999999999997 0.002977 0.001 0.0030559999999999997 0.078680000000000028 0.015858000000000001 0 0 3
127 uniform 3 0 0.51294300000000004 1809.9456118832236 1 74 0.34240300000000001 0.017016 0.12504500000000002 0.0042880000000000001 0.0011299999999999999 0.002689 0.010975 0.17230500000000001 0.023241000000000001 0 0.026327 0.00089499999999999996 0.011826 0.00082200000000000003 0.0035500000000000002 0.085551000000000002 0.027547000000000002 0 0 0
127 uniform 3 7 0.60138000000000003 1851.9482667832494 1 74 0.280335 0.016840999999999998 0.27323100000000011 0.0040880000000000005 0.00098200000000000023 0.0025209999999999998 0.010205000000000001 0.023127000000000002 0.022768 0 0.026043 0.00083100000000000003 0.10342499999999999 0.00069700000000000003 0.0036650000000000003 0.234072 0.027191000000000003 0 0 1
127 uniform 3 15 0.54985799999999996 1904.4140363655279 1 89 0.190913 0.017062000000000001 0.30973199999999995 0.0048040000000000001 0.0011639999999999999 0.0024480000000000001 0.010153000000000001 0.024046000000000001 0.021094999999999999 0 0.025971000000000001 0.00083600000000000005 0.011856999999999999 0.00074299999999999995 0.0038899999999999994 0.26155700000000004 0.033999999999999975 0 0 2
127 uniform 3 23 0.53052900000000003 1965.685686412643 1 81 0.18724199999999999 0.016562 0.29803299999999999 0.0040600000000000002 0.0011829999999999998 0.0024529999999999999 0.0099620000000000004 0.025957999999999998 0.020836 0 0.026109 0.000825 0.0035209999999999998 0.00070399999999999998 0.0035919999999999997 0.25603500000000001 0.029038999999999999 0 0 3
127 uniform 4 0 0.48448000000000002 15.763359449125327 1 82 0.33800999999999998 0.013901999999999999 0.10330600000000001 0.0041310000000000001 0.001312 0.002774 0.011002 0.175097 0.021392000000000001 0 0.026058000000000001 0.000794 0.004725 0.000696 0.0036340000000000001 0.052891999999999967 0.03818599999999997 0 0 0
127 uniform 4 7 0.40338200000000002 15.690367964640995 1 82 0.18142 0.013608 0.17899699999999999 0.0040280000000000003 0.0011410000000000001 0.0026350000000000002 0.010093 0.020587999999999999 0.020760000000000001 0 0.025963 0.00084800000000000001 0.0045570000000000003 0.00057799999999999995 0.003530000000000001 0.12970300000000001 0.037041999999999992 0 0 1
127 uniform 4 15 0.40817799999999999 15.61311211327892 1 82 0.175707 0.013535999999999999 0.19022700000000001 0.0039409999999999992 0.0010430000000000001 0.0025019999999999999 0.0097800000000000005 0.020405 0.020611999999999998 0 0.025582000000000001 0.00078600000000000002 0.0046389999999999999 0.00067199999999999996 0.0034110000000000008 0.13950699999999999 0.038377999999999989 0 0 2
127 uniform 4 23 0.42918699999999999 15.541543240204277 1 82 0.176506 0.013452 0.209482 0.0041640000000000002 0.0011669999999999999 0.0024160000000000002 0.00958 0.020230999999999999 0.020674999999999999 0 0.0258 0.000852 0.0047729999999999995 0.00076199999999999998 0.0033979999999999995 0.15797300000000003 0.039018000000000011 0 0 3
128 linear 0 0 0.75247699999999995 7.4548234906698045 1 101 0.44254300000000002 0.010159 0.27183400000000002 0.0050540000000000003 0.0013449999999999998 0.0029429999999999999 0.011518 0.17560700000000001 0.011726 0 0.027814999999999999 0.00079799999999999999 0.12361800000000001 0.001291 0.0039250000000000005 0.079830000000000026 0.032443999999999987 0.012997 0 0
128 linear 0 7 0.46567199999999997 7.1252910819893849 1 100 0.17427500000000001 0.0090900000000000009 0.25330799999999998 0.004555 0.0011559999999999999 0.0028319999999999999 0.011057000000000001 0.0059109999999999996 0.022138999999999999 0 0.027378 0.0039950000000000003 0.010931 0.001101 0.0038040000000000005 0.079575000000000035 0.031369999999999974 0.012289000000000003 0 1
128 linear 0 15 0.62838899999999998 6.6226329110031124 1 115 0.27511799999999997 0.012113000000000001 0.29931500000000028 0.006522 0.0015050000000000003 0.0030010000000000002 0.012478 0.0064720000000000003 0.025874000000000001 0 0.027555 0.000883 0.10483300000000001 0.0011869999999999999 0.0041549999999999998 0.095468000000000053 0.040502999999999963 0.016045000000000004 0 2
128 linear 0 23 0.51250799999999996 5.9598394608169816 1 115 0.170238 0.011363 0.29665399999999992 0.0063740000000000003 0.001307 0.0030400000000000002 0.012264000000000001 0.0082360000000000003 0.025433000000000001 0 0.026903 0.00085099999999999998 0.0027599999999999999 0.001157 0.0039329999999999999 0.093005999999999991 0.04207799999999997 0.015497000000000011 0 3
128 linear 1 0 0.627216 5.9497315750038169 1 87 0.31632700000000002 0.0075830000000000003 0.27676900000000004 0.0043369999999999997 0.001145 0.0029819999999999998 0.01261 0.16156400000000001 0.025804000000000001 0 0.027900999999999999 0.00092100000000000005 0.0011069999999999999 0.001243 0.0033189999999999995 0.087390999999999927 0.032169000000000017 0.014203000000000006 0 0
128 linear 1 7 0.47274100000000002 6.0822777019543084 1 87 0.16997699999999999 0.0072259999999999998 0.2697159999999999 0.0043449999999999999 0.00092600000000000007 0.0029060000000000002 0.011712999999999999 0.022665000000000001 0.022259000000000001 0 0.028967 0.00092100000000000005 0.0018249999999999998 0.001189 0.0029889999999999999 0.085761000000000018 0.033771000000000023 0.012823000000000008 0 1
128 linear 1 15 0.553087 6.1113888995094907 1 94 0.25456600000000001 0.010094000000000001 0.25919900000000012 0.0049559999999999995 0.00109 0.0028540000000000002 0.011069000000000001 0.023335000000000002 0.021936000000000001 0 0.028296999999999999 0.00083699999999999996 0.081735999999999989 0.00070200000000000004 0.003359 0.075395999999999991 0.030275999999999983 0.012311000000000008 0 2
128 linear 1 23 0.58063100000000001 6.007552835571734 1 101 0.27028999999999997 0.0097070000000000004 0.27259499999999998 0.0042240000000000003 0.0012560000000000002 0.0029390000000000002 0.011587999999999999 0.022671 0.022103000000000001 0 0.028021000000000001 0.00084999999999999995 0.096201000000000009 0.00070200000000000004 0.0032439999999999999 0.081687999999999969 0.032488999999999997 0.013354000000000005 0 3
128 linear 2 0 0.70454000000000006 4.3464702451970956 1 93 0.45831300000000003 0.012893 0.20539499999999997 0.0044780000000000002 0.00101 0.0029229999999999998 0.011441 0.15781600000000001 0.021985000000000001 0 0.027418000000000001 0.00091699999999999995 0.13954899999999998 0.0012149999999999999 0.0039979999999999998 0.09919299999999999 0.037085999999999987 0.016561999999999997 0 0
128 linear 2 7 0.57942800000000005 4.7239001308609385 1 116 0.273702 0.0078270000000000006 0.26515300000000003 0.0056829999999999997 0.0012149999999999999 0.0027339999999999999 0.011220000000000001 0.023413 0.022095 0 0.026383 0.00087500000000000002 0.10627199999999999 0.00156 0.0034580000000000001 0.11079199999999997 0.052181999999999978 0.023982999999999997 0 1
128 linear 2 15 0.61863400000000002 5.0527394021016345 1 101 0.26574999999999999 0.0076229999999999996 0.31798300000000002 0.004268000000000001 0.0011620000000000001 0.0030739999999999999 0.011320999999999999 0.022044999999999999 0.023309 0 0.028684000000000001 0.00084599999999999996 0.096761 0.0012830000000000001 0.0032030000000000001 0.104312 0.040069000000000042 0.017638999999999998 0 2
128 linear 2 23 0.57184199999999996 5.158951027335787 1 86 0.274704 0.0072639999999999996 0.26689600000000008 0.003529 0.00083000000000000001 0.0027810000000000001 0.011181 0.021777000000000001 0.023982 0 0.027647000000000001 0.00087399999999999999 0.109024 0.001191 0.0029849999999999998 0.096745999999999985 0.035261999999999995 0.014563999999999999 0 3
128 linear 3 0 0.44920199999999999 2.9923678379330485 1 82 0.31571300000000002 0.0091629999999999993 0.097317999999999988 0.0051339999999999997 0.001116 0.0030109999999999998 0.01137 0.15984999999999999 0.024077999999999999 0 0.027966000000000001 0.00093300000000000002 0.0019119999999999999 0.001093 0.0032069999999999998 0.044296000000000009 0.021293999999999993 0.011853000000000004 0 0
128 linear 3 7 0.32817800000000003 2.9023488159887685 1 90 0.16983300000000001 0.012623000000000001 0.11703199999999996 0.0052129999999999998 0.0013060000000000001 0.0029039999999999999 0.011136999999999999 0.018814000000000001 0.023175000000000001 0 0.027994000000000002 0.00088000000000000003 0.001872 0.00095100000000000002 0.0030989999999999998 0.059251999999999992 0.023337000000000007 0.012741000000000002 0 1
128 linear 3 15 0.32615300000000003 2.7873423300313349 1 98 0.166355 0.0087760000000000008 0.12041000000000003 0.0054799999999999988 0.0014009999999999999 0.0027920000000000002 0.010663000000000001 0.017897 0.023096999999999999 0 0.027746 0.00088900000000000003 0.0018470000000000001 0.000825 0.0031219999999999998 0.058017999999999986 0.025282999999999986 0.013714 0 2
128 linear 3 23 0.31567299999999998 2.6660896330669153 1 90 0.16501399999999999 0.0087539999999999996 0.115966 0.0046950000000000004 0.0012780000000000001 0.0026259999999999999 0.010567 0.018268 0.022442 0 0.027480999999999998 0.00077399999999999995 0.0018140000000000001 0.00087500000000000002 0.002977 0.063384000000000024 0.021320999999999993 0.011209999999999998 0 3
128 linear 4 0 0.436973 2.1478677320598401 1 67 0.32301099999999999 0.0091789999999999997 0.080884999999999999 0.0040029999999999996 0.0011050000000000001 0.0027980000000000001 0.01103 0.171372 0.023681000000000001 0 0.026183000000000001 0.000834 0.0017329999999999997 0.0011850000000000001 0.0032659999999999998 0.036024000000000007 0.018599999999999988 0.0097120000000000001 0 0
128 linear 4 7 0.28836000000000001 2.2218689349529566 1 67 0.16663800000000001 0.0088590000000000006 0.088323999999999972 0.0041679999999999998 0.00099100000000000013 0.002715 0.010699999999999999 0.014357999999999999 0.023269000000000001 0 0.026029 0.00083100000000000003 0.0018280000000000002 0.001152 0.0032539999999999995 0.043483000000000008 0.018337999999999993 0.0097710000000000002 0 1
128 linear 4 15 0.27530700000000002 2.3081487731401342 1 59 0.16916999999999999 0.0087039999999999999 0.076107000000000008 0.0035939999999999995 0.00088800000000000001 0.0026510000000000001 0.010458 0.019806000000000001 0.022818000000000001 0 0.02751 0.00078100000000000001 0.0017689999999999997 0.00094499999999999998 0.0030850000000000001 0.036524000000000015 0.016104999999999998 0.0087930000000000005 0 2
128 linear 4 23 0.27708700000000003 2.3942737130754081 1 59 0.16888300000000001 0.008515 0.078795999999999977 0.0033549999999999995 0.00101 0.0026440000000000001 0.010447 0.021589000000000001 0.020962000000000001 0 0.027335999999999999 0.00081700000000000002 0.0017549999999999998 0.00086899999999999998 0.0029659999999999999 0.038679000000000019 0.016463000000000002 0.0088310000000000003 0 3
128 uniform 0 0 0.597194 7.1552879960742741 1 93 0.44123099999999998 0.010116 0.12165899999999999 0.0035560000000000001 0.001116 0.0029550000000000002 0.011431999999999999 0.17505299999999999 0.011768000000000001 0 0.027681000000000001 0.00085300000000000003 0.12335699999999999 0.0010349999999999999 0.0037410000000000004 0.077089999999999992 0.030241999999999981 0 0 0
128 uniform 0 7 0.34111000000000002 6.9261159844266382 1 100 0.17250799999999999 0.0091489999999999991 0.13093400000000002 0.0041669999999999997 0.0010629999999999999 0.0028500000000000001 0.010888999999999999 0.006149 0.022214000000000001 0 0.027196000000000001 0.00086700000000000004 0.010963999999999998 0.0010820000000000001 0.0038960000000000002 0.084156000000000022 0.031464999999999993 0 0 1
128 uniform 0 15 0.447716 6.5607769558284996 1 115 0.26333400000000001 0.010788000000000001 0.14251299999999995 0.0040459999999999992 0.001338 0.0030079999999999998 0.011413 0.0061799999999999997 0.021451000000000001 0 0.027505000000000002 0.00090200000000000002 0.10463699999999999 0.0012179999999999999 0.0037740000000000004 0.086951000000000014 0.037320999999999972 0 0 2
128 uniform 0 23 0.34245599999999998 6.0426482703778959 1 115 0.16025900000000001 0.010173 0.14079599999999998 0.0041999999999999997 0.001181 0.0029910000000000002 0.010912 0.007208 0.021963 0 0.02648 0.00078899999999999999 0.0027489999999999997 0.001106 0.0035270000000000002 0.085253999999999983 0.037333999999999957 0 0 3
128 uniform 1 0 0.47556300000000001 6.03344322993226 1 87 0.30969000000000002 0.0075900000000000004 0.133239 0.003346 0.00097099999999999997 0.0029759999999999999 0.011415 0.16275500000000001 0.022325999999999999 0 0.028309999999999998 0.00092199999999999997 0.001031 0.00125 0.0032900000000000004 0.086219999999999963 0.032066999999999957 0 0 0
128 uniform 1 7 0.336758 6.1401836717611777 1 87 0.170068 0.0072259999999999998 0.13378299999999999 0.0038010000000000001 0.00086499999999999999 0.0028809999999999999 0.011076000000000001 0.022468999999999999 0.022277999999999999 0 0.028392000000000001 0.00088000000000000003 0.001895 0.0013190000000000001 0.0031779999999999998 0.085117999999999985 0.03377599999999998 0 0 1
128 uniform 1 15 0.41529300000000002 6.1643181391399224 1 94 0.258716 0.0099249999999999998 0.11888900000000001 0.0040130000000000001 0.001052 0.0028189999999999999 0.010652 0.023143 0.022013000000000001 0 0.028045 0.00084000000000000003 0.081855999999999998 0.00084099999999999995 0.0033240000000000006 0.073659999999999989 0.030186999999999967 0 0 2
128 uniform 1 23 0.43349199999999999 6.0801818613561673 1 101 0.26752700000000001 0.0096150000000000003 0.12888500000000006 0.00379 0.001122 0.0028180000000000002 0.010817999999999999 0.022453000000000001 0.021992999999999999 0 0.028119000000000002 0.00082100000000000001 0.096226000000000006 0.00068999999999999997 0.0032139999999999998 0.080407999999999993 0.032345999999999993 0 0 3
128 uniform 2 0 0.65998000000000001 4.4403755808012475 1 93 0.45748800000000001 0.014054000000000001 0.16056300000000004 0.0040190000000000009 0.0010140000000000001 0.0027299999999999998 0.011106 0.15453800000000001 0.021811000000000001 0 0.027227000000000001 0.00084400000000000002 0.14285600000000001 0.0011789999999999999 0.003954 0.10560000000000003 0.038389999999999973 0 0 0
128 uniform 2 7 0.51783500000000005 4.8725417624612533 1 124 0.28141699999999997 0.0091889999999999993 0.19184999999999997 0.0053530000000000001 0.0015209999999999998 0.002846 0.012196 0.025002 0.025054 0 0.026332999999999999 0.00086399999999999997 0.106322 0.0018309999999999999 0.0035299999999999997 0.11230299999999997 0.056338999999999841 0 0 1
128 uniform 2 15 0.478244 5.2284724050938181 1 101 0.27679799999999999 0.0078370000000000002 0.16646 0.0037239999999999999 0.0011720000000000001 0.0030100000000000001 0.012494 0.023503 0.02555 0 0.028354000000000001 0.00085300000000000003 0.10127800000000001 0.0012650000000000001 0.0033839999999999999 0.10790600000000003 0.040975999999999943 0 0 2
128 uniform 2 23 0.45192199999999999 5.3263661154487556 1 86 0.27633999999999997 0.0071440000000000002 0.14648700000000001 0.0027330000000000002 0.00080500000000000005 0.0028110000000000001 0.012364999999999999 0.023033999999999999 0.025420000000000002 0 0.027719000000000001 0.00085300000000000003 0.10571800000000001 0.001047 0.0028130000000000004 0.096483000000000041 0.035226999999999967 0 0 3
128 uniform 3 0 0.429203 3.0122277971855267 1 82 0.316353 0.0093640000000000008 0.077436000000000005 0.0044749999999999998 0.0011180000000000001 0.0029459999999999998 0.011065999999999999 0.15997500000000001 0.022096000000000001 0 0.030761 0.00096199999999999996 0.0020109999999999998 0.001096 0.0031740000000000002 0.04303199999999998 0.021339000000000011 0 0 0
128 uniform 3 7 0.29120699999999999 2.9201837798255119 1 82 0.168324 0.008966 0.087506999999999988 0.0044009999999999995 0.0011749999999999998 0.0027209999999999999 0.010718999999999999 0.018561000000000001 0.021425 0 0.027623000000000002 0.00084699999999999999 0.0019599999999999999 0.001134 0.0031530000000000004 0.053210000000000014 0.021296000000000002 0 0 1
128 uniform 3 15 0.29713800000000001 2.8028142540967504 1 90 0.16705400000000001 0.0087849999999999994 0.09327199999999998 0.0047159999999999997 0.0012619999999999999 0.0028570000000000002 0.011087 0.018109 0.021812999999999999 0 0.028105999999999999 0.00083699999999999996 0.001903 0.00095799999999999998 0.0030620000000000005 0.055478999999999973 0.023581000000000012 0 0 2
128 uniform 3 23 0.28515299999999999 2.679320200584201 1 82 0.16616600000000001 0.0088020000000000008 0.087478999999999987 0.0036200000000000004 0.001201 0.002594 0.010782999999999999 0.018453000000000001 0.021243000000000001 0 0.027541 0.000834 0.0018179999999999997 0.00095 0.0049760000000000004 0.055812000000000035 0.019449000000000001 0 0 3
128 uniform 4 0 0.41673300000000002 2.1538341821397777 1 67 0.31862200000000002 0.0091090000000000008 0.065405999999999992 0.0036099999999999999 0.0011280000000000001 0.0027980000000000001 0.011259999999999999 0.16784099999999999 0.021753000000000002 0 0.026571999999999998 0.00084500000000000005 0.0018670000000000002 0.0012520000000000001 0.0032170000000000002 0.035891000000000006 0.018746999999999982 0 0 0
128 uniform 4 7 0.26211299999999998 2.2286127192705991 1 67 0.15975700000000001 0.0087349999999999997 0.070713999999999999 0.0034020000000000001 0.0010790000000000001 0.0027399999999999998 0.010557 0.014253999999999999 0.021169 0 0.025756000000000001 0.00081800000000000004 0.0017399999999999998 0.0010059999999999999 0.002993 0.041787999999999992 0.018166999999999996 0 0 1
128 uniform 4 15 0.26299499999999998 2.3158842208523467 1 59 0.164851 0.014367 0.062387000000000019 0.0031619999999999999 0.00093000000000000005 0.0025639999999999999 0.010302 0.019762999999999999 0.020833999999999998 0 0.026384999999999999 0.00083900000000000001 0.001719 0.00091299999999999997 0.0030850000000000001 0.036574999999999989 0.016219999999999995 0 0 2
128 uniform 4 23 0.25498300000000002 2.4030974988238705 1 51 0.169629 0.0086040000000000005 0.058449000000000008 0.002647 0.00067699999999999998 0.0028240000000000001 0.010913000000000001 0.021850999999999999 0.021558999999999998 0 0.027921000000000001 0.00084999999999999995 0.0017070000000000002 0.000959 0.003009 0.035644999999999996 0.014396999999999998 0 0 3
129 linear 0 0 0.97634799999999999 3137.7059272878246 1 113 0.61057899999999998 0.01064 0.31035900000000011 0.0090869999999999996 0.001268 0.0030249999999999999 0.011054 0.18534100000000001 0.106991 0 0.026492000000000002 0.00083299999999999997 0.185971 0.001075 0.0034580000000000001 0.15256400000000006 0.060103999999999998 0.019373999999999995 0 0
129 linear 0 7 0.98814999999999997 3076.5035234390175 1 113 0.50048599999999999 0.010526000000000001 0.43258099999999988 0.0089810000000000011 0.0010380000000000001 0.002807 0.010596 0.051125999999999998 0.115733 0 0.025843999999999999 0.000794 0.20657900000000001 0.0010449999999999999 0.0032929999999999995 0.27573799999999993 0.060144999999999969 0.019332999999999999 0 1
129 linear 0 15 0.956044 3003.8951274309616 1 113 0.49037199999999997 0.010137 0.41138700000000011 0.0083379999999999999 0.001083 0.002676 0.010433 0.051263000000000003 0.106504 0 0.026159999999999999 0.00081499999999999997 0.20538099999999998 0.00093700000000000001 0.0032809999999999996 0.25688199999999989 0.058424999999999956 0.019325000000000002 0 2
129 linear 0 23 0.82179800000000003 2928.9320581204352 1 113 0.347001 0.009672 0.42247099999999987 0.0074410000000000006 0.00094900000000000008 0.002611 0.010130999999999999 0.051173999999999997 0.065356999999999998 0 0.025831 0.00088400000000000002 0.104339 0.00094300000000000004 0.0032179999999999999 0.26506199999999985 0.061656999999999955 0.019344999999999991 0 3
129 linear 1 0 0.71038500000000004 204.89226991548432 1 67 0.53959199999999996 0.013228 0.13337900000000003 0.0042509999999999996 0.0012719999999999999 0.0025569999999999998 0.010788000000000001 0.18438299999999999 0.023349000000000002 0 0.026672999999999999 0.00090700000000000004 0.20189900000000002 0.001103 0.0033720000000000004 0.083086999999999994 0.019436999999999999 0.0074769999999999993 0 0
129 linear 1 7 0.73380000000000001 217.98370109536879 1 67 0.45158999999999999 0.012661 0.24598200000000001 0.003797 0.0009540000000000001 0.002513 0.010152 0.051499999999999997 0.021256000000000001 0 0.031254999999999998 0.00088099999999999995 0.24822700000000003 0.001013 0.0033290000000000004 0.19515300000000005 0.019769999999999996 0.0074850000000000038 0 1
129 linear 1 15 0.58106999999999998 232.69609386672468 1 67 0.30343199999999998 0.012678 0.24136599999999989 0.0037949999999999998 0.0010659999999999999 0.0023960000000000001 0.0097179999999999992 0.051773 0.020959999999999999 0 0.025444000000000001 0.00081800000000000004 0.107625 0.00098400000000000007 0.0034160000000000002 0.19151200000000004 0.019153999999999997 0.0074930000000000014 0 2
129 linear 1 23 0.67027999999999999 247.0907217246357 1 67 0.392455 0.012279999999999999 0.24221199999999993 0.0034160000000000002 0.001026 0.002581 0.0099150000000000002 0.050372 0.021451000000000001 0 0.025748 0.000843 0.197294 0.00091299999999999997 0.003359 0.192025 0.019586999999999993 0.007465000000000002 0 3
129 linear 2 0 0.47247499999999998 1.9203766861006448 1 61 0.32927600000000001 0.0085100000000000002 0.109761 0.0041089999999999998 0.00088900000000000003 0.0028969999999999998 0.011434 0.17191999999999999 0.032181000000000001 0 0.026210000000000001 0.00076099999999999996 0.00061200000000000013 0.001217 0.0032240000000000003 0.04424800000000001 0.021628000000000005 0.0056300000000000013 0 0
129 linear 2 7 0.58863299999999996 3.3649854694866748 1 75 0.22512499999999999 0.011194000000000001 0.32543400000000017 0.0041830000000000001 0.001348 0.0027460000000000002 0.010265 0.052698000000000002 0.042188000000000003 0 0.025634000000000001 0.00076900000000000004 0.00247 0.0011709999999999999 0.0034659999999999999 0.24486599999999997 0.03511899999999997 0.0074930000000000014 0 1
129 linear 2 15 0.55337899999999995 7.0500630094507803 1 75 0.253444 0.010997 0.26211099999999987 0.0041989999999999996 0.0012270000000000002 0.0026280000000000001 0.01311 0.049525 0.031357999999999997 0 0.025474 0.00074399999999999998 0.044894000000000003 0.00095 0.0033169999999999996 0.182729 0.033857999999999978 0.0074970000000000011 0 2
129 linear 2 23 0.52002700000000002 10.978615008106484 1 75 0.21843799999999999 0.011105 0.26316099999999998 0.0041789999999999996 0.0012520000000000001 0.002624 0.010093 0.052802000000000002 0.034997 0 0.027082999999999999 0.00078200000000000003 0.0022880000000000001 0.00095299999999999996 0.0034780000000000002 0.18439300000000003 0.032308000000000003 0.0076749999999999952 0 3
129 linear 3 0 0.485124 1.871713499936821 1 61 0.34281699999999998 0.0098209999999999999 0.10665999999999996 0.0042450000000000005 0.00094699999999999993 0.0027460000000000002 0.010593 0.183447 0.034944999999999997 0 0.026370999999999999 0.00081300000000000003 0.00066100000000000002 0.001157 0.0034499999999999999 0.041126000000000003 0.020663999999999998 0.0057439999999999956 0 0
129 linear 3 7 0.44863500000000001 1.8715310538307133 1 61 0.20771899999999999 0.0084700000000000001 0.20713600000000001 0.0039330000000000007 0.00080999999999999996 0.0027290000000000001 0.011122 0.053268000000000003 0.034785000000000003 0 0.025593000000000001 0.000825 0.000602 0.0010579999999999999 0.0029970000000000001 0.14170500000000003 0.020123000000000002 0.0057030000000000023 0 1
129 linear 3 15 0.44576300000000002 1.8713227026470405 1 61 0.20372699999999999 0.008123 0.2090189999999999 0.0038329999999999996 0.00078699999999999994 0.002519 0.0093830000000000007 0.056494000000000003 0.030887999999999999 0 0.025797 0.00082600000000000002 0.00066199999999999994 0.001013 0.0030180000000000003 0.14421699999999998 0.021154000000000003 0.0055870000000000008 0 2
129 linear 3 23 0.44026199999999999 1.8711145206354203 1 61 0.20119799999999999 0.0081359999999999991 0.20660999999999999 0.0037520000000000001 0.00071499999999999992 0.0023530000000000001 0.0092720000000000007 0.056136999999999999 0.030693999999999999 0 0.025876 0.00076999999999999996 0.00060099999999999997 0.0010169999999999999 0.002957 0.142457 0.02046700000000002 0.0055990000000000024 0 3
129 linear 4 0 0.55949000000000004 18.311963470110708 1 98 0.34433799999999998 0.014255 0.16382799999999997 0.0062820000000000003 0.0014140000000000001 0.0026459999999999999 0.0099260000000000008 0.173314 0.032149999999999998 0 0.025717 0.00073899999999999997 0.0047299999999999998 0.00076900000000000004 0.0036800000000000005 0.06668799999999997 0.044002999999999987 0.010213000000000003 0 0
129 linear 4 7 0.62008099999999999 18.714732978744856 1 98 0.205901 0.013492000000000001 0.36085599999999995 0.0057609999999999996 0.001165 0.0025769999999999999 0.0095060000000000006 0.039999 0.031512999999999999 0 0.025899999999999999 0.00074200000000000004 0.0044740000000000005 0.00069999999999999999 0.0035150000000000003 0.26282800000000001 0.044962000000000016 0.010248999999999999 0 1
129 linear 4 15 0.62055300000000002 19.216851566975947 1 98 0.209452 0.013264 0.36160599999999998 0.0055919999999999989 0.0011900000000000001 0.0024320000000000001 0.0090740000000000005 0.046598000000000001 0.031269999999999999 0 0.025163999999999999 0.00064199999999999999 0.0045690000000000001 0.00069700000000000003 0.003452999999999999 0.26530899999999985 0.043006000000000016 0.010215000000000002 0 2
129 linear 4 23 0.57951699999999995 19.771609561386352 1 90 0.21381700000000001 0.014723999999999999 0.31964900000000002 0.0048010000000000006 0.0011459999999999999 0.0023370000000000001 0.0091590000000000005 0.051436000000000003 0.032869000000000002 0 0.024712999999999999 0.00070100000000000002 0.0044130000000000003 0.00064999999999999997 0.0033139999999999992 0.23019099999999998 0.039350999999999983 0.0092649999999999989 0 3
129 uniform 0 0 0.89744100000000004 2987.600893092148 1 113 0.60916800000000004 0.010673 0.23315599999999984 0.0085419999999999992 0.0012520000000000001 0.0027390000000000001 0.010344000000000001 0.18478700000000001 0.108418 0 0.025575000000000001 0.00083100000000000003 0.18545299999999998 0.0011349999999999999 0.0033860000000000001 0.15288300000000007 0.060009000000000035 0 0 0
129 uniform 0 7 0.90528399999999998 2930.7841070127101 1 113 0.50124100000000005 0.010153000000000001 0.35092200000000012 0.0073930000000000003 0.0010400000000000001 0.0028059999999999999 0.010352 0.051312000000000003 0.11663 0 0.025697999999999999 0.00083199999999999995 0.20646299999999998 0.00097999999999999997 0.0033 0.27090400000000003 0.059800999999999951 0 0 1
129 uniform 0 15 0.87714300000000001 2863.9323833286217 1 113 0.48742799999999997 0.010121 0.33772500000000005 0.0070650000000000001 0.00093000000000000005 0.0024859999999999999 0.0097549999999999998 0.050972000000000003 0.106517 0 0.025742999999999999 0.00080400000000000003 0.20547400000000005 0.00093999999999999997 0.0032499999999999999 0.25932899999999998 0.058235999999999948 0 0 2
129 uniform 0 23 0.76029599999999997 2795.3662166497329 1 121 0.34292899999999998 0.0096190000000000008 0.36288899999999991 0.0075040000000000003 0.0011359999999999999 0.0023609999999999998 0.0093880000000000005 0.051191 0.064399999999999999 0 0.025319999999999999 0.00084099999999999995 0.10422999999999998 0.00091500000000000001 0.0032720000000000002 0.27842900000000009 0.062865999999999977 0 0 3
129 uniform 1 0 0.68876300000000001 211.62553768900679 1 67 0.539941 0.013173000000000001 0.11240299999999996 0.0036450000000000002 0.001036 0.0024680000000000001 0.010444 0.18715399999999999 0.021992999999999999 0 0.026270000000000002 0.00080800000000000002 0.201659 0.0010629999999999999 0.0034520000000000006 0.082939999999999986 0.019473999999999995 0 0 0
129 uniform 1 7 0.71346299999999996 223.4516916207142 1 67 0.45236599999999999 0.012406 0.22510400000000008 0.0035920000000000001 0.00094799999999999995 0.002444 0.0098740000000000008 0.051479999999999998 0.021215999999999999 0 0.025863000000000001 0.00080900000000000004 0.248169 0.001075 0.0034979999999999998 0.195163 0.019800999999999985 0 0 1
129 uniform 1 15 0.55674400000000002 236.60755271706648 1 67 0.30547299999999999 0.012527999999999999 0.21583999999999995 0.003153 0.00093300000000000002 0.0024819999999999998 0.0099830000000000006 0.051783000000000003 0.021208000000000001 0 0.026199 0.00081800000000000004 0.10765700000000002 0.00090600000000000001 0.0033229999999999996 0.18638199999999988 0.019098 0 0 2
129 uniform 1 23 0.64978199999999997 249.36951018865508 1 67 0.39356000000000002 0.012149999999999999 0.22188399999999991 0.0029969999999999997 0.00080800000000000012 0.0024919999999999999 0.0092460000000000007 0.050328999999999999 0.021117 0 0.025536 0.00081800000000000004 0.19734099999999999 0.00087399999999999999 0.0032640000000000008 0.19214599999999998 0.019652999999999993 0 0 3
129 uniform 2 0 0.41373900000000002 1.9203772612801637 1 45 0.32858500000000002 0.0086920000000000001 0.058730999999999992 0.002202 0.00071499999999999992 0.0029870000000000001 0.011367 0.170571 0.032199999999999999 0 0.026398999999999999 0.00080999999999999996 0.00063200000000000007 0.001232 0.0033229999999999996 0.035855999999999999 0.016161999999999999 0 0 0
129 uniform 2 7 0.55713299999999999 3.8962048659012338 1 75 0.22858400000000001 0.011309 0.29141899999999998 0.0036489999999999999 0.0010889999999999999 0.0026419999999999998 0.010238000000000001 0.056162999999999998 0.041718999999999999 0 0.025891999999999998 0.00079799999999999999 0.0024660000000000003 0.001077 0.003434 0.24478 0.034949000000000001 0 0 1
129 uniform 2 15 0.51919300000000002 8.1113764268991382 1 75 0.24993000000000001 0.010991000000000001 0.23212400000000002 0.0035650000000000005 0.0010950000000000001 0.0025149999999999999 0.0097719999999999994 0.049416000000000002 0.031267000000000003 0 0.025656999999999999 0.00081099999999999998 0.045123000000000003 0.00095200000000000005 0.0034599999999999995 0.18659999999999999 0.033839999999999995 0 0 2
129 uniform 2 23 0.47672900000000001 12.113896707868504 1 75 0.213258 0.012137999999999999 0.22499600000000003 0.0035380000000000003 0.001132 0.0025200000000000001 0.010272 0.052420000000000001 0.034285999999999997 0 0.025180000000000001 0.00076300000000000001 0.0023 0.00089999999999999998 0.0036910000000000003 0.18112600000000006 0.032309999999999998 0 0 3
129 uniform 3 0 0.42470400000000003 1.8717139186726415 1 45 0.34273100000000001 0.0090869999999999996 0.053949999999999991 0.0023369999999999997 0.00072399999999999993 0.0027539999999999999 0.011381 0.18308099999999999 0.035456000000000001 0 0.026148999999999999 0.00083600000000000005 0.00058999999999999992 0.0011379999999999999 0.0034510000000000001 0.032639000000000015 0.014323000000000004 0 0 0
129 uniform 3 7 0.35073300000000002 1.8715314721934555 1 45 0.213425 0.0083320000000000009 0.11073600000000001 0.0023259999999999999 0.0006559999999999999 0.002748 0.011490999999999999 0.055943 0.034377999999999999 0 0.025930999999999999 0.00077200000000000001 0.00059499999999999993 0.001134 0.0033180000000000002 0.089890999999999985 0.013893999999999993 0 0 1
129 uniform 3 15 0.35431200000000002 1.8713231205844778 1 45 0.207265 0.0080730000000000003 0.12147900000000002 0.0022669999999999999 0.00063400000000000001 0.0025140000000000002 0.0094959999999999992 0.058327999999999998 0.031005000000000001 0 0.026064 0.00081700000000000002 0.00063699999999999998 0.00093800000000000003 0.0029529999999999999 0.10019200000000006 0.014511999999999999 0 0 2
129 uniform 3 23 0.35096500000000003 1.8711149381477932 1 45 0.201518 0.00792 0.11852799999999997 0.0022590000000000002 0.00060800000000000003 0.002274 0.0088719999999999997 0.056165 0.030915000000000002 0 0.026276000000000001 0.00081099999999999998 0.00057600000000000001 0.00092500000000000004 0.0029220000000000001 0.097134000000000012 0.014608000000000003 0 0 3
129 uniform 4 0 0.491201 18.344558049215149 1 82 0.33880500000000002 0.013929 0.10913300000000002 0.0042339999999999999 0.0011919999999999999 0.0025349999999999999 0.0094490000000000008 0.17004 0.032224999999999997 0 0.025794999999999998 0.00075600000000000005 0.0046809999999999994 0.00068900000000000005 0.0035820000000000005 0.061069000000000005 0.035822999999999994 0 0 0
129 uniform 4 7 0.510938 18.751698785809843 1 82 0.20516200000000001 0.013644 0.26338299999999998 0.0039259999999999998 0.001041 0.0025300000000000001 0.0092200000000000008 0.039856000000000003 0.031958 0 0.025781999999999999 0.00077999999999999999 0.0044250000000000001 0.00061700000000000004 0.0035249999999999995 0.21137299999999992 0.039723999999999995 0 0 1
129 uniform 4 15 0.51472899999999999 19.259941881113523 1 82 0.20898900000000001 0.013353 0.26346900000000006 0.0038529999999999997 0.0010889999999999999 0.0023770000000000002 0.0091579999999999995 0.046787000000000002 0.031248999999999999 0 0.024982000000000001 0.000638 0.0044799999999999996 0.00062200000000000005 0.0034750000000000002 0.21636699999999995 0.034370000000000005 0 0 2
129 uniform 4 23 0.50243300000000002 19.822435835518913 1 82 0.211169 0.013261 0.24958699999999992 0.0038609999999999994 0.0010609999999999999 0.002215 0.008829 0.051616000000000002 0.031101 0 0.024947 0.00071100000000000004 0.0043860000000000001 0.00062600000000000004 0.0034860000000000004 0.201738 0.035257999999999977 0 0 3
130 linear 0 0 0.82693399999999995 1042.0428100891802 1 105 0.55339099999999997 0.0072779999999999997 0.23159199999999991 0.0068630000000000002 0.001438 0.0029229999999999998 0.010914 0.18435599999999999 0.024808 0 0.027396 0.00091799999999999998 0.214034 0.001487 0.0032789999999999998 0.097065999999999972 0.053013999999999985 0.021779000000000003 0 0
130 linear 0 7 0.77279299999999995 1084.9595442304712 1 105 0.333818 0.006685 0.39911600000000008 0.005633 0.0012230000000000001 0.003019 0.011391999999999999 0.026183000000000001 0.024410999999999999 0 0.028053999999999999 0.00089300000000000002 0.15410699999999999 0.001137 0.003117 0.26627700000000004 0.051748999999999989 0.021642999999999985 0 1
130 linear 0 15 0.83058699999999996 1118.135179995623 1 113 0.36550300000000002 0.0066400000000000001 0.42305199999999998 0.0057549999999999997 0.0014519999999999999 0.0026979999999999999 0.010701 0.019636000000000001 0.024881 0 0.027089999999999999 0.00089899999999999995 0.19557799999999997 0.0011440000000000001 0.0031020000000000002 0.28174700000000008 0.056117999999999994 0.023584999999999981 0 2
130 linear 0 23 0.73922399999999999 1135.0400865648114 1 91 0.37986700000000001 0.0062779999999999997 0.32373700000000005 0.0047010000000000003 0.0012960000000000001 0.0024510000000000001 0.010201 0.017729000000000002 0.024056000000000001 0 0.026787999999999999 0.00089800000000000004 0.216642 0.00087200000000000005 0.0026020000000000001 0.20692299999999991 0.043786999999999972 0.018275999999999997 0 3
130 linear 1 0 0.82594000000000001 1001.7001140067927 1 105 0.53367799999999999 0.0082039999999999995 0.25194500000000009 0.0050859999999999994 0.00147 0.0025929999999999998 0.010244 0.18723000000000001 0.024076 0 0.027629999999999998 0.00090200000000000002 0.195496 0.00088900000000000003 0.0030980000000000001 0.12354499999999999 0.047996999999999963 0.019865999999999998 0 0
130 linear 1 7 0.80098499999999995 1005.4253567907136 1 105 0.37553999999999998 0.0068599999999999998 0.38504499999999992 0.0059480000000000002 0.0012199999999999999 0.002588 0.010187 0.027222 0.024133000000000002 0 0.027751999999999999 0.00095600000000000004 0.19547 0.00089599999999999999 0.0033309999999999993 0.25684400000000007 0.048163000000000004 0.019975 0 1
130 linear 1 15 0.792076 993.89004956636018 1 105 0.36885899999999999 0.006685 0.38426700000000008 0.0054150000000000005 0.001142 0.0027789999999999998 0.014151 0.018890000000000001 0.022213 0 0.028684999999999999 0.00085700000000000001 0.198487 0.00071599999999999995 0.0029610000000000005 0.25732999999999995 0.048020000000000021 0.020008999999999999 0 2
130 linear 1 23 0.83798600000000001 965.19033654956866 1 105 0.41861199999999998 0.0079749999999999995 0.37816099999999997 0.0058829999999999993 0.001284 0.0027039999999999998 0.010609 0.022161 0.022159000000000002 0 0.028124 0.000861 0.25001800000000002 0.00061700000000000004 0.0028309999999999997 0.249588 0.048153999999999975 0.019870000000000009 0 3
130 linear 2 0 0.57845400000000002 4.690601559627849 1 89 0.350883 0.013162 0.18541900000000003 0.0056049999999999997 0.001351 0.0030690000000000001 0.011501000000000001 0.19322 0.021871000000000002 0 0.027571999999999999 0.000861 0.0033 0.0014170000000000001 0.0038170000000000001 0.086949000000000026 0.04557300000000003 0.011197999999999998 0 0
130 linear 2 7 0.45190000000000002 4.8827944664502398 1 89 0.21432499999999999 0.0091000000000000004 0.19969199999999995 0.0051570000000000001 0.001338 0.002921 0.010444999999999999 0.055236 0.031836999999999997 0 0.026612 0.000892 0.0031199999999999999 0.0011479999999999999 0.0037010000000000007 0.095994999999999997 0.045514000000000041 0.011202000000000002 0 1
130 linear 2 15 0.889567 5.1197633284289772 1 96 0.59077299999999999 0.012011000000000001 0.25354800000000005 0.0055599999999999998 0.0015479999999999999 0.0026930000000000001 0.01008 0.054857000000000003 0.032469999999999999 0 0.026258 0.00086700000000000004 0.36769100000000005 0.001059 0.0039110000000000004 0.11483700000000002 0.055857000000000011 0.013470000000000005 0 2
130 linear 2 23 0.76066 5.3667852332255865 1 88 0.36161799999999999 0.013471 0.34654000000000013 0.0070869999999999995 0.001155 0.0038119999999999999 0.010179000000000001 0.053351000000000003 0.034235000000000002 0 0.026644999999999999 0.00082600000000000002 0.13520299999999999 0.0011069999999999999 0.0044260000000000002 0.16823199999999996 0.060746000000000022 0.015093000000000006 0 3
130 linear 3 0 0.48039599999999999 3.2191974382037274 1 61 0.34978999999999999 0.0098049999999999995 0.094861000000000001 0.0045179999999999994 0.000843 0.003055 0.011823 0.194631 0.024487999999999999 0 0.027578999999999999 0.00082700000000000004 0.0032349999999999996 0.001116 0.0036240000000000005 0.039958000000000014 0.027911000000000005 0.0069909999999999955 0 0
130 linear 3 7 0.34538600000000003 2.9994063997438074 1 61 0.20221900000000001 0.0095420000000000001 0.10832599999999999 0.0041050000000000001 0.00072899999999999994 0.002696 0.011204 0.050069000000000002 0.024457 0 0.026796 0.00081700000000000002 0.0030369999999999998 0.001065 0.0034849999999999998 0.054138999999999993 0.026807000000000008 0.0074130000000000021 0 1
130 linear 3 15 0.33646199999999998 2.8301567902323046 1 61 0.195328 0.0082830000000000004 0.10838299999999999 0.003901 0.000843 0.0024220000000000001 0.0095169999999999994 0.055196000000000002 0.021184999999999999 0 0.026643 0.00079500000000000003 0.0029610000000000001 0.0009990000000000001 0.0030869999999999999 0.056173000000000008 0.026143000000000017 0.0067730000000000012 0 2
130 linear 3 23 0.33133600000000002 2.7054422387506114 1 61 0.18848000000000001 0.0081969999999999994 0.11057300000000003 0.0036499999999999996 0.00087399999999999999 0.0026830000000000001 0.0095300000000000003 0.049284000000000001 0.021375000000000002 0 0.026057 0.00073999999999999999 0.002921 0.00097999999999999997 0.0030309999999999998 0.057872999999999994 0.026651000000000008 0.0067780000000000036 0 3
130 linear 4 0 0.45958100000000002 2.3477531564706307 1 61 0.33718700000000001 0.0083230000000000005 0.088714000000000029 0.0041370000000000001 0.00098799999999999995 0.0026589999999999999 0.0098219999999999991 0.19316800000000001 0.021382000000000002 0 0.027040000000000002 0.00074799999999999997 0.0028630000000000001 0.0010529999999999999 0.0032300000000000007 0.037567000000000003 0.025026999999999997 0.0067840000000000027 0 0
130 linear 4 7 0.33473999999999998 2.3921724074371524 1 61 0.195184 0.0081689999999999992 0.10681799999999998 0.0037349999999999996 0.00082199999999999992 0.0027880000000000001 0.0099670000000000002 0.050257000000000003 0.021471000000000001 0 0.027878 0.00080500000000000005 0.003006 0.0011019999999999999 0.0030879999999999996 0.056223999999999996 0.02463700000000001 0.006785000000000002 0 1
130 linear 4 15 0.32795800000000003 2.4508154569992993 1 61 0.18321999999999999 0.0081569999999999993 0.112514 0.0037190000000000001 0.00075699999999999997 0.0025730000000000002 0.0093559999999999997 0.044131999999999998 0.021111999999999999 0 0.026939000000000001 0.00077200000000000001 0.0030530000000000002 0.00093400000000000004 0.0030279999999999999 0.060264999999999992 0.02636900000000001 0.0068030000000000035 0 2
130 linear 4 23 0.32442799999999999 2.5201571019782176 1 61 0.18598200000000001 0.0080719999999999993 0.10623500000000001 0.0036930000000000001 0.00074699999999999994 0.0025709999999999999 0.0092379999999999997 0.046827000000000001 0.021038000000000001 0 0.026474000000000001 0.00072499999999999995 0.0032469999999999999 0.00092599999999999996 0.0029480000000000005 0.054776999999999999 0.025603000000000004 0.006778000000000001 0 3
130 uniform 0 0 0.76547799999999999 998.53897445980863 1 105 0.55138299999999996 0.0071009999999999997 0.1735550000000001 0.0059509999999999997 0.0014429999999999998 0.0029819999999999998 0.011083000000000001 0.18446299999999999 0.023158000000000002 0 0.027671000000000001 0.00089400000000000005 0.21407999999999999 0.001109 0.0032689999999999998 0.100981 0.052958999999999985 0 0 0
130 uniform 0 7 0.71018400000000004 1027.6698366178164 1 105 0.33193400000000001 0.0070930000000000003 0.33860300000000004 0.0049870000000000001 0.0012160000000000001 0.003006 0.011219 0.023026000000000001 0.024337000000000001 0 0.027843 0.000901 0.154084 0.001315 0.0034480000000000005 0.26714200000000005 0.051583999999999963 0 0 1
130 uniform 0 15 0.76837699999999998 1049.6636905945677 1 113 0.36797400000000002 0.0066319999999999999 0.35903299999999988 0.0051009999999999996 0.0015270000000000001 0.0026549999999999998 0.010867 0.019597 0.023654999999999999 0 0.026669000000000002 0.00079100000000000004 0.192747 0.001189 0.003065 0.28183699999999995 0.056025999999999958 0 0 2
130 uniform 0 23 0.68213000000000001 1060.7052733930211 1 91 0.38249699999999998 0.0063879999999999996 0.26419299999999996 0.0044009999999999995 0.0012079999999999999 0.0026289999999999998 0.010071 0.017582 0.023203000000000001 0 0.026769999999999999 0.00084900000000000004 0.21998299999999998 0.00084800000000000001 0.0026100000000000003 0.20373899999999992 0.043768000000000029 0 0 3
130 uniform 1 0 0.76960099999999998 970.50767741680295 1 105 0.53871999999999998 0.0082620000000000002 0.19070999999999994 0.0048930000000000006 0.0013210000000000001 0.0027490000000000001 0.010208 0.187197 0.024381 0 0.02776 0.00090700000000000004 0.19556899999999999 0.00096900000000000003 0.0033249999999999998 0.12386500000000002 0.048031000000000025 0 0 0
130 uniform 1 7 0.73385800000000001 973.08159470671251 1 105 0.373284 0.0065950000000000002 0.32212199999999985 0.0046040000000000005 0.0012539999999999999 0.002787 0.010359999999999999 0.027363999999999999 0.023924999999999998 0 0.027959999999999999 0.00083100000000000003 0.195522 0.00079500000000000003 0.0031999999999999997 0.25426600000000005 0.047849999999999934 0 0 1
130 uniform 1 15 0.72982599999999997 964.85692241992581 1 105 0.36765999999999999 0.006803 0.32398700000000002 0.0044840000000000001 0.001165 0.0027309999999999999 0.010241 0.019078999999999999 0.022402999999999999 0 0.028351999999999999 0.00085899999999999995 0.19819599999999998 0.00067000000000000002 0.0028230000000000004 0.25656499999999988 0.047895999999999973 0 0 2
130 uniform 1 23 0.77311300000000005 944.19015600517127 1 105 0.41903699999999999 0.0079550000000000003 0.31487199999999999 0.0045970000000000004 0.00116 0.0026800000000000001 0.010482 0.022321000000000001 0.022446000000000001 0 0.028322 0.00090600000000000001 0.251189 0.00062699999999999995 0.0027130000000000001 0.24789400000000006 0.048001999999999961 0 0 3
130 uniform 2 0 0.53497499999999998 4.9121548235854444 1 89 0.35043400000000002 0.0095560000000000003 0.1458830000000001 0.0054130000000000003 0.0011839999999999999 0.002941 0.011113 0.19294600000000001 0.021923000000000002 0 0.026993 0.00090600000000000001 0.0034850000000000003 0.001493 0.0037480000000000005 0.087010999999999963 0.045564000000000014 0 0 0
130 uniform 2 7 0.41080299999999997 5.1418462140978072 1 89 0.218831 0.0089759999999999996 0.154978 0.0045560000000000002 0.0010830000000000002 0.0030500000000000002 0.010236 0.059033000000000002 0.031836999999999997 0 0.026692 0.00080699999999999999 0.0031749999999999999 0.0012539999999999999 0.0037410000000000004 0.096142000000000019 0.045491000000000038 0 0 1
130 uniform 2 15 0.81290399999999996 5.4167245660226557 1 96 0.58541600000000005 0.012041 0.18542099999999997 0.0048580000000000003 0.001263 0.0025839999999999999 0.0094739999999999998 0.055229 0.032507000000000001 0 0.026200000000000001 0.00088999999999999995 0.36769499999999999 0.001121 0.0038730000000000001 0.11334000000000007 0.057331000000000042 0 0 2
130 uniform 2 23 0.55851600000000001 5.6932207366570147 1 80 0.34732299999999999 0.011995 0.17322399999999999 0.0039069999999999999 0.00093000000000000005 0.0025630000000000002 0.0094929999999999997 0.052330000000000002 0.031396 0 0.026488999999999999 0.000843 0.13509099999999999 0.0011180000000000001 0.0038020000000000003 0.11150999999999998 0.048991999999999987 0 0 3
130 uniform 3 0 0.42854500000000001 3.2557191700782777 1 45 0.34231 0.0099539999999999993 0.057600000000000005 0.0027730000000000003 0.00079099999999999993 0.0028709999999999999 0.0097400000000000004 0.19637499999999999 0.021621000000000001 0 0.027141999999999999 0.00077899999999999996 0.003274 0.0011460000000000001 0.0036169999999999996 0.031705000000000004 0.018895999999999996 0 0 0
130 uniform 3 7 0.295929 3.0203752246645919 1 45 0.20070399999999999 0.0085019999999999991 0.067072000000000007 0.0027060000000000001 0.00065700000000000003 0.00264 0.011027 0.050108 0.024663000000000001 0 0.026919999999999999 0.00082799999999999996 0.0030720000000000001 0.0010920000000000001 0.00347 0.041277999999999988 0.018222999999999996 0 0 1
130 uniform 3 15 0.30310900000000002 2.8434841310471834 1 45 0.206902 0.0085100000000000002 0.069075999999999985 0.0025069999999999997 0.00076199999999999998 0.0027629999999999998 0.010661 0.056905999999999998 0.024476999999999999 0 0.028618000000000001 0.00075900000000000002 0.0030530000000000002 0.0010319999999999999 0.0033760000000000001 0.043758000000000005 0.018411000000000007 0 0 2
130 uniform 3 23 0.29849999999999999 2.7148579600911815 1 45 0.19913600000000001 0.0083949999999999997 0.072601000000000013 0.0025179999999999998 0.00076099999999999996 0.0027179999999999999 0.0091549999999999999 0.051027999999999997 0.024532000000000002 0 0.028015999999999999 0.00074899999999999999 0.0029460000000000003 0.001016 0.0033760000000000001 0.046739999999999997 0.018936000000000001 0 0 3
130 uniform 4 0 0.41811399999999999 2.3513243590847814 1 45 0.34114 0.0083169999999999997 0.051041999999999983 0.0022459999999999997 0.00066599999999999993 0.0026619999999999999 0.0094509999999999993 0.19251399999999999 0.024750999999999999 0 0.028264999999999998 0.00071699999999999997 0.0028479999999999998 0.0010089999999999999 0.0031999999999999997 0.027230000000000001 0.017081000000000013 0 0 0
130 uniform 4 7 0.27603299999999997 2.3962139588859577 1 45 0.18937000000000001 0.0081150000000000007 0.060707999999999984 0.0023090000000000003 0.00062999999999999992 0.0024450000000000001 0.0087530000000000004 0.050157 0.020913000000000001 0 0.026224000000000001 0.00070200000000000004 0.003088 0.001 0.0030430000000000001 0.037486999999999999 0.016498000000000006 0 0 1
130 uniform 4 15 0.27408500000000002 2.4555916402842599 1 45 0.18589600000000001 0.0080339999999999995 0.062442000000000018 0.0023730000000000001 0.00069199999999999991 0.0024599999999999999 0.0089639999999999997 0.044110999999999997 0.021078 0 0.026043 0.00069700000000000003 0.002993 0.00092800000000000001 0.0030250000000000003 0.038051000000000008 0.017666000000000005 0 0 2
130 uniform 4 23 0.27018700000000001 2.5259880875328968 1 45 0.18303 0.0079679999999999994 0.061635999999999982 0.0023990000000000001 0.00064999999999999997 0.0024629999999999999 0.0089870000000000002 0.046788999999999997 0.020846 0 0.025662000000000001 0.00069700000000000003 0.003143 0.00091100000000000003 0.0030019999999999999 0.037547999999999998 0.017343000000000008 0 0 3
131 linear 0 0 0.92453600000000002 814.52592712392641 1 149 0.56826600000000005 0.016636999999999999 0.28981099999999976 0.010180999999999999 0.001954 0.002836 0.010987 0.18615599999999999 0.04351 0 0.025475000000000001 0.00082299999999999995 0.19577800000000001 0.00080099999999999995 0.004411 0.15996000000000002 0.060565999999999939 0.022046999999999997 0 0
131 linear 0 7 1.0288040000000001 792.61329283640509 1 149 0.44753900000000002 0.014075000000000001 0.51886100000000013 0.008830000000000001 0.0018420000000000001 0.0029529999999999999 0.011268 0.051201000000000003 0.064125000000000001 0 0.027553999999999999 0.00088000000000000003 0.19172799999999995 0.00068599999999999998 0.0042930000000000008 0.38819300000000001 0.061366999999999963 0.022092999999999984 0 1
131 linear 0 15 0.959561 762.6416387944015 1 141 0.42015999999999998 0.014781000000000001 0.47786999999999996 0.0082399999999999991 0.0016689999999999997 0.002598 0.010723 0.051258999999999999 0.033936000000000001 0 0.027015999999999998 0.00081099999999999998 0.198325 0.000696 0.0040789999999999993 0.34168899999999996 0.062987000000000001 0.021962999999999986 0 2
131 linear 0 23 1.0716810000000001 728.42455530136738 1 157 0.44551600000000002 0.013778 0.56105500000000019 0.0088500000000000002 0.0019719999999999998 0.002637 0.009972 0.051082000000000002 0.043941000000000001 0 0.026322000000000002 0.00072000000000000005 0.21640999999999999 0.00066200000000000005 0.0040490000000000005 0.41015999999999986 0.069057999999999953 0.024574999999999993 0 3
131 linear 1 0 0.64282899999999998 15.149197519860289 1 82 0.48117599999999999 0.011904 0.11738500000000002 0.0049259999999999998 0.0012199999999999999 0.0030599999999999998 0.011438 0.17824999999999999 0.023963999999999999 0 0.026755000000000001 0.00088599999999999996 0.14282299999999998 0.001103 0.0035890000000000006 0.056040000000000006 0.028131999999999997 0.0092670000000000044 0 0
131 linear 1 7 0.389658 15.394263791789427 1 74 0.20721400000000001 0.011279000000000001 0.14618500000000004 0.0038999999999999994 0.00099500000000000001 0.0027309999999999999 0.010463999999999999 0.052359999999999997 0.022974999999999999 0 0.026866999999999999 0.00078399999999999997 0.003264 0.00098200000000000002 0.0033769999999999998 0.090411000000000019 0.027949000000000009 0.0085480000000000035 0 1
131 linear 1 15 0.48135 15.558779970691324 1 74 0.310803 0.011091 0.13460399999999997 0.0038890000000000001 0.00097799999999999992 0.0025179999999999998 0.0097739999999999997 0.054303999999999998 0.022492000000000002 0 0.026424 0.00084599999999999996 0.108362 0.0010499999999999999 0.003228 0.078273000000000009 0.028751000000000006 0.0085530000000000016 0 2
131 linear 1 23 0.387241 15.613460845523866 1 74 0.21045800000000001 0.011058 0.14013300000000004 0.0042690000000000002 0.00096199999999999996 0.002454 0.0092309999999999996 0.059303000000000002 0.0229 0 0.026041000000000002 0.00072199999999999999 0.0036039999999999996 0.00095699999999999995 0.0034620000000000002 0.085930000000000006 0.026509999999999999 0.0085390000000000032 0 3
131 linear 2 0 0.64944400000000002 395.78073437659361 1 66 0.51200500000000004 0.010371 0.10515100000000002 0.0034360000000000007 0.001052 0.002892 0.011308 0.15995400000000001 0.022832000000000002 0 0.027654000000000001 0.000941 0.20183699999999999 0.001191 0.0032060000000000001 0.061441999999999997 0.018880999999999992 0.0078259999999999996 0 0
131 linear 2 7 0.64507499999999995 344.28439557240819 1 58 0.38102399999999997 0.010031 0.23538699999999996 0.0027210000000000003 0.00075099999999999993 0.0025769999999999999 0.01059 0.031550000000000002 0.022353000000000001 0 0.027182999999999999 0.00080500000000000005 0.204129 0.0011590000000000001 0.0032469999999999999 0.19762399999999999 0.016893999999999999 0.0068860000000000032 0 1
131 linear 2 15 0.66869400000000001 281.05926198256896 1 59 0.40582099999999999 0.0098449999999999996 0.23299699999999995 0.0032859999999999999 0.00086899999999999998 0.002552 0.0099629999999999996 0.038273000000000001 0.021898999999999998 0 0.026537999999999999 0.00089999999999999998 0.22312200000000001 0.0011349999999999999 0.0031610000000000002 0.19503800000000002 0.017238999999999997 0.007002000000000003 0 2
131 linear 2 23 0.67396400000000001 210.77276422537059 1 67 0.39079900000000001 0.0097280000000000005 0.25104499999999991 0.0041679999999999998 0.00077999999999999999 0.002545 0.010323000000000001 0.044602999999999997 0.021876 0 0.027442999999999999 0.00081700000000000002 0.20058299999999998 0.0010280000000000001 0.0030780000000000004 0.20372999999999999 0.021392999999999981 0.0078449999999999978 0 3
131 linear 3 0 0.63385100000000005 161.29856529648154 1 53 0.51520100000000002 0.0097310000000000001 0.086224000000000009 0.0040870000000000004 0.00080199999999999998 0.0026220000000000002 0.010576 0.17050799999999999 0.022429000000000001 0 0.027644999999999999 0.00082700000000000004 0.19966700000000001 0.0010740000000000001 0.0030349999999999999 0.053600000000000009 0.013992000000000008 0.0062709999999999988 0 0
131 linear 3 7 0.64654100000000003 159.2534483426945 1 53 0.42994500000000002 0.0094260000000000004 0.18495300000000001 0.0039329999999999999 0.00072599999999999997 0.0025460000000000001 0.010179000000000001 0.040689999999999997 0.022485000000000002 0 0.027158000000000002 0.00078299999999999995 0.24520900000000001 0.001077 0.003042 0.151723 0.014744000000000002 0.0062630000000000012 0 1
131 linear 3 15 0.66458600000000001 157.25479672629965 1 53 0.408941 0.010425 0.22270399999999999 0.0036319999999999998 0.00069999999999999988 0.0023479999999999998 0.0092999999999999992 0.032349000000000003 0.021676999999999998 0 0.026617999999999999 0.00076400000000000003 0.237486 0.00094600000000000001 0.0032760000000000003 0.182307 0.017173000000000001 0.0067429999999999999 0 2
131 linear 3 23 0.63505400000000001 155.53513024507225 1 53 0.37806099999999998 0.010142 0.22476300000000002 0.0034280000000000001 0.00065200000000000002 0.0022499999999999998 0.010311000000000001 0.035427 0.024438000000000001 0 0.026102 0.00079299999999999998 0.19891300000000001 0.00089899999999999995 0.0033010000000000005 0.18245099999999992 0.018776000000000008 0.0068639999999999994 0 3
131 linear 4 0 0.65318900000000002 5.7490483398864036 1 61 0.50312800000000002 0.0099290000000000003 0.11458499999999999 0.0042640000000000004 0.00089700000000000001 0.0028540000000000002 0.012121 0.18557299999999999 0.036007999999999998 0 0.025354000000000002 0.00089099999999999997 0.15274100000000002 0.0011789999999999999 0.003339 0.063345000000000012 0.022834000000000004 0.0075299999999999985 0 0
131 linear 4 7 0.57173700000000005 5.7838968833765376 1 61 0.39770800000000001 0.0084329999999999995 0.14071399999999998 0.0038019999999999998 0.00085800000000000004 0.002875 0.010928 0.051638000000000003 0.032565999999999998 0 0.025776 0.00090200000000000002 0.19412000000000001 0.0010939999999999999 0.0031519999999999999 0.089609999999999995 0.024493000000000008 0.0067960000000000034 0 1
131 linear 4 15 0.58174199999999998 5.8237454204470547 1 61 0.41322599999999998 0.0082699999999999996 0.13583800000000001 0.003859 0.0007539999999999999 0.0025720000000000001 0.0099419999999999994 0.055095999999999999 0.031574999999999999 0 0.025491 0.00075299999999999998 0.209623 0.0010579999999999999 0.0029970000000000001 0.085173000000000068 0.024117999999999994 0.0067780000000000045 0 2
131 linear 4 23 0.58370699999999998 5.8635903957713253 1 61 0.395812 0.0082209999999999991 0.15481000000000003 0.0039909999999999998 0.00077200000000000001 0.002529 0.0094409999999999997 0.051088000000000001 0.031497999999999998 0 0.025287 0.00073300000000000004 0.19836400000000001 0.00099799999999999997 0.0030240000000000002 0.10651999999999996 0.021723000000000013 0.006785000000000002 0 3
131 uniform 0 0 0.85919500000000004 800.88266944640156 1 141 0.56727000000000005 0.016188999999999999 0.229573 0.0078469999999999998 0.0018729999999999997 0.0027070000000000002 0.010924 0.18614900000000001 0.043524 0 0.026613000000000001 0.00080900000000000004 0.19567900000000002 0.00080099999999999995 0.0042410000000000008 0.15146400000000004 0.055833999999999946 0 0 0
131 uniform 0 7 0.98935700000000004 784.35137420617366 1 173 0.44417099999999998 0.01397 0.47603299999999998 0.010935 0.0021410000000000001 0.00266 0.010153000000000001 0.051126999999999999 0.064652000000000001 0 0.027143 0.00087100000000000003 0.19139100000000001 0.00068900000000000005 0.0041579999999999994 0.38127399999999989 0.067541999999999963 0 0 1
131 uniform 0 15 0.89442500000000003 762.08759689941439 1 157 0.41808499999999998 0.014742999999999999 0.41188799999999998 0.0090299999999999998 0.0018890000000000001 0.0025270000000000002 0.010107 0.05117 0.033804000000000001 0 0.026658999999999999 0.00076499999999999995 0.19815199999999999 0.00065300000000000004 0.0039850000000000007 0.32264100000000007 0.064134999999999998 0 0 2
131 uniform 0 23 1.020319 736.80166811601646 1 157 0.454231 0.014069999999999999 0.50205 0.0077730000000000004 0.001794 0.0025690000000000001 0.009809 0.053702 0.044429000000000003 0 0.026627000000000001 0.00081300000000000003 0.21655700000000003 0.00067199999999999996 0.0043959999999999997 0.40637999999999985 0.069004999999999969 0 0 3
131 uniform 1 0 0.610904 15.191146185099317 1 74 0.48490299999999997 0.011575 0.089509000000000005 0.0037239999999999999 0.0011209999999999998 0.0031089999999999998 0.011136999999999999 0.18237900000000001 0.024219000000000001 0 0.02707 0.00086399999999999997 0.14306199999999999 0.0010690000000000001 0.0035069999999999997 0.051708999999999991 0.026668000000000011 0 0 0
131 uniform 1 7 0.37254700000000002 15.324064537727427 1 74 0.20713999999999999 0.011355000000000001 0.12950800000000004 0.0034349999999999997 0.00093700000000000001 0.0027729999999999999 0.010465 0.052322 0.023526999999999999 0 0.026179000000000001 0.00078799999999999996 0.0032460000000000002 0.00099599999999999992 0.0032699999999999999 0.090475 0.027953000000000006 0 0 1
131 uniform 1 15 0.46925499999999998 15.372243524547576 1 74 0.31736900000000001 0.011214999999999999 0.11635599999999996 0.0034329999999999999 0.00089300000000000002 0.00266 0.0098300000000000002 0.059997000000000002 0.023720000000000001 0 0.026582000000000001 0.00075100000000000004 0.10786599999999999 0.0010579999999999999 0.0032449999999999996 0.078537999999999983 0.026759999999999989 0 0 2
131 uniform 1 23 0.365394 15.328343440556846 1 74 0.20735300000000001 0.010924 0.12290099999999998 0.0033340000000000002 0.000861 0.0025730000000000002 0.0097079999999999996 0.059117000000000003 0.021235 0 0.026193999999999999 0.00074200000000000004 0.0034360000000000003 0.00090600000000000001 0.0032420000000000001 0.085541000000000006 0.026262000000000004 0 0 3
131 uniform 2 0 0.63084899999999999 407.80694750735034 1 58 0.51750600000000002 0.010374 0.083910000000000026 0.0029210000000000004 0.00072300000000000001 0.002604 0.010118 0.16533 0.022867999999999999 0 0.027560999999999999 0.00091600000000000004 0.20180499999999998 0.0012849999999999999 0.0033220000000000003 0.058577000000000004 0.016586999999999998 0 0 0
131 uniform 2 7 0.63383199999999995 361.2476587754532 1 58 0.379992 0.0097649999999999994 0.22515999999999994 0.0026619999999999994 0.00065200000000000002 0.0028240000000000001 0.0098150000000000008 0.031342000000000002 0.021925 0 0.027130000000000001 0.00076900000000000004 0.20404599999999998 0.001189 0.0031789999999999995 0.19954600000000011 0.016855999999999996 0 0 1
131 uniform 2 15 0.65318200000000004 299.39865632722751 1 59 0.40263300000000002 0.0099489999999999995 0.22096000000000002 0.0031270000000000004 0.00082200000000000003 0.0023500000000000001 0.0091240000000000002 0.038240999999999997 0.021604000000000002 0 0.026921 0.00090499999999999999 0.22150800000000001 0.0011130000000000001 0.0031499999999999996 0.19449800000000003 0.017189000000000003 0 0 2
131 uniform 2 23 0.59126599999999996 218.04844565985164 1 51 0.39261099999999999 0.0097120000000000001 0.17233000000000001 0.0022139999999999998 0.00059500000000000004 0.002418 0.0099389999999999999 0.043848999999999999 0.022015 0 0.027439000000000002 0.00080999999999999996 0.204099 0.0010330000000000001 0.0030800000000000007 0.14811200000000002 0.016524999999999998 0 0 3
131 uniform 3 0 0.59744799999999998 161.84147034088892 1 37 0.51403200000000004 0.0096659999999999992 0.05855599999999999 0.0020709999999999999 0.00061900000000000008 0.002392 0.0098300000000000002 0.17085600000000001 0.022055000000000002 0 0.027663 0.00076000000000000004 0.19988600000000001 0.0010939999999999999 0.0030859999999999998 0.043300999999999992 0.0097049999999999984 0 0 0
131 uniform 3 7 0.59714800000000001 159.71324316547972 1 37 0.426259 0.010768 0.14458800000000002 0.0020230000000000001 0.00056499999999999996 0.0023990000000000001 0.0097949999999999999 0.040999000000000001 0.022224000000000001 0 0.027709999999999999 0.00074799999999999997 0.241701 0.001052 0.0033500000000000001 0.12002900000000001 0.016199000000000002 0 0 1
131 uniform 3 15 0.57725499999999996 157.64255465033264 1 37 0.41840699999999997 0.010292000000000001 0.133382 0.0020889999999999997 0.00050799999999999999 0.0024329999999999998 0.010406 0.033680000000000002 0.024510000000000001 0 0.026928000000000001 0.00082399999999999997 0.24018500000000001 0.00098900000000000008 0.003264 0.11665100000000002 0.010884 0 0 2
131 uniform 3 23 0.54053899999999999 155.86771969128944 1 37 0.377971 0.0099229999999999995 0.13717299999999996 0.001939 0.00045600000000000003 0.0022929999999999999 0.010491 0.035422000000000002 0.024930000000000001 0 0.026062999999999999 0.000776 0.19858799999999999 0.00097900000000000005 0.0032630000000000003 0.120424 0.010859999999999998 0 0 3
131 uniform 4 0 0.60370599999999996 5.7667854856966922 1 45 0.502556 0.0086169999999999997 0.074634999999999993 0.0024369999999999999 0.00064499999999999996 0.0028449999999999999 0.011962 0.18485499999999999 0.036695999999999999 0 0.029132999999999999 0.00084500000000000005 0.15218599999999999 0.0010970000000000001 0.0031080000000000001 0.053575000000000012 0.014292999999999995 0 0 0
131 uniform 4 7 0.52380800000000005 5.8020081364042291 1 45 0.39703699999999997 0.0083059999999999991 0.100369 0.002405 0.00062800000000000009 0.0026180000000000001 0.010538 0.051590999999999998 0.031967000000000002 0 0.025572000000000001 0.00084099999999999995 0.19401299999999999 0.0010009999999999999 0.0030559999999999997 0.077260000000000023 0.01634 0 0 1
131 uniform 4 15 0.53202400000000005 5.842285110224875 1 45 0.41222999999999999 0.0082349999999999993 0.093641000000000044 0.002346 0.00060599999999999998 0.0024429999999999999 0.0097879999999999998 0.051119999999999999 0.034493000000000003 0 0.025687000000000001 0.00079199999999999995 0.20996799999999999 0.0010640000000000001 0.003094 0.071095999999999965 0.015769000000000002 0 0 2
131 uniform 4 23 0.51863700000000001 5.8825585933060154 1 45 0.39731 0.0081089999999999999 0.095401999999999987 0.0023119999999999998 0.00057200000000000003 0.0023730000000000001 0.0093609999999999995 0.051295 0.031815999999999997 0 0.025252 0.00078200000000000003 0.19861400000000001 0.0010330000000000001 0.0029970000000000005 0.07407900000000002 0.014523999999999997 0 0 3
132 linear 0 0 0.57499400000000001 1.0114934702695848 1 87 0.34314699999999998 0.0098600000000000007 0.19329900000000005 0.0054080000000000005 0.00099100000000000013 0.0029480000000000001 0.015362000000000001 0.180594 0.021852 0 0.028445999999999999 0.00088199999999999997 0.0024269999999999999 0.001049 0.0037759999999999998 0.055276999999999986 0.023192999999999995 0.0073780000000000043 0 0
132 linear 0 7 0.40919299999999997 1.0106092996924756 1 87 0.17289099999999999 0.0095879999999999993 0.19906900000000002 0.0047570000000000008 0.0007310000000000001 0.002872 0.011316 0.019396 0.021878999999999999 0 0.027614 0.00085999999999999998 0.002418 0.001024 0.0034330000000000007 0.063191999999999998 0.022743999999999997 0.0063440000000000015 0 1
132 linear 0 15 0.42501699999999998 1.0096941669919464 1 87 0.17463699999999999 0.0095069999999999998 0.21226300000000001 0.0048160000000000008 0.00085500000000000007 0.0029429999999999999 0.014517 0.018245999999999998 0.022912999999999999 0 0.027747000000000001 0.00079199999999999995 0.0024450000000000001 0.00095299999999999996 0.0033600000000000001 0.071161000000000016 0.024540999999999993 0.006111000000000001 0 2
132 linear 0 23 0.42579800000000001 1.0088679973069907 1 87 0.16967599999999999 0.0095110000000000004 0.21835200000000007 0.004424 0.00082900000000000009 0.002794 0.010597000000000001 0.012812 0.023095000000000001 0 0.027924999999999998 0.00079600000000000005 0.0024090000000000001 0.000959 0.0036589999999999995 0.079231999999999955 0.024548999999999998 0.0059870000000000019 0 3
132 linear 1 0 0.70853200000000005 2.8214764897524236 1 88 0.42077599999999998 0.010204 0.24980199999999997 0.0047719999999999993 0.001382 0.0029580000000000001 0.011095000000000001 0.20125399999999999 0.085205000000000003 0 0.026733 0.00096100000000000005 0.0019989999999999999 0.0013309999999999999 0.0038100000000000005 0.091787000000000035 0.02541899999999998 0.0064300000000000008 0 0
132 linear 1 7 0.43357299999999999 2.9995027434824424 1 80 0.182951 0.0095209999999999999 0.21551199999999995 0.0041610000000000006 0.00098499999999999998 0.0029940000000000001 0.010919 0.024742 0.023053000000000001 0 0.026634000000000001 0.00097999999999999997 0.0019620000000000002 0.001235 0.0039789999999999999 0.06900599999999997 0.022530999999999999 0.0050770000000000017 0 1
132 linear 1 15 0.380467 3.151637450056938 1 72 0.17544299999999999 0.0093720000000000001 0.17293800000000004 0.0034350000000000001 0.00094600000000000001 0.002967 0.011353 0.020712999999999999 0.023619000000000001 0 0.026880000000000001 0.000941 0.001794 0.0011299999999999999 0.003846 0.058722999999999997 0.019977000000000002 0.0052370000000000003 0 2
132 linear 1 23 0.39277699999999999 3.2552070680155194 1 73 0.17238300000000001 0.0093950000000000006 0.18775500000000001 0.003754 0.0008699999999999999 0.0028739999999999998 0.010749999999999999 0.019923 0.023970000000000002 0 0.026306 0.00079100000000000004 0.0017539999999999999 0.001042 0.003568 0.062077999999999994 0.020235000000000003 0.0051400000000000005 0 3
132 linear 2 0 0.62593500000000002 2.7165071284503197 1 72 0.37467299999999998 0.009639 0.22051599999999996 0.0035230000000000001 0.0010220000000000001 0.002856 0.010906000000000001 0.197024 0.045811999999999999 0 0.027698 0.00088999999999999995 0.0019779999999999997 0.001085 0.0035869999999999995 0.076982999999999968 0.025257999999999989 0.01437699999999999 0 0
132 linear 2 7 0.41221099999999999 2.6178815050370621 1 72 0.162524 0.0092219999999999993 0.21955499999999997 0.0035110000000000002 0.00086200000000000003 0.0029619999999999998 0.011195999999999999 0.0067320000000000001 0.024079 0 0.029314 0.00091 0.001833 0.00095600000000000004 0.0034380000000000001 0.078499999999999973 0.024006999999999983 0.014033000000000006 0 1
132 linear 2 15 0.46318999999999999 2.445632465053087 1 88 0.17241100000000001 0.0093779999999999992 0.2556449999999999 0.0047929999999999995 0.001096 0.002797 0.010904 0.018804000000000001 0.022238000000000001 0 0.027626000000000001 0.00091100000000000003 0.0018570000000000001 0.00095200000000000005 0.0032020000000000004 0.089627999999999999 0.031318999999999972 0.017843000000000001 0 2
132 linear 2 23 0.54237599999999997 2.1580911969142558 1 118 0.19733999999999999 0.015391999999999999 0.28735399999999994 0.0074460000000000004 0.0017910000000000001 0.0027039999999999998 0.010907999999999999 0.030289 0.021510999999999999 0 0.026863000000000001 0.00094499999999999998 0.0022570000000000003 0.00060300000000000002 0.003787 0.11625100000000008 0.045356000000000028 0.022185000000000003 0 3
132 linear 3 0 0.49031000000000002 1.0311430043862322 1 66 0.34936400000000001 0.0091140000000000006 0.10825899999999998 0.0042560000000000002 0.00085900000000000006 0.0029220000000000001 0.011538 0.19619200000000001 0.021950999999999998 0 0.027015000000000001 0.00091500000000000001 0.0023209999999999997 0.0012669999999999999 0.0034610000000000005 0.061191000000000002 0.023143999999999987 0.0080600000000000012 0 0
132 linear 3 7 0.432089 1.0281645551529599 1 66 0.29257100000000003 0.0089020000000000002 0.10724200000000003 0.0038500000000000001 0.00071400000000000001 0.002653 0.011003000000000001 0.012638 0.021340000000000001 0 0.027087 0.00093800000000000003 0.133294 0.001024 0.0032859999999999999 0.062361 0.02135599999999999 0.0079750000000000029 0 1
132 linear 3 15 0.294937 1.0251670593067448 1 66 0.15873399999999999 0.0087130000000000003 0.104653 0.0036640000000000002 0.00073799999999999994 0.002529 0.010456999999999999 0.0071989999999999997 0.021499000000000001 0 0.026079999999999999 0.00085899999999999995 0.002477 0.001039 0.0032959999999999999 0.061068999999999998 0.020217999999999989 0.0079950000000000004 0 2
132 linear 3 23 0.32041999999999998 1.0225513964599053 1 73 0.166242 0.009384 0.12120200000000003 0.0036779999999999998 0.000754 0.0025730000000000002 0.010600999999999999 0.018178 0.021253000000000001 0 0.026771 0.00078399999999999997 0.0023049999999999998 0.0011789999999999999 0.0035930000000000003 0.062512999999999999 0.025029999999999969 0.008852000000000004 0 3
132 linear 4 0 0.90923399999999999 1.2208519211210742 1 60 0.78044400000000003 0.0089720000000000008 0.09547700000000002 0.0051069999999999996 0.00086499999999999999 0.0028890000000000001 0.01055 0.19978099999999999 0.257579 0.189361 0.053349000000000001 0.00093499999999999996 0.0021429999999999999 0.0015870000000000001 0.0033000000000000004 0.057542000000000003 0.015913999999999998 0.0077050000000000018 0 0
132 linear 4 7 0.29604900000000001 1.2517706909359361 1 67 0.161887 0.0088330000000000006 0.10422799999999997 0.004326 0.00087399999999999999 0.0032070000000000002 0.011956 0.0085009999999999999 0.022518 0 0.026709 0.000892 0.001941 0.0012669999999999999 0.0032870000000000004 0.060319999999999992 0.019334000000000004 0.0086610000000000038 0 1
132 linear 4 15 0.26003599999999999 1.2929172645443809 1 51 0.16241700000000001 0.0086160000000000004 0.073351000000000013 0.0025479999999999999 0.00070600000000000003 0.0029329999999999998 0.011205 0.015335 0.021625999999999999 0 0.026516000000000001 0.00083699999999999996 0.0018440000000000002 0.0011329999999999999 0.0034860000000000008 0.040553999999999979 0.013428000000000001 0.0068609999999999964 0 2
132 linear 4 23 0.30228899999999997 1.3412656182259732 1 58 0.17206299999999999 0.010106 0.10153700000000002 0.0028500000000000001 0.000825 0.002905 0.015008000000000001 0.018046 0.024523 0 0.026512000000000001 0.00084599999999999996 0.0018489999999999999 0.001042 0.0034800000000000013 0.060160000000000012 0.016589999999999994 0.0092960000000000022 0 3
132 uniform 0 0 0.46249499999999999 1.011532057759575 1 71 0.34990199999999999 0.011317000000000001 0.079301999999999984 0.003326 0.00072900000000000005 0.0030950000000000001 0.012897 0.18193100000000001 0.025647 0 0.028791000000000001 0.00082600000000000002 0.0025360000000000001 0.0011460000000000001 0.0038889999999999992 0.049870999999999992 0.019153000000000003 0 0 0
132 uniform 0 7 0.303643 1.0106429242298862 1 71 0.18199499999999999 0.010676 0.089608000000000007 0.0029829999999999995 0.00062299999999999996 0.0030209999999999998 0.012784 0.020948999999999999 0.025087000000000002 0 0.027021 0.00088000000000000003 0.0023860000000000001 0.0011360000000000001 0.0035720000000000001 0.060016000000000014 0.019311999999999996 0 0 1
132 uniform 0 15 0.29980600000000002 1.0097238918648967 1 71 0.17599500000000001 0.0096989999999999993 0.092862999999999987 0.0028089999999999999 0.00061499999999999999 0.002898 0.011967 0.019369999999999998 0.024563000000000001 0 0.027099999999999999 0.00079500000000000003 0.002349 0.00093999999999999997 0.0034130000000000002 0.061364000000000016 0.020953999999999983 0 0 2
132 uniform 0 23 0.29250700000000002 1.0088952619509457 1 71 0.161828 0.0091269999999999997 0.10086200000000002 0.0026369999999999996 0.00058700000000000007 0.0027460000000000002 0.01038 0.012378 0.021073000000000001 0 0.027247 0.00077499999999999997 0.00232 0.00087399999999999999 0.0033700000000000002 0.070047999999999985 0.020497000000000001 0 0 3
132 uniform 1 0 0.61177999999999999 2.81781661970482 1 104 0.41652600000000001 0.010057999999999999 0.15337399999999998 0.0056509999999999998 0.0014189999999999999 0.0028219999999999999 0.010805 0.197653 0.087210999999999997 0 0.026700999999999999 0.00094399999999999996 0.0018570000000000001 0.00131 0.003751 0.10775100000000001 0.030738999999999995 0 0 0
132 uniform 1 7 0.32707999999999998 2.9482519074357705 1 88 0.18043899999999999 0.0095879999999999993 0.11018899999999995 0.0041359999999999991 0.0010090000000000001 0.002774 0.01082 0.024601000000000001 0.021672 0 0.026565999999999999 0.00091200000000000005 0.0019859999999999999 0.0012409999999999999 0.0038579999999999999 0.071893999999999986 0.025810999999999994 0 0 1
132 uniform 1 15 0.30468000000000001 3.053794773095039 1 80 0.17219300000000001 0.0092820000000000003 0.099102999999999997 0.0034429999999999999 0.00094699999999999993 0.003003 0.011124999999999999 0.020535000000000001 0.021918 0 0.026483 0.00085899999999999995 0.001887 0.0010690000000000001 0.0036360000000000003 0.066129999999999994 0.021724000000000007 0 0 2
132 uniform 1 23 0.29601899999999998 3.1229611070368342 1 73 0.171485 0.0092449999999999997 0.093005999999999991 0.0030629999999999998 0.00085399999999999994 0.0027360000000000002 0.013331000000000001 0.020250000000000001 0.021860000000000001 0 0.025942 0.00086300000000000005 0.0017959999999999999 0.00098499999999999998 0.003594 0.062565999999999997 0.020214999999999997 0 0 3
132 uniform 2 0 0.51175400000000004 2.7369882879047474 1 72 0.36829099999999998 0.0094560000000000009 0.113833 0.0028369999999999997 0.00084100000000000006 0.0027850000000000001 0.010933999999999999 0.19311900000000001 0.043763000000000003 0 0.027056 0.00099400000000000009 0.0019190000000000001 0.001106 0.0036019999999999997 0.076896999999999993 0.025052999999999975 0 0 0
132 uniform 2 7 0.30501400000000001 2.6577385409339116 1 72 0.15937399999999999 0.0093299999999999998 0.116198 0.0028679999999999999 0.00080199999999999998 0.0029369999999999999 0.010871 0.0065669999999999999 0.022617999999999999 0 0.028996000000000001 0.00086200000000000003 0.0018050000000000002 0.0011019999999999999 0.0033149999999999998 0.080424999999999969 0.02384499999999997 0 0 1
132 uniform 2 15 0.337364 2.5101054189047396 1 88 0.167708 0.0094289999999999999 0.13535399999999995 0.0040249999999999999 0.00096999999999999994 0.0027060000000000001 0.010538 0.018728000000000002 0.022155000000000001 0 0.027688999999999998 0.00092100000000000005 0.0017769999999999999 0.00099099999999999991 0.003369 0.088694000000000037 0.031290999999999965 0 0 2
132 uniform 2 23 0.41636400000000001 2.2151656247935234 1 110 0.196133 0.015506000000000001 0.16637699999999994 0.005731 0.0013779999999999999 0.0025270000000000002 0.010498 0.030129 0.022828000000000001 0 0.026426000000000002 0.00088699999999999998 0.0022010000000000003 0.000611 0.0037180000000000004 0.10749700000000002 0.04027399999999997 0 0 3
132 uniform 3 0 0.45252999999999999 1.031334075412135 1 50 0.344856 0.0092309999999999996 0.081604999999999997 0.0024100000000000002 0.00055400000000000002 0.002679 0.011051 0.19343199999999999 0.022880000000000001 0 0.026067 0.00089300000000000002 0.0024980000000000002 0.0012260000000000001 0.0033630000000000001 0.055080999999999991 0.018773999999999992 0 0 0
132 uniform 3 7 0.39803899999999998 1.0283328243587548 1 50 0.29461999999999999 0.0090130000000000002 0.078069 0.0020920000000000001 0.00052899999999999996 0.0027759999999999998 0.011063999999999999 0.012272 0.022849999999999999 0 0.027462 0.00077399999999999995 0.13311600000000001 0.0010150000000000001 0.0031839999999999993 0.053416999999999992 0.017133999999999993 0 0 1
132 uniform 3 15 0.26037900000000003 1.0253145127807552 1 50 0.15728200000000001 0.0087299999999999999 0.078561999999999993 0.0020460000000000001 0.00049899999999999999 0.0025829999999999998 0.010527 0.0071679999999999999 0.022952 0 0.026363000000000001 0.00085999999999999998 0.002493 0.00099400000000000009 0.0031409999999999997 0.054754999999999991 0.016285999999999995 0 0 2
132 uniform 3 23 0.276418 1.0226846889388981 1 57 0.16759099999999999 0.0092820000000000003 0.082971000000000003 0.0020709999999999999 0.00051800000000000001 0.0025379999999999999 0.010531 0.018511 0.022824000000000001 0 0.027139 0.00079100000000000004 0.002379 0.0010759999999999999 0.0034029999999999993 0.053828000000000001 0.020566999999999981 0 0 3
132 uniform 4 0 0.86239100000000002 1.2233819588155335 1 44 0.78314399999999995 0.0089820000000000004 0.054310000000000004 0.0025919999999999997 0.00064099999999999997 0.0029450000000000001 0.010768 0.19975999999999999 0.25932699999999997 0.191717 0.053978999999999999 0.00085400000000000005 0.0020299999999999997 0.001121 0.0033189999999999995 0.035960999999999993 0.011740999999999996 0 0 0
132 uniform 4 7 0.28146399999999999 1.2548203249794221 1 67 0.16250700000000001 0.0089210000000000001 0.089593000000000006 0.0036289999999999998 0.00084099999999999995 0.0030860000000000002 0.011587 0.0082959999999999996 0.025145000000000001 0 0.026689000000000001 0.00087000000000000001 0.0018700000000000001 0.0011329999999999999 0.0032199999999999998 0.060167999999999999 0.019346999999999982 0 0 1
132 uniform 4 15 0.245999 1.296704105602895 1 51 0.16254099999999999 0.008652 0.060341999999999986 0.0019849999999999998 0.00059199999999999997 0.0028830000000000001 0.010928999999999999 0.015191 0.02342 0 0.026655999999999999 0.00083000000000000001 0.0018630000000000001 0.001075 0.0032670000000000004 0.039530999999999997 0.013171000000000002 0 0 2
132 uniform 4 23 0.27551399999999998 1.3460132169401635 1 58 0.160441 0.0087729999999999995 0.089011000000000007 0.0023760000000000001 0.00069999999999999999 0.0026879999999999999 0.010276 0.016518999999999999 0.023354 0 0.026634999999999999 0.000794 0.001812 0.001103 0.0031310000000000001 0.063829999999999998 0.016049999999999991 0 0 3
133 linear 0 0 0.740564 1.4911623663721996 1 109 0.40024500000000002 0.013344 0.29144800000000004 0.0059939999999999993 0.0014919999999999998 0.0031440000000000001 0.011119 0.11584700000000001 0.022870999999999999 0 0.025874999999999999 0.00081800000000000004 0.124316 0.0011999999999999999 0.0044869999999999997 0.08749599999999999 0.039117000000000034 0.010464000000000005 0 0
133 linear 0 7 0.50791699999999995 1.4856752196661998 1 109 0.18207599999999999 0.013140000000000001 0.27843100000000004 0.0054739999999999997 0.0014220000000000001 0.003163 0.011264 0.015275 0.021062999999999998 0 0.027206000000000001 0.00089999999999999998 0.0099970000000000007 0.001155 0.0040280000000000003 0.093016000000000001 0.03404799999999996 0.0095600000000000025 0 1
133 linear 0 15 0.63102599999999998 1.4720586365542041 1 117 0.28467599999999998 0.012833000000000001 0.29781200000000002 0.006319 0.0013650000000000001 0.0030179999999999998 0.010567999999999999 0.023851000000000001 0.021156000000000001 0 0.026994000000000001 0.00081999999999999998 0.10808799999999999 0.0011410000000000001 0.0038799999999999998 0.090616000000000016 0.031706999999999992 0.0094439999999999993 0 2
133 linear 0 23 0.66695199999999999 1.449676417707215 1 117 0.31570500000000001 0.01278 0.30145100000000002 0.0068219999999999999 0.0014390000000000002 0.0028170000000000001 0.010935 0.034707000000000002 0.021075 0 0.026752999999999999 0.00080800000000000002 0.12547 0.0010319999999999999 0.0040220000000000013 0.090225000000000014 0.033946999999999998 0.0094769999999999976 0 3
133 linear 1 0 0.54876899999999995 5.6536719504516668 1 87 0.29929499999999998 0.01038 0.21095599999999998 0.0046150000000000002 0.0011949999999999999 0.0030869999999999999 0.011454000000000001 0.144982 0.022391999999999999 0 0.026873999999999999 0.00089599999999999999 0.00061799999999999995 0.0012960000000000001 0.0036119999999999993 0.09475599999999991 0.034731999999999964 0.014864999999999996 0 0
133 linear 1 7 0.54907099999999998 5.9807821902965825 1 95 0.28305799999999998 0.0098650000000000005 0.22596499999999997 0.0049099999999999994 0.001158 0.0030400000000000002 0.011010000000000001 0.0069579999999999998 0.021874000000000001 0 0.026627999999999999 0.00077800000000000005 0.12673700000000002 0.0012179999999999999 0.0035370000000000002 0.10383400000000004 0.033580999999999965 0.016730000000000005 0 1
133 linear 1 15 0.51188800000000001 6.2590850565928271 1 88 0.262318 0.0096500000000000006 0.21122900000000003 0.0049560000000000003 0.0011429999999999999 0.002794 0.010729000000000001 0.0060109999999999999 0.022196 0 0.027279000000000001 0.00079500000000000003 0.106199 0.001137 0.0032550000000000001 0.095114999999999977 0.031783999999999972 0.014956000000000004 0 2
133 linear 1 23 0.49446499999999999 6.4428414973672092 1 80 0.25880599999999998 0.011145 0.20005400000000001 0.003895 0.0010040000000000001 0.0028549999999999999 0.010688 0.0059659999999999999 0.022327 0 0.027768999999999999 0.00081400000000000005 0.102988 0.00096400000000000001 0.0033609999999999998 0.089851000000000056 0.028024999999999987 0.013578000000000002 0 3
133 linear 2 0 0.552373 4.4733774612142989 1 87 0.30899599999999999 0.011282 0.20568199999999998 0.0039650000000000006 0.0010740000000000001 0.0029420000000000002 0.01188 0.15039 0.024202999999999999 0 0.029576000000000002 0.00091399999999999999 0.00061399999999999996 0.0012030000000000001 0.0037629999999999999 0.099364999999999995 0.029971000000000001 0.015263999999999995 0 0
133 linear 2 7 0.41181600000000002 4.7718151704044853 1 80 0.18032599999999999 0.0098480000000000009 0.19655700000000006 0.0038600000000000001 0.0010369999999999999 0.0027720000000000002 0.011743999999999999 0.024594000000000001 0.025266 0 0.027045 0.00076400000000000003 0.00060900000000000006 0.0010330000000000001 0.003496 0.094400999999999999 0.026784000000000013 0.013536000000000001 0 1
133 linear 2 15 0.41229500000000002 4.9945790062181183 1 81 0.177956 0.0095329999999999998 0.19862100000000005 0.0042050000000000004 0.001044 0.0025639999999999999 0.010547000000000001 0.024698999999999999 0.024837999999999999 0 0.027723999999999999 0.00075799999999999999 0.00063199999999999997 0.00093099999999999997 0.0031550000000000007 0.094911999999999982 0.026552999999999976 0.013266999999999999 0 2
133 linear 2 23 0.39652399999999999 5.1079476457875312 1 81 0.16647700000000001 0.0092339999999999992 0.19505299999999995 0.0040300000000000006 0.00108 0.00247 0.010299000000000001 0.021783 0.021357000000000001 0 0.026409999999999999 0.000919 0.00056300000000000002 0.00090499999999999999 0.0031899999999999993 0.092968999999999968 0.026767999999999958 0.013310999999999996 0 3
133 linear 3 0 0.44848100000000002 2.5684691297636619 1 74 0.30581199999999997 0.0091509999999999994 0.10940499999999997 0.0042169999999999994 0.0012129999999999999 0.002611 0.010753 0.15742200000000001 0.021441999999999999 0 0.028291 0.00083299999999999997 0.00058800000000000009 0.00074100000000000001 0.0028860000000000005 0.050506999999999996 0.022191999999999983 0.012348000000000001 0 0
133 linear 3 7 0.32985900000000001 2.5001734927105606 1 82 0.175265 0.0085760000000000003 0.11948100000000003 0.004679 0.001121 0.0027669999999999999 0.010914 0.029870000000000001 0.021672 0 0.027651999999999999 0.00082899999999999998 0.00057499999999999999 0.000727 0.002797 0.065228999999999995 0.021405000000000014 0.012327999999999999 0 1
133 linear 3 15 0.32549800000000001 2.4085580831394227 1 82 0.17354600000000001 0.0086099999999999996 0.11717999999999995 0.0045599999999999998 0.0011820000000000001 0.0026809999999999998 0.010754 0.028164000000000002 0.021295999999999999 0 0.028441999999999999 0.00088199999999999997 0.00059199999999999997 0.00071299999999999998 0.0027650000000000005 0.062514000000000028 0.021805000000000015 0.012282000000000005 0 2
133 linear 3 23 0.34282099999999999 2.3090056062989328 1 82 0.18024299999999999 0.0085839999999999996 0.12737299999999996 0.0048019999999999998 0.001042 0.0026059999999999998 0.010444 0.036971999999999998 0.021240999999999999 0 0.027614 0.00088999999999999995 0.00063699999999999998 0.00071599999999999995 0.0027149999999999995 0.07315300000000001 0.021318000000000011 0.012328000000000002 0 3
133 linear 4 0 0.365315 1.0203600901105705 1 53 0.258104 0.008626 0.075607999999999967 0.0038080000000000002 0.00075100000000000015 0.0031740000000000002 0.011542 0.103231 0.022699 0 0.028469000000000001 0.000861 0.00062199999999999994 0.0011150000000000001 0.0030050000000000003 0.041780000000000012 0.013514000000000002 0.0076200000000000026 0 0
133 linear 4 7 0.26278200000000002 1.0223602664190052 1 53 0.15411900000000001 0.0083979999999999992 0.077956999999999999 0.0034450000000000001 0.00065300000000000015 0.0028660000000000001 0.010873000000000001 0.0054580000000000002 0.021329999999999998 0 0.028691000000000001 0.00093300000000000002 0.00060599999999999998 0.0010219999999999999 0.0028869999999999998 0.044284000000000025 0.013470999999999995 0.0076520000000000008 0 1
133 linear 4 15 0.25839699999999999 1.024976807275656 1 53 0.15015400000000001 0.0081949999999999992 0.078295000000000003 0.003418 0.00066 0.0028319999999999999 0.010861000000000001 0.0047720000000000002 0.021292999999999999 0 0.027317000000000001 0.00082299999999999995 0.00063900000000000003 0.00099700000000000006 0.0027929999999999999 0.044762000000000003 0.013518999999999996 0.0074470000000000014 0 2
133 linear 4 23 0.25741399999999998 1.0279688945583096 1 53 0.15104400000000001 0.0080820000000000006 0.077120000000000008 0.0032910000000000001 0.00060700000000000001 0.0027920000000000002 0.010378 0.004666 0.02274 0 0.028014000000000001 0.00084900000000000004 0.00060400000000000004 0.00096199999999999996 0.0028200000000000005 0.042777999999999997 0.01440500000000001 0.007310000000000004 0 3
133 uniform 0 0 0.58737099999999998 1.4348333536679467 1 109 0.39966099999999999 0.013615 0.140234 0.0054570000000000009 0.0014940000000000001 0.0029849999999999998 0.010798 0.115907 0.023459000000000001 0 0.025853999999999999 0.00086899999999999998 0.12421500000000001 0.0012179999999999999 0.0043889999999999997 0.08597299999999998 0.038646000000000021 0 0 0
133 uniform 0 7 0.37079800000000002 1.4325486046202138 1 109 0.18649099999999999 0.013143999999999999 0.13798199999999997 0.0047610000000000005 0.0013489999999999999 0.0030990000000000002 0.011158 0.01521 0.022648999999999999 0 0.027244999999999998 0.00092900000000000003 0.010016000000000001 0.001132 0.0039550000000000002 0.088867999999999989 0.033948000000000013 0 0 1
133 uniform 0 15 0.47022700000000001 1.4263530037603909 1 117 0.28600799999999998 0.012656000000000001 0.13729300000000003 0.0053010000000000002 0.00116 0.0029009999999999999 0.010544 0.023813000000000001 0.02299 0 0.026582000000000001 0.00079299999999999998 0.108155 0.0010939999999999999 0.0038930000000000006 0.089684000000000028 0.031673 0 0 2
133 uniform 0 23 0.504332 1.4152028044553322 1 117 0.31592500000000001 0.012996000000000001 0.13988700000000001 0.0059220000000000002 0.0013089999999999998 0.0027339999999999999 0.010482999999999999 0.032640000000000002 0.0229 0 0.026925000000000001 0.00079600000000000005 0.12751999999999999 0.0010449999999999999 0.0039649999999999998 0.089683000000000013 0.034304000000000029 0 0 3
133 uniform 1 0 0.47885 5.5255267584328127 1 87 0.30110199999999998 0.010401000000000001 0.14021699999999998 0.004091 0.0010999999999999998 0.0031020000000000002 0.011384999999999999 0.14527999999999999 0.024171999999999999 0 0.027106999999999999 0.000852 0.00062100000000000002 0.001274 0.0034400000000000003 0.094230000000000064 0.031121999999999952 0 0 0
133 uniform 1 7 0.48148800000000003 5.7547585777074817 1 95 0.28912700000000002 0.0097660000000000004 0.15352199999999991 0.0042360000000000002 0.0011039999999999999 0.0029129999999999998 0.010911000000000001 0.0069769999999999997 0.023376999999999998 0 0.026491000000000001 0.00078600000000000002 0.13143099999999999 0.0011640000000000001 0.0034530000000000008 0.10365099999999998 0.033471999999999939 0 0 1
133 uniform 1 15 0.44009399999999999 5.9425088299418869 1 88 0.25956899999999999 0.0096080000000000002 0.14282800000000001 0.004333 0.0010789999999999999 0.0027290000000000001 0.010617 0.0059379999999999997 0.023449000000000001 0 0.026816 0.000794 0.103823 0.001201 0.0032090000000000005 0.095792999999999989 0.031989999999999963 0 0 2
133 uniform 1 23 0.42464299999999999 6.0631841263691868 1 80 0.261299 0.0095709999999999996 0.13038300000000003 0.003307 0.00094899999999999997 0.002849 0.011010000000000001 0.0060210000000000003 0.024056000000000001 0 0.028253 0.00083100000000000003 0.10345199999999999 0.00094499999999999998 0.0032850000000000002 0.089726000000000014 0.027135999999999973 0 0 3
133 uniform 2 0 0.47504200000000002 4.5934390031954635 1 87 0.29833700000000002 0.0098390000000000005 0.14169299999999996 0.0035330000000000001 0.0010299999999999999 0.0028159999999999999 0.010546 0.14882400000000001 0.021887 0 0.027095000000000001 0.00085400000000000005 0.00059500000000000004 0.0011529999999999999 0.0035069999999999997 0.097404999999999992 0.029418999999999987 0 0 0
133 uniform 2 7 0.33628000000000002 4.8495017200454225 1 80 0.17141200000000001 0.0098390000000000005 0.13135399999999997 0.0032750000000000006 0.00092599999999999996 0.0027859999999999998 0.010368 0.023113000000000002 0.021878000000000002 0 0.026884999999999999 0.00076599999999999997 0.00060100000000000008 0.0011019999999999999 0.0034579999999999997 0.092001999999999973 0.025913000000000005 0 0 1
133 uniform 2 15 0.33872799999999997 5.0300836420694086 1 81 0.17216600000000001 0.0094269999999999996 0.13129599999999994 0.003836 0.001039 0.0025950000000000001 0.013465 0.022703000000000001 0.02179 0 0.026259999999999999 0.00083299999999999997 0.0006069999999999999 0.0010430000000000001 0.0031679999999999998 0.091041000000000011 0.026630999999999988 0 0 2
133 uniform 2 23 0.34115400000000001 5.1190228677120082 1 81 0.17233699999999999 0.0092320000000000006 0.13396900000000006 0.0037159999999999997 0.0010069999999999999 0.0025530000000000001 0.010158 0.021873 0.021447000000000001 0 0.026554999999999999 0.00088000000000000003 0.00058799999999999987 0.0011379999999999999 0.0034790000000000003 0.093476999999999991 0.026876999999999988 0 0 3
133 uniform 3 0 0.43204799999999999 2.5868878053058295 1 82 0.30682500000000001 0.012446 0.086755000000000027 0.0046039999999999996 0.0011429999999999999 0.0026749999999999999 0.010949 0.157383 0.02164 0 0.028448999999999999 0.00083900000000000001 0.00061399999999999996 0.00068800000000000003 0.0030649999999999996 0.051611999999999998 0.021788000000000005 0 0 0
133 uniform 3 7 0.30720999999999998 2.5167793586146181 1 82 0.173403 0.0087399999999999995 0.09939000000000002 0.0042370000000000003 0.001075 0.0025959999999999998 0.010465 0.029668 0.021082 0 0.027278 0.000825 0.00058800000000000009 0.00069099999999999999 0.0027839999999999996 0.064572000000000032 0.021423999999999995 0 0 1
133 uniform 3 15 0.28901399999999999 2.4229777864485884 1 74 0.171933 0.0085019999999999991 0.085203000000000015 0.0036699999999999997 0.00089799999999999993 0.0025409999999999999 0.010408000000000001 0.028053999999999999 0.02147 0 0.027892 0.00088099999999999995 0.00056499999999999996 0.00063199999999999997 0.0026459999999999999 0.055018000000000004 0.018445000000000003 0 0 2
133 uniform 3 23 0.327737 2.3213134356763172 1 82 0.183028 0.0087049999999999992 0.10981800000000004 0.0046619999999999995 0.0010460000000000001 0.002385 0.01055 0.037175 0.02129 0 0.027647999999999999 0.000803 0.00057999999999999989 0.00072000000000000005 0.0028750000000000004 0.070250000000000007 0.026146999999999993 0 0 3
133 uniform 4 0 0.35106199999999999 1.0207848046750709 1 53 0.256498 0.0086960000000000006 0.063812999999999981 0.0036340000000000001 0.00076500000000000005 0.0030959999999999998 0.011195 0.102867 0.022509000000000001 0 0.028268999999999999 0.00088000000000000003 0.00062399999999999988 0.001173 0.0030460000000000005 0.042241000000000008 0.013544999999999998 0 0 0
133 uniform 4 7 0.24367 1.0229073998420815 1 45 0.15346399999999999 0.0083090000000000004 0.063437999999999994 0.0026589999999999999 0.00066999999999999991 0.0028419999999999999 0.010652 0.0053319999999999999 0.021108999999999999 0 0.028589 0.000919 0.00064700000000000001 0.00099400000000000009 0.0029060000000000002 0.045661000000000007 0.010981000000000003 0 0 1
133 uniform 4 15 0.236791 1.0257045122176045 1 45 0.14919099999999999 0.0082520000000000007 0.061362000000000007 0.0025230000000000001 0.00065899999999999997 0.0027430000000000002 0.010423999999999999 0.0051260000000000003 0.021488 0 0.027581999999999999 0.000852 0.00066100000000000002 0.00097999999999999997 0.0029479999999999997 0.043054999999999996 0.011517999999999995 0 0 2
133 uniform 4 23 0.24316299999999999 1.0289298050020663 1 45 0.15268300000000001 0.0082430000000000003 0.06408599999999999 0.0024519999999999998 0.00063599999999999996 0.0025829999999999998 0.0099919999999999991 0.0047889999999999999 0.021153000000000002 0 0.032523999999999997 0.00078399999999999997 0.00058599999999999993 0.00090499999999999999 0.0028809999999999999 0.044887999999999997 0.012185000000000001 0 0 3
134 linear 0 0 0.65843700000000005 24.110081506782503 1 88 0.39981699999999998 0.010933 0.21779499999999991 0.0053769999999999998 0.0014149999999999998 0.0030179999999999998 0.011979 0.13080800000000001 0.025958999999999999 0 0.027411999999999999 0.00091100000000000003 0.108958 0.001168 0.0035969999999999995 0.10286500000000003 0.032464000000000041 0.015487999999999993 0 0
134 linear 0 7 0.638347 24.799473624353272 1 81 0.401115 0.0095270000000000007 0.20048300000000005 0.0044600000000000004 0.0010429999999999999 0.002722 0.011597 0.0064640000000000001 0.024367 0 0.028240999999999999 0.00084800000000000001 0.23402800000000001 0.0011249999999999999 0.0034529999999999995 0.098024000000000069 0.028404000000000013 0.013764999999999998 0 1
134 linear 0 15 0.57523500000000005 25.241794517477867 1 81 0.34304200000000001 0.0091760000000000001 0.19702199999999995 0.0040070000000000001 0.0010140000000000001 0.0025699999999999998 0.010130999999999999 0.0058539999999999998 0.022362 0 0.02708 0.00078399999999999997 0.191327 0.00090499999999999999 0.0031149999999999997 0.095089000000000048 0.027671999999999974 0.015887999999999989 0 2
134 linear 0 23 0.58306199999999997 25.32360043059494 1 81 0.35364800000000002 0.0089689999999999995 0.19479400000000005 0.0038539999999999998 0.00098799999999999995 0.0025349999999999999 0.010396000000000001 0.005875 0.021573999999999999 0 0.027213000000000001 0.00075699999999999997 0.202461 0.000803 0.0030379999999999999 0.094798999999999994 0.028131999999999976 0.013308 0 3
134 linear 1 0 0.80927700000000002 17.872754738500188 1 103 0.53640699999999997 0.0098539999999999999 0.22971200000000003 0.0058799999999999998 0.0013779999999999999 0.0025469999999999998 0.010461 0.150424 0.022204999999999999 0 0.026939999999999999 0.000852 0.23330399999999998 0.0013029999999999999 0.0035920000000000001 0.10857500000000002 0.038044999999999947 0.018624999999999996 0 0
134 linear 1 7 0.53644099999999995 19.681832508702872 1 95 0.27988000000000002 0.0094870000000000006 0.21705200000000011 0.0048400000000000006 0.00124 0.0024239999999999999 0.010285000000000001 0.021152000000000001 0.021995000000000001 0 0.026189 0.00081899999999999996 0.113623 0.0011689999999999999 0.003552 0.102948 0.033598999999999955 0.016678000000000009 0 1
134 linear 1 15 0.63298500000000002 21.241868576439803 1 104 0.35872900000000002 0.0092610000000000001 0.23176899999999998 0.0058670000000000007 0.001232 0.0023549999999999999 0.0099109999999999997 0.013963 0.021866 0 0.026336999999999999 0.00082200000000000003 0.20194399999999998 0.00096599999999999995 0.0032799999999999999 0.10763200000000002 0.036523999999999973 0.018817999999999998 0 2
134 linear 1 23 0.62531099999999995 22.357038179438792 1 81 0.39507999999999999 0.0092090000000000002 0.193354 0.0049550000000000002 0.0010760000000000001 0.00231 0.0099229999999999995 0.013984999999999999 0.02307 0 0.026450999999999999 0.00078100000000000001 0.235039 0.001132 0.0032789999999999998 0.095153000000000015 0.02644299999999997 0.013353000000000004 0 3
134 linear 2 0 0.570137 1.7402183524108459 1 95 0.29069400000000001 0.0073369999999999998 0.243645 0.0055659999999999998 0.001042 0.003039 0.011363 0.14430599999999999 0.023712 0 0.027008999999999998 0.00087000000000000001 0.000437 0.0018270000000000001 0.0035780000000000005 0.081269999999999995 0.028672999999999983 0.011121999999999998 0 0
134 linear 2 7 0.465503 1.665701025663141 1 95 0.17601900000000001 0.0068339999999999998 0.25402800000000003 0.0050140000000000002 0.0011440000000000001 0.0030010000000000002 0.010988 0.025014000000000002 0.031060999999999998 0 0.026911000000000001 0.00084900000000000004 0.00041300000000000001 0.001688 0.0032420000000000001 0.105104 0.029229000000000015 0.011752 0 1
134 linear 2 15 0.39139499999999999 1.5507861563517169 1 95 0.17788000000000001 0.006842 0.17852800000000008 0.0047940000000000005 0.0011320000000000002 0.0029450000000000001 0.010694 0.031767999999999998 0.023847 0 0.027293000000000001 0.00077800000000000005 0.000437 0.0015640000000000001 0.0033569999999999997 0.087643999999999944 0.030732999999999989 0.012155000000000003 0 2
134 linear 2 23 0.356151 1.425188986143952 1 74 0.19547400000000001 0.0092090000000000002 0.12837100000000001 0.0039309999999999996 0.00097299999999999991 0.0027880000000000001 0.010371999999999999 0.036517000000000001 0.024601000000000001 0 0.027711 0.00079100000000000004 0.00059600000000000007 0.0012080000000000001 0.0035300000000000002 0.080910000000000024 0.020543999999999979 0.009418000000000001 0 3
134 linear 3 0 0.33550600000000003 1.1699727940664695 1 45 0.25614799999999999 0.0085789999999999998 0.052196999999999993 0.002849 0.00074199999999999993 0.0029099999999999998 0.010957 0.104855 0.024291 0 0.027800999999999999 0.00079699999999999997 0.00061899999999999998 0.001212 0.0030659999999999997 0.024387999999999996 0.012188000000000003 0.0056280000000000011 0 0
134 linear 3 7 0.25252200000000002 1.182285417755369 1 45 0.161137 0.0080510000000000009 0.064996999999999999 0.0026580000000000002 0.00069300000000000004 0.002823 0.010404 0.014312 0.023678000000000001 0 0.027404999999999999 0.00077499999999999997 0.00059100000000000005 0.0010449999999999999 0.0029910000000000002 0.038405999999999989 0.011272000000000003 0.005510000000000001 0 1
134 linear 3 15 0.25350200000000001 1.1967736407305516 1 45 0.155115 0.0081740000000000007 0.071214 0.0031660000000000004 0.00070500000000000001 0.0028149999999999998 0.0098910000000000005 0.007267 0.023888 0 0.027574000000000001 0.000785 0.00059100000000000005 0.0010510000000000001 0.0030470000000000002 0.044073999999999995 0.011926000000000001 0.0054289999999999998 0 2
134 linear 3 23 0.25680799999999998 1.210713021326093 1 45 0.16397800000000001 0.0082690000000000003 0.066225999999999993 0.0028740000000000003 0.000687 0.0027560000000000002 0.010747 0.014619999999999999 0.023335000000000002 0 0.030287999999999999 0.00076499999999999995 0.00061899999999999998 0.0010059999999999999 0.0029189999999999997 0.039469000000000004 0.011740000000000004 0.0053440000000000015 0 3
134 linear 4 0 0.65290899999999996 7.4094783627877074 1 59 0.53320100000000004 0.0089180000000000006 0.089716999999999977 0.0035110000000000002 0.0010610000000000001 0.0029429999999999999 0.0114 0.150893 0.021853000000000001 0 0.028191999999999998 0.00092199999999999997 0.231817 0.00078299999999999995 0.0030769999999999999 0.049404000000000024 0.016224000000000002 0.0088020000000000025 0 0
134 linear 4 7 0.53480000000000005 7.1533919089545073 1 59 0.38605600000000001 0.0092569999999999996 0.11825400000000001 0.0034590000000000003 0.00087399999999999989 0.0029369999999999999 0.010898 0.027626999999999999 0.021187000000000001 0 0.028303999999999999 0.00092100000000000005 0.21391399999999999 0.000687 0.002905 0.077921999999999977 0.016611999999999998 0.0087760000000000043 0 1
134 linear 4 15 0.43218400000000001 6.8508751101271201 1 44 0.33155699999999999 0.0088240000000000002 0.075506000000000031 0.00281 0.00069200000000000002 0.0026679999999999998 0.010751999999999999 0.029260000000000001 0.021073999999999999 0 0.027795 0.00084500000000000005 0.156941 0.00070699999999999995 0.0028230000000000004 0.050145999999999996 0.010145 0.0052450000000000014 0 2
134 linear 4 23 0.47430299999999997 6.5468560522054418 1 44 0.37355100000000002 0.0083230000000000005 0.077175999999999995 0.0024849999999999998 0.00062100000000000002 0.0028010000000000001 0.014447 0.030675000000000001 0.021472999999999999 0 0.027432000000000002 0.00086200000000000003 0.1968 0.00066 0.0027100000000000002 0.051930999999999998 0.010062999999999997 0.0051920000000000013 0 3
134 uniform 0 0 0.57758299999999996 22.930664815865835 1 88 0.39081900000000003 0.0095980000000000006 0.14698799999999998 0.0044159999999999998 0.001423 0.002748 0.010743000000000001 0.12947900000000001 0.024757000000000001 0 0.027619000000000001 0.00089400000000000005 0.10845299999999999 0.0011379999999999999 0.0034430000000000003 0.100174 0.031503999999999956 0 0 0
134 uniform 0 7 0.55959099999999995 23.391566432862472 1 81 0.38746199999999997 0.0092969999999999997 0.13670299999999996 0.0038960000000000002 0.001139 0.0027799999999999999 0.010343 0.006489 0.023126000000000001 0 0.026287000000000001 0.00084900000000000004 0.23369200000000001 0.0010709999999999999 0.0032579999999999996 0.095432000000000017 0.027628999999999997 0 0 1
134 uniform 0 15 0.52423699999999995 23.6827903169163 1 81 0.34754600000000002 0.009221 0.141045 0.0039909999999999998 0.001183 0.0026480000000000002 0.010168999999999999 0.0059550000000000002 0.024056000000000001 0 0.027283000000000002 0.00083199999999999995 0.19124400000000003 0.00097799999999999992 0.0033579999999999999 0.099113999999999952 0.027972999999999946 0 0 2
134 uniform 0 23 0.53117899999999996 23.736227775353345 1 81 0.359379 0.0089149999999999993 0.13742000000000001 0.0036800000000000001 0.0009990000000000001 0.0027320000000000001 0.010932000000000001 0.0060169999999999998 0.022887999999999999 0 0.027685999999999999 0.000812 0.20293099999999997 0.00089499999999999996 0.0032429999999999998 0.094964000000000048 0.028430999999999974 0 0 3
134 uniform 1 0 0.73816599999999999 18.247154102600632 1 103 0.53588899999999995 0.0095250000000000005 0.16146700000000003 0.0044409999999999996 0.0014159999999999997 0.002787 0.010945 0.150256 0.023483 0 0.027380000000000002 0.000901 0.23278300000000002 0.001263 0.0035360000000000001 0.10583499999999998 0.037536999999999987 0 0 0
134 uniform 1 7 0.46978999999999999 19.726394033712655 1 95 0.28077600000000003 0.009306 0.15131999999999998 0.003784 0.0012619999999999999 0.002513 0.010174000000000001 0.021221 0.023435000000000001 0 0.026357999999999999 0.00080000000000000004 0.11355599999999999 0.0012210000000000001 0.0034900000000000005 0.10149199999999999 0.033377999999999963 0 0 1
134 uniform 1 15 0.566496 20.911626735964315 1 104 0.36401 0.0092239999999999996 0.16144999999999995 0.0049720000000000007 0.0014290000000000001 0.0024369999999999999 0.010212000000000001 0.014308 0.026178 0 0.026145999999999999 0.00081700000000000002 0.20155600000000004 0.001039 0.0031810000000000002 0.10693399999999993 0.036314999999999972 0 0 2
134 uniform 1 23 0.56059300000000001 21.718599545232486 1 81 0.390129 0.0091149999999999998 0.13626999999999995 0.0034399999999999999 0.000968 0.0024239999999999999 0.010201999999999999 0.014396000000000001 0.021950000000000001 0 0.025853000000000001 0.00085599999999999999 0.23218 0.00098400000000000007 0.0031369999999999996 0.09639300000000002 0.026255999999999974 0 0 3
134 uniform 2 0 0.44742900000000002 1.7843031616815963 1 95 0.28929500000000002 0.0074050000000000001 0.12276900000000002 0.0050500000000000007 0.0010010000000000002 0.0029380000000000001 0.011221 0.144292 0.022336000000000002 0 0.026424 0.000812 0.00043400000000000003 0.001802 0.0034859999999999995 0.079762999999999987 0.028745000000000007 0 0 0
134 uniform 2 7 0.34834700000000002 1.7127869607065014 1 95 0.165765 0.006783 0.14836199999999997 0.0043569999999999998 0.00097799999999999992 0.0029629999999999999 0.011311 0.024899000000000001 0.022057 0 0.026360000000000001 0.00080500000000000005 0.00044900000000000002 0.001475 0.0033960000000000001 0.10464900000000002 0.029438000000000013 0 0 1
134 uniform 2 15 0.34205600000000003 1.5950474308599254 1 95 0.176231 0.0066340000000000001 0.13184299999999996 0.0041249999999999993 0.00095299999999999985 0.0028449999999999999 0.010518 0.031961000000000003 0.021957000000000001 0 0.031695000000000001 0.00078600000000000002 0.000415 0.0013879999999999999 0.0034419999999999997 0.086592999999999948 0.030763999999999986 0 0 2
134 uniform 2 23 0.31622099999999997 1.4465098728341259 1 66 0.18478800000000001 0.0091649999999999995 0.10203699999999997 0.0029199999999999999 0.00087299999999999997 0.002787 0.010513 0.036373000000000003 0.021965999999999999 0 0.026914 0.00075799999999999999 0.00060800000000000003 0.001191 0.0036440000000000001 0.072902999999999996 0.019057999999999992 0 0 3
134 uniform 3 0 0.32306400000000002 1.1741619367024412 1 45 0.25279200000000002 0.0085079999999999999 0.043262999999999996 0.0026419999999999998 0.00071100000000000004 0.0030140000000000002 0.010935 0.104933 0.021780999999999998 0 0.027909 0.00077300000000000003 0.00060599999999999998 0.001157 0.0030070000000000001 0.024396000000000001 0.012061000000000001 0 0 0
134 uniform 3 7 0.247337 1.1870678902891667 1 45 0.16459599999999999 0.0082869999999999992 0.056376000000000009 0.0024110000000000004 0.00067299999999999999 0.002869 0.010609 0.014370000000000001 0.021423000000000001 0 0.030702 0.00080500000000000005 0.00062 0.001 0.0029590000000000003 0.038222999999999993 0.011368000000000001 0 0 1
134 uniform 3 15 0.23533000000000001 1.2022350865268334 1 45 0.15252399999999999 0.0081639999999999994 0.056710999999999998 0.0025329999999999997 0.00064399999999999993 0.0026350000000000002 0.0098840000000000004 0.0073140000000000002 0.021309000000000002 0 0.027983000000000001 0.00075799999999999999 0.00061699999999999993 0.0010480000000000001 0.0027979999999999997 0.038118999999999993 0.011872000000000002 0 0 2
134 uniform 3 23 0.24074100000000001 1.2167918911489821 1 45 0.157633 0.0081410000000000007 0.057203000000000004 0.0025079999999999998 0.00060800000000000003 0.0025799999999999998 0.0097260000000000003 0.014519000000000001 0.021276 0 0.027715 0.000754 0.00061600000000000001 0.0010020000000000001 0.0028080000000000002 0.038900000000000004 0.011552999999999997 0 0 3
134 uniform 4 0 0.63864600000000005 7.4392510456394385 1 59 0.53492700000000004 0.0089540000000000002 0.073630000000000015 0.00329 0.00090400000000000007 0.002885 0.01115 0.15067 0.021926999999999999 0 0.028516 0.00087600000000000004 0.234377 0.00085599999999999999 0.0030689999999999997 0.047812 0.016271999999999995 0 0 0
134 uniform 4 7 0.53319499999999997 7.1798875667427851 1 59 0.39504400000000001 0.010536999999999999 0.10634399999999995 0.0032940000000000001 0.00085899999999999995 0.0028939999999999999 0.011327 0.027765999999999999 0.024714 0 0.028194 0.00093899999999999995 0.214866 0.00070500000000000001 0.003212 0.079318 0.017136000000000009 0 0 1
134 uniform 4 15 0.46238000000000001 6.873910620708898 1 60 0.34254200000000001 0.0088280000000000008 0.08845100000000003 0.0039789999999999999 0.00079699999999999997 0.002725 0.011977 0.030816 0.024511999999999999 0 0.028188999999999999 0.00084599999999999996 0.156726 0.00065799999999999995 0.0030560000000000001 0.06456899999999996 0.014676999999999999 0 0 2
134 uniform 4 23 0.49444199999999999 6.5667751106872494 1 60 0.37466500000000003 0.0081329999999999996 0.090256000000000003 0.0035309999999999999 0.00071100000000000004 0.0025179999999999998 0.010737 0.03184 0.024135 0 0.028889000000000001 0.00083000000000000001 0.19657000000000002 0.00063000000000000003 0.0027190000000000001 0.067159999999999997 0.014154000000000002 0 0 3
135 linear 0 0 0.50007199999999996 6.2680959516956838 1 82 0.30929299999999998 0.012026999999999999 0.149007 0.0051739999999999998 0.001366 0.0031229999999999999 0.011298000000000001 0.14272099999999999 0.032764000000000001 0 0.027099000000000002 0.00078399999999999997 0.00081000000000000017 0.001098 0.0034889999999999999 0.059195000000000011 0.029913000000000012 0.012855 0 0
135 linear 0 7 0.42443500000000001 6.8058977922752053 1 82 0.20890900000000001 0.011731999999999999 0.17381700000000005 0.005104 0.001191 0.002928 0.010803 0.046963999999999999 0.032108999999999999 0 0.026667 0.000736 0.00079500000000000003 0.0010369999999999999 0.0034770000000000001 0.087678000000000006 0.028677999999999978 0.012628000000000006 0 1
135 linear 0 15 0.427597 7.3078212233895137 1 89 0.18467600000000001 0.013801000000000001 0.19714100000000001 0.0052229999999999993 0.0012800000000000001 0.0028119999999999998 0.010571000000000001 0.035353999999999997 0.021276 0 0.026884999999999999 0.00072199999999999999 0.000843 0.000919 0.003385 0.095207 0.034687999999999976 0.014800999999999995 0 2
135 linear 0 23 0.42049399999999998 7.6858484451224305 1 89 0.19129299999999999 0.011483999999999999 0.18649699999999994 0.004927 0.0012030000000000001 0.00263 0.0098530000000000006 0.045135000000000002 0.021437999999999999 0 0.026939999999999999 0.00071500000000000003 0.00083600000000000015 0.00090499999999999999 0.0032969999999999996 0.090161000000000005 0.031054000000000026 0.014579000000000005 0 3
135 linear 1 0 0.51548000000000005 15.031531006524872 1 89 0.33949299999999999 0.012918000000000001 0.13452900000000001 0.0048660000000000005 0.0012260000000000001 0.0029650000000000002 0.010881999999999999 0.17898500000000001 0.022445 0 0.026880000000000001 0.00077700000000000002 0.00077999999999999999 0.0012340000000000001 0.0035759999999999998 0.064174000000000037 0.031259999999999996 0.015095000000000001 0 0
135 linear 1 7 0.45541900000000002 13.921650206570677 1 89 0.206488 0.012702 0.206904 0.0050179999999999999 0.0010549999999999999 0.0027070000000000002 0.010418 0.051416999999999997 0.021651 0 0.026988999999999999 0.00076900000000000004 0.00083599999999999994 0.001121 0.0035299999999999997 0.13780300000000001 0.029655999999999971 0.015094999999999996 0 1
135 linear 1 15 0.411825 12.57404377526437 1 81 0.20075200000000001 0.012347 0.17199400000000001 0.0041919999999999995 0.0010889999999999999 0.0026480000000000002 0.010018000000000001 0.051332999999999997 0.022450000000000001 0 0.026818000000000002 0.00082399999999999997 0.00079500000000000003 0.00096500000000000004 0.0033400000000000001 0.11449799999999999 0.024570999999999985 0.012226000000000001 0 2
135 linear 1 23 0.38544600000000001 11.164275156524418 1 81 0.19153400000000001 0.011974 0.15528400000000003 0.0042309999999999995 0.0011460000000000001 0.0024329999999999998 0.0096749999999999996 0.045508 0.022290000000000001 0 0.025700000000000001 0.00071199999999999996 0.0007980000000000001 0.001 0.0033430000000000001 0.09853499999999997 0.024463999999999986 0.012241000000000005 0 3
135 linear 2 0 0.42984099999999997 5.9543916426143495 1 83 0.27995300000000001 0.0092309999999999996 0.11169899999999998 0.0054420000000000007 0.00097400000000000004 0.0024489999999999998 0.0098890000000000002 0.132965 0.024018999999999999 0 0.026935000000000001 0.00079199999999999995 0.00062699999999999995 0.001225 0.0030790000000000001 0.063015000000000029 0.020519000000000009 0.0098460000000000058 0 0
135 linear 2 7 0.36628500000000003 4.9771987375452653 1 69 0.17943500000000001 0.0085869999999999991 0.14943000000000004 0.0051310000000000001 0.00084599999999999996 0.002349 0.0098569999999999994 0.031201 0.027182999999999999 0 0.026387000000000001 0.00076999999999999996 0.00059199999999999997 0.001225 0.0029970000000000001 0.10781600000000002 0.018031999999999996 0.0082039999999999995 0 1
135 linear 2 15 0.350852 4.731322721942341 1 69 0.17735799999999999 0.0084650000000000003 0.13635200000000003 0.004777 0.00092699999999999987 0.002398 0.0099030000000000003 0.029479999999999999 0.024428999999999999 0 0.026353000000000001 0.000852 0.00060300000000000002 0.001222 0.0032459999999999998 0.095977000000000021 0.016865999999999992 0.008179000000000004 0 2
135 linear 2 23 0.35056100000000001 4.5683901132904765 1 69 0.16417499999999999 0.0082439999999999996 0.14647300000000005 0.0045970000000000004 0.00088600000000000007 0.0023549999999999999 0.0094959999999999992 0.022787999999999999 0.023338000000000001 0 0.027015999999999998 0.00084000000000000003 0.00059399999999999991 0.0010970000000000001 0.0030859999999999998 0.10634400000000002 0.016616000000000002 0.0081919999999999996 0 3
135 linear 3 0 0.399094 3.4943730171646767 1 61 0.29034700000000002 0.0085900000000000004 0.075622999999999968 0.0040400000000000002 0.00087500000000000002 0.0029640000000000001 0.011103999999999999 0.13955300000000001 0.024729000000000001 0 0.026609000000000001 0.00067100000000000005 0.00066100000000000002 0.0011509999999999999 0.0033819999999999996 0.036213000000000009 0.018941999999999997 0.0072690000000000038 0 0
135 linear 3 7 0.31190200000000001 3.4413465535674126 1 61 0.18924199999999999 0.0082039999999999995 0.089682999999999985 0.0039559999999999994 0.0008070000000000001 0.0028579999999999999 0.010312 0.045527999999999999 0.024188000000000001 0 0.025932 0.00077899999999999996 0.00060600000000000009 0.0010549999999999999 0.0032769999999999995 0.052157000000000002 0.017320000000000002 0.0072410000000000018 0 1
135 linear 3 15 0.31076700000000002 3.3781328527243861 1 61 0.183364 0.0082170000000000003 0.093170000000000003 0.004522 0.00084800000000000012 0.0027130000000000001 0.0099839999999999998 0.037461000000000001 0.023716000000000001 0 0.026409999999999999 0.00074799999999999997 0.00066 0.001106 0.0033449999999999999 0.054922999999999993 0.017880999999999987 0.0072630000000000038 0 2
135 linear 3 23 0.31282300000000002 3.313163025416626 1 61 0.18559899999999999 0.0080450000000000001 0.094313000000000008 0.004084 0.0007490000000000001 0.002738 0.0095250000000000005 0.042008999999999998 0.023564000000000002 0 0.026277999999999999 0.00075000000000000002 0.00064599999999999987 0.001062 0.003127 0.055848000000000002 0.018155000000000004 0.0072360000000000028 0 3
135 linear 4 0 0.42891099999999999 5.0392196101096554 1 66 0.31087999999999999 0.0093810000000000004 0.088797999999999988 0.0035789999999999997 0.001013 0.0028240000000000001 0.010343 0.158438 0.024562 0 0.029111999999999999 0.000803 0.00057399999999999997 0.0012589999999999999 0.0032240000000000003 0.049701000000000016 0.016439999999999986 0.0078280000000000034 0 0
135 linear 4 7 0.32934999999999998 5.0970700468838013 1 66 0.18973599999999999 0.0095139999999999999 0.110412 0.0032849999999999997 0.00094900000000000008 0.0026289999999999998 0.0099729999999999992 0.042436000000000001 0.021784999999999999 0 0.026216 0.000803 0.00056900000000000006 0.001227 0.0032519999999999997 0.071446000000000009 0.016541999999999998 0.0078459999999999988 0 1
135 linear 4 15 0.33301999999999998 5.1603327021211536 1 66 0.187691 0.0094149999999999998 0.11648500000000001 0.0031719999999999999 0.00096400000000000001 0.0024870000000000001 0.0098420000000000001 0.044712000000000002 0.021804 0 0.026350999999999999 0.00070799999999999997 0.00061300000000000005 0.0010820000000000001 0.0031509999999999997 0.076613000000000028 0.017301999999999991 0.0078480000000000043 0 2
135 linear 4 23 0.334565 5.2195162617071587 1 67 0.189108 0.0093100000000000006 0.11623699999999999 0.0033820000000000005 0.001029 0.0025720000000000001 0.010481000000000001 0.043888000000000003 0.021968000000000001 0 0.027550000000000002 0.00081700000000000002 0.0005979999999999999 0.0011169999999999999 0.0030800000000000003 0.077177999999999983 0.016336 0.0079520000000000042 0 3
135 uniform 0 0 0.44276599999999999 6.2947192008523727 1 74 0.30965199999999998 0.011983000000000001 0.09397700000000006 0.0043469999999999993 0.001196 0.0030400000000000002 0.011047 0.14452300000000001 0.033059999999999999 0 0.026511 0.00080900000000000004 0.00082200000000000003 0.0011379999999999999 0.0036680000000000003 0.055766000000000003 0.026707000000000002 0 0 0
135 uniform 0 7 0.39216699999999999 6.7290107003625454 1 82 0.20632400000000001 0.011665999999999999 0.14441299999999999 0.0045279999999999999 0.0011039999999999999 0.002843 0.010286 0.046746999999999997 0.031994000000000002 0 0.026120999999999998 0.000736 0.00077800000000000005 0.0010510000000000001 0.0034880000000000002 0.099305000000000004 0.03201900000000002 0 0 1
135 uniform 0 15 0.38545000000000001 7.1270748303472544 1 97 0.18362100000000001 0.011573999999999999 0.15591599999999997 0.0054280000000000005 0.0013679999999999999 0.0026359999999999999 0.0098259999999999997 0.035421000000000001 0.021248 0 0.026363999999999999 0.00077099999999999998 0.00085699999999999991 0.001034 0.0034480000000000005 0.10347699999999997 0.037148999999999988 0 0 2
135 uniform 0 23 0.371562 7.4273907564788919 1 89 0.19350400000000001 0.011601 0.13533199999999995 0.0045190000000000004 0.00107 0.0026319999999999998 0.010344000000000001 0.045207999999999998 0.022005 0 0.027777 0.00081400000000000005 0.00081900000000000007 0.00090499999999999999 0.0033769999999999998 0.090018000000000029 0.031200000000000002 0 0 3
135 uniform 1 0 0.489483 15.419811089075051 1 89 0.33419100000000002 0.012851 0.11381200000000002 0.0047619999999999989 0.001256 0.002748 0.010815999999999999 0.17905299999999999 0.022601 0 0.026700999999999999 0.00076900000000000004 0.00076500000000000005 0.0010870000000000001 0.0035019999999999999 0.064524000000000026 0.031242000000000002 0 0 0
135 uniform 1 7 0.44933899999999999 14.472595525885904 1 97 0.20080200000000001 0.012418 0.20487100000000003 0.0048970000000000003 0.0012019999999999999 0.0026329999999999999 0.010218 0.051354999999999998 0.021378000000000001 0 0.026332999999999999 0.00082399999999999997 0.00082800000000000007 0.001023 0.0033799999999999998 0.15613699999999997 0.031741000000000012 0 0 1
135 uniform 1 15 0.39118399999999998 13.268534444445875 1 81 0.20137099999999999 0.012576 0.15049300000000004 0.0040670000000000003 0.0010529999999999999 0.002503 0.0098840000000000004 0.051470000000000002 0.021291999999999998 0 0.026884000000000002 0.00076499999999999995 0.00080699999999999999 0.0009810000000000001 0.0035630000000000006 0.11202000000000002 0.02470099999999998 0 0 2
135 uniform 1 23 0.37313600000000002 11.921490466155024 1 81 0.197904 0.012121 0.13691699999999998 0.0037099999999999998 0.001077 0.0028210000000000002 0.010434000000000001 0.045494 0.021009 0 0.025732999999999999 0.00075900000000000002 0.00079000000000000001 0.00093400000000000004 0.0034080000000000004 0.098894000000000024 0.024407000000000002 0 0 3
135 uniform 2 0 0.37519200000000003 6.3053200353680126 1 51 0.28043800000000002 0.0091380000000000003 0.068845999999999991 0.0024949999999999998 0.00074300000000000006 0.0025820000000000001 0.010272 0.133075 0.024254000000000001 0 0.027063 0.00078899999999999999 0.0006069999999999999 0.001175 0.0031880000000000003 0.048993000000000016 0.012205999999999996 0 0 0
135 uniform 2 7 0.30594300000000002 5.0378561705889 1 53 0.17452000000000001 0.0085210000000000008 0.100519 0.003999 0.00066800000000000008 0.0025860000000000002 0.01 0.031222 0.023480000000000001 0 0.026120000000000001 0.00073899999999999997 0.00057499999999999999 0.001132 0.0030479999999999995 0.079128000000000004 0.013399999999999999 0 0 1
135 uniform 2 15 0.31010500000000002 4.7671454314743453 1 53 0.181585 0.0085100000000000002 0.097190000000000012 0.0037989999999999999 0.00075499999999999992 0.0024719999999999998 0.010002 0.035367000000000003 0.023644999999999999 0 0.026013999999999999 0.00076400000000000003 0.00060300000000000002 0.0010870000000000001 0.0030869999999999999 0.076933000000000001 0.012281999999999996 0 0 2
135 uniform 2 23 0.29705300000000001 4.5930531467121742 1 53 0.164525 0.0082360000000000003 0.10257899999999999 0.0033440000000000002 0.00068599999999999998 0.002428 0.0092519999999999998 0.022668000000000001 0.023143 0 0.027112000000000001 0.00078799999999999996 0.000629 0.0010560000000000001 0.0030300000000000001 0.08233699999999998 0.012327999999999997 0 0 3
135 uniform 3 0 0.36035499999999998 3.511863921941131 1 45 0.288607 0.0086250000000000007 0.045237999999999987 0.0025110000000000002 0.00072099999999999996 0.0029729999999999999 0.011087 0.139233 0.023939999999999999 0 0.026682999999999998 0.00073499999999999998 0.00064799999999999992 0.0011150000000000001 0.0032530000000000002 0.025530999999999995 0.012955999999999999 0 0 0
135 uniform 3 7 0.27516299999999999 3.4581419060682821 1 45 0.19037899999999999 0.0082430000000000003 0.058862999999999992 0.0024090000000000001 0.00063299999999999988 0.0027439999999999999 0.010127000000000001 0.047697999999999997 0.023484999999999999 0 0.026100999999999999 0.000745 0.00057600000000000001 0.001103 0.0031050000000000001 0.040061999999999987 0.012025000000000003 0 0 1
135 uniform 3 15 0.26468799999999998 3.393982782438739 1 45 0.179928 0.0082819999999999994 0.058470999999999995 0.0024629999999999999 0.00065600000000000012 0.002686 0.0098840000000000004 0.037316000000000002 0.023578000000000002 0 0.025826999999999999 0.00072099999999999996 0.00065399999999999996 0.001041 0.0032600000000000003 0.040047000000000006 0.011689999999999999 0 0 2
135 uniform 3 23 0.272175 3.3279613338834086 1 45 0.18415300000000001 0.0081130000000000004 0.062341999999999995 0.0023289999999999999 0.00060899999999999995 0.0026189999999999998 0.010177 0.042089000000000001 0.024014000000000001 0 0.026207000000000001 0.00074799999999999997 0.00062399999999999999 0.00099700000000000006 0.0030860000000000002 0.042894999999999996 0.012686999999999999 0 0 3
135 uniform 4 0 0.408632 5.0479137856770313 1 58 0.31310700000000002 0.009391 0.069762999999999978 0.002477 0.00070100000000000002 0.0027759999999999998 0.010585000000000001 0.1583 0.028725000000000001 0 0.027487999999999999 0.000727 0.00059700000000000009 0.001191 0.0032459999999999998 0.047027999999999986 0.014078999999999998 0 0 0
135 uniform 4 7 0.30121199999999998 5.1059991596390066 1 58 0.187031 0.0094400000000000005 0.088493000000000016 0.0020589999999999996 0.00061600000000000001 0.0026069999999999999 0.010152 0.042193000000000001 0.024282999999999999 0 0.026157 0.00074700000000000005 0.00057600000000000001 0.0010250000000000001 0.0032239999999999994 0.065321000000000046 0.014502999999999999 0 0 1
135 uniform 4 15 0.30926399999999998 5.1694807986567541 1 58 0.19017500000000001 0.0091160000000000008 0.093777999999999986 0.002026 0.00071199999999999996 0.0024390000000000002 0.0098029999999999992 0.044652999999999998 0.023368 0 0.028891 0.00068599999999999998 0.00060800000000000003 0.001132 0.0031800000000000001 0.070112000000000022 0.014995000000000001 0 0 2
135 uniform 4 23 0.309784 5.2288149199074319 1 59 0.18901100000000001 0.0092580000000000006 0.094437000000000007 0.0026330000000000004 0.00080100000000000006 0.0023400000000000001 0.0098630000000000002 0.043829 0.021534999999999999 0 0.026661000000000001 0.00080199999999999998 0.00059000000000000003 0.001065 0.0030850000000000005 0.07102 0.014559999999999997 0 0 3
136 linear 0 0 0.91073400000000004 334.37404313898384 1 137 0.50599499999999997 0.0084100000000000008 0.35118399999999994 0.010507000000000001 0.0014960000000000002 0.002928 0.011051999999999999 0.154944 0.022512000000000001 0 0.027165000000000002 0.00096699999999999998 0.19956999999999997 0.00081300000000000003 0.0032839999999999996 0.15180999999999997 0.073912000000000075 0.028520000000000018 0 0
136 linear 0 7 0.79200700000000002 341.82275175614967 1 137 0.35780299999999998 0.0081700000000000002 0.38249399999999983 0.0090449999999999992 0.0012999999999999997 0.0028509999999999998 0.010795000000000001 0.010732 0.02247 0 0.028031 0.000892 0.19596600000000003 0.00085099999999999998 0.0031020000000000006 0.18388999999999997 0.073811000000000099 0.028635000000000015 0 1
136 linear 0 15 0.65076100000000003 345.0941304931701 1 130 0.28221499999999999 0.0081899999999999994 0.31938899999999998 0.0081349999999999999 0.0012260000000000001 0.0027560000000000002 0.010753 0.014599000000000001 0.023723000000000001 0 0.027924000000000001 0.00088999999999999995 0.109898 0.000901 0.0031359999999999999 0.16038200000000005 0.066155999999999909 0.026839999999999996 0 2
136 linear 0 23 0.77789299999999995 342.85091819373491 1 130 0.40730699999999997 0.007979 0.31977299999999986 0.0099909999999999999 0.001186 0.0029039999999999999 0.010392 0.014328 0.022544999999999999 0 0.027598000000000001 0.00085700000000000001 0.24421799999999999 0.00080099999999999995 0.0028850000000000004 0.16237000000000001 0.0647309999999999 0.026814999999999964 0 3
136 linear 1 0 0.82522099999999998 337.70176442907893 1 130 0.48261100000000001 0.008116 0.29245500000000008 0.0089730000000000001 0.0012509999999999999 0.0027910000000000001 0.010240000000000001 0.15252299999999999 0.023643000000000001 0 0.028256 0.00086200000000000003 0.178284 0.00090300000000000005 0.0030249999999999999 0.13229299999999999 0.066556999999999991 0.026761999999999994 0 0
136 linear 1 7 0.77014199999999999 326.18501872343143 1 130 0.382884 0.0078510000000000003 0.33799599999999996 0.0084200000000000004 0.001173 0.002947 0.010994 0.01376 0.023623999999999999 0 0.027386000000000001 0.00083500000000000002 0.21728699999999998 0.00090200000000000002 0.0029440000000000004 0.17903299999999997 0.066313999999999984 0.026735000000000002 0 1
136 linear 1 15 0.87411499999999998 307.29833412630705 1 144 0.374533 0.0083339999999999994 0.44737100000000002 0.0090880000000000006 0.0016030000000000003 0.0029350000000000001 0.01111 0.020527 0.023581999999999999 0 0.026825000000000002 0.00088800000000000001 0.20251400000000003 0.00060400000000000004 0.0031340000000000001 0.24126700000000001 0.075754999999999989 0.029416999999999988 0 2
136 linear 1 23 0.77509899999999998 281.51175869356211 1 143 0.308392 0.0085380000000000005 0.41390199999999999 0.008463 0.0016639999999999999 0.00282 0.011220000000000001 0.013953999999999999 0.021759000000000001 0 0.027883000000000002 0.00089099999999999997 0.14380100000000001 0.00068099999999999996 0.0032179999999999995 0.210786 0.075388000000000024 0.029910999999999965 0 3
136 linear 2 0 0.49762499999999998 2.3349546252849378 1 75 0.34944700000000001 0.014758 0.10446600000000002 0.0050210000000000003 0.0010760000000000001 0.0030639999999999999 0.011955 0.17795900000000001 0.021870000000000001 0 0.027585999999999999 0.00093800000000000003 0.013305000000000001 0.0010970000000000001 0.0036179999999999997 0.045093999999999981 0.034216999999999997 0.008916000000000002 0 0
136 linear 2 7 0.32649600000000001 2.3041577342652868 1 61 0.175262 0.0085500000000000003 0.11699500000000003 0.0045149999999999999 0.00095100000000000002 0.0029039999999999999 0.010851 0.022950999999999999 0.021992999999999999 0 0.02717 0.00092900000000000003 0.0037609999999999996 0.0012329999999999999 0.0032269999999999998 0.074214999999999989 0.022433000000000002 0.0072740000000000027 0 1
136 linear 2 15 0.31609799999999999 2.2862455651067224 1 61 0.16833300000000001 0.0084180000000000001 0.11455699999999999 0.0040350000000000004 0.00077899999999999996 0.0029220000000000001 0.010182999999999999 0.021444999999999999 0.021243000000000001 0 0.026939000000000001 0.00092699999999999998 0.0047889999999999999 0.0011310000000000001 0.003081 0.070327999999999988 0.023610999999999993 0.0072720000000000007 0 2
136 linear 2 23 0.45391199999999998 2.2720641041140097 1 61 0.303651 0.0082719999999999998 0.11749699999999999 0.0040219999999999995 0.00076400000000000014 0.0024989999999999999 0.0095630000000000003 0.021142000000000001 0.020879999999999999 0 0.027043000000000001 0.00075000000000000002 0.144339 0.001101 0.00299 0.073504999999999987 0.023323 0.0072450000000000014 0 3
136 linear 3 0 1.2592570000000001 152.14950843662754 1 230 0.56038699999999997 0.015277000000000001 0.53923000000000043 0.024080999999999998 0.0022979999999999997 0.00297 0.011139 0.15181500000000001 0.021769 0 0.028868000000000001 0.00088800000000000001 0.24338100000000001 0.00030600000000000001 0.0037229999999999997 0.2371769999999998 0.12046300000000028 0.046870999999999989 0 0
136 linear 3 7 1.2641830000000001 135.69044096253356 1 230 0.41098400000000002 0.018253999999999999 0.75130000000000075 0.023202000000000004 0.0021850000000000003 0.0029499999999999999 0.011439 0.017840000000000002 0.021524999999999999 0 0.028273 0.00090499999999999999 0.22470599999999999 0.000348 0.0039620000000000002 0.44713199999999997 0.11685299999999983 0.046310000000000018 0 1
136 linear 3 15 1.169327 121.07055916579837 1 222 0.41847400000000001 0.014626 0.65460200000000013 0.024139000000000001 0.0021279999999999997 0.0030860000000000002 0.012661 0.019474999999999999 0.024133000000000002 0 0.027709000000000001 0.00087900000000000001 0.226437 0.00026699999999999998 0.0035300000000000002 0.37558500000000022 0.11220700000000032 0.044090000000000046 0 2
136 linear 3 23 0.92019600000000001 109.44460809939108 1 182 0.31737500000000002 0.016076 0.52900899999999995 0.010913000000000001 0.0021020000000000001 0.0029680000000000002 0.011243 0.021564 0.021302000000000001 0 0.028167999999999999 0.00088999999999999995 0.132994 0.00035599999999999998 0.0034099999999999994 0.29612700000000014 0.085224000000000188 0.031844999999999991 0 3
136 linear 4 0 0.44339800000000001 2.2351315029377457 1 61 0.33098699999999998 0.0088380000000000004 0.077380999999999991 0.0046630000000000005 0.00093000000000000005 0.003052 0.011780000000000001 0.175731 0.022037000000000001 0 0.027952999999999999 0.00089400000000000005 0.0033090000000000003 0.001413 0.0032539999999999999 0.032358999999999992 0.024340999999999991 0.0072599999999999991 0 0
136 linear 4 7 0.31636199999999998 2.2395468185401644 1 61 0.16949900000000001 0.0083370000000000007 0.11369499999999999 0.0041250000000000002 0.00074200000000000004 0.0028349999999999998 0.011228 0.021304 0.021729999999999999 0 0.027729 0.00085499999999999997 0.003026 0.001193 0.0031020000000000002 0.070427999999999963 0.02242899999999998 0.0072530000000000034 0 1
136 linear 4 15 0.31984899999999999 2.2458404489311303 1 61 0.165552 0.0083070000000000001 0.12110999999999995 0.0039699999999999996 0.000754 0.0025959999999999998 0.010281999999999999 0.021184000000000001 0.021270000000000001 0 0.027008000000000001 0.00081400000000000005 0.0031090000000000002 0.001108 0.0030590000000000001 0.074725 0.023285999999999998 0.0096409999999999985 0 2
136 linear 4 23 0.311809 2.2540331287929591 1 61 0.163712 0.0081569999999999993 0.115396 0.0038120000000000003 0.0008250000000000001 0.002477 0.0097230000000000007 0.020650999999999999 0.021961000000000001 0 0.027363999999999999 0.000785 0.00297 0.0010089999999999999 0.0031879999999999999 0.071305000000000007 0.023299999999999991 0.0072820000000000011 0 3
136 uniform 0 0 0.81034799999999996 323.67228258529991 1 137 0.50824000000000003 0.0084139999999999996 0.24926200000000004 0.010163999999999999 0.001523 0.0030330000000000001 0.011601 0.15509999999999999 0.023602999999999999 0 0.026561000000000001 0.00092100000000000005 0.19949400000000003 0.00091699999999999995 0.003199 0.14705300000000002 0.076551999999999995 0 0 0
136 uniform 0 7 0.69407300000000005 328.84474946185645 1 137 0.36033599999999999 0.0083490000000000005 0.28229600000000005 0.0090699999999999999 0.0013409999999999997 0.002983 0.011643000000000001 0.01044 0.024107 0 0.028015000000000002 0.00084999999999999995 0.19594200000000001 0.00086399999999999997 0.0030739999999999995 0.18341400000000005 0.073312999999999962 0 0 1
136 uniform 0 15 0.57791000000000003 331.0613784888256 1 130 0.27829199999999998 0.0079000000000000008 0.25094500000000008 0.0079989999999999992 0.0012980000000000001 0.0030049999999999999 0.011063999999999999 0.014787 0.023743 0 0.027755999999999999 0.00085800000000000004 0.10962100000000001 0.00076900000000000004 0.0029510000000000001 0.16069900000000009 0.066034999999999941 0 0 2
136 uniform 0 23 0.71210099999999998 329.46404304931571 1 130 0.40768799999999999 0.0077650000000000002 0.25690899999999994 0.007509 0.0012130000000000001 0.0028930000000000002 0.010656000000000001 0.014383 0.023488999999999999 0 0.027876000000000001 0.00086600000000000002 0.244259 0.00075100000000000004 0.0028339999999999997 0.16202500000000003 0.064611999999999906 0 0 3
136 uniform 1 0 0.74233800000000005 325.8483888154754 1 130 0.47950500000000001 0.0078720000000000005 0.21550399999999989 0.0072510000000000005 0.001204 0.0028530000000000001 0.010277 0.15287600000000001 0.023802 0 0.028074000000000002 0.00085999999999999998 0.17824399999999999 0.00086899999999999998 0.0028290000000000004 0.12548500000000001 0.065308999999999937 0 0 0
136 uniform 1 7 0.70381700000000003 317.66420190329546 1 130 0.38301099999999999 0.0080070000000000002 0.2714049999999999 0.0086789999999999992 0.001242 0.0027680000000000001 0.010395 0.013877 0.022581 0 0.027531 0.00085899999999999995 0.21741199999999999 0.00085400000000000005 0.0029450000000000001 0.17988000000000001 0.066752999999999896 0 0 1
136 uniform 1 15 0.765872 303.81065855593766 1 144 0.37368299999999999 0.0083909999999999992 0.34160999999999986 0.0081369999999999984 0.0015439999999999998 0.0028739999999999998 0.011446 0.014071 0.022155999999999999 0 0.026587 0.00092800000000000001 0.20995200000000003 0.00056099999999999998 0.0028620000000000004 0.24028100000000008 0.074440000000000006 0 0 2
136 uniform 1 23 0.67230599999999996 283.83357583305263 1 143 0.30426700000000001 0.0085310000000000004 0.31644700000000003 0.0077989999999999995 0.0015700000000000002 0.0027720000000000002 0.010917 0.013691999999999999 0.021413000000000001 0 0.027573 0.00085800000000000004 0.14201999999999998 0.00073499999999999998 0.0030669999999999998 0.21464399999999992 0.075018000000000001 0 0 3
136 uniform 2 0 0.460947 2.3453958670305313 1 59 0.35041299999999997 0.011556 0.07662200000000001 0.0034459999999999998 0.00083599999999999994 0.0030309999999999998 0.011783 0.17765700000000001 0.021819000000000002 0 0.027827000000000001 0.00088699999999999998 0.013420999999999999 0.0011230000000000001 0.0036159999999999999 0.038908999999999985 0.028828000000000006 0 0 0
136 uniform 2 7 0.27093899999999999 2.3087015297952429 1 45 0.17158499999999999 0.0085220000000000001 0.072574999999999987 0.0024670000000000004 0.00069800000000000005 0.0028999999999999998 0.010763999999999999 0.022714999999999999 0.021346 0 0.027216000000000001 0.00091600000000000004 0.0037429999999999998 0.0011720000000000001 0.0032060000000000005 0.047796999999999999 0.017985999999999995 0 0 1
136 uniform 2 15 0.266009 2.2900279820394189 1 45 0.16955899999999999 0.0083379999999999999 0.070162000000000002 0.0023540000000000002 0.0006959999999999999 0.0025539999999999998 0.0099139999999999992 0.021314 0.021354000000000001 0 0.029950999999999998 0.00084800000000000001 0.0047520000000000001 0.001196 0.0029989999999999999 0.044629000000000009 0.018750999999999997 0 0 2
136 uniform 2 23 0.39529799999999998 2.2754257044993285 1 45 0.29687400000000003 0.0082539999999999992 0.072500000000000009 0.0022959999999999999 0.00064100000000000008 0.0024589999999999998 0.0096699999999999998 0.021061 0.020882000000000001 0 0.026502000000000001 0.00085800000000000004 0.13808899999999999 0.0011180000000000001 0.0029809999999999997 0.047656000000000004 0.018026999999999998 0 0 3
136 uniform 3 0 1.1184460000000001 154.0736371921831 1 230 0.56455100000000003 0.015238 0.45058100000000001 0.024591999999999999 0.0032660000000000002 0.0028930000000000002 0.011357000000000001 0.152394 0.021777999999999999 0 0.028832 0.00094399999999999996 0.245893 0.00031599999999999998 0.0039319999999999997 0.26337900000000047 0.13618299999999964 0 0 0
136 uniform 3 7 1.1496569999999999 137.05861969795029 1 230 0.41886000000000001 0.017621999999999999 0.63364000000000043 0.019924999999999998 0.0022809999999999996 0.0030339999999999998 0.012644000000000001 0.019265999999999998 0.024531000000000001 0 0.027899 0.00092199999999999997 0.229819 0.000319 0.0038299999999999992 0.46732899999999988 0.11976000000000014 0 0 1
136 uniform 3 15 1.0236890000000001 122.0654421624869 1 222 0.40792800000000001 0.014447 0.52731599999999978 0.018179999999999998 0.0018 0.0029710000000000001 0.011024000000000001 0.018213 0.021235 0 0.027198 0.00088000000000000003 0.224856 0.00033199999999999999 0.0034629999999999999 0.3746880000000003 0.11195500000000043 0 0 2
136 uniform 3 23 0.81442300000000001 110.20419061526074 1 182 0.32167400000000002 0.016150999999999999 0.41637999999999986 0.012501999999999999 0.0020219999999999999 0.0028110000000000001 0.010891 0.021357999999999999 0.025919999999999999 0 0.028208 0.00091399999999999999 0.13273699999999999 0.00036299999999999999 0.0036089999999999998 0.29894399999999993 0.085883000000000098 0 0 3
136 uniform 4 0 0.41002699999999997 2.2364020180508999 1 45 0.33185399999999998 0.0087100000000000007 0.051238999999999993 0.0026589999999999999 0.00075900000000000002 0.0030400000000000002 0.011749000000000001 0.17367299999999999 0.022124000000000001 0 0.031696000000000002 0.00092299999999999999 0.0032699999999999999 0.001488 0.0032500000000000003 0.025871000000000002 0.018649000000000006 0 0 0
136 uniform 4 7 0.26737300000000003 2.2409333211621894 1 45 0.16786599999999999 0.0082629999999999995 0.073166999999999982 0.0024310000000000004 0.00063100000000000005 0.0028010000000000001 0.010808999999999999 0.021135999999999999 0.021158 0 0.027474999999999999 0.00084699999999999999 0.0030270000000000002 0.001108 0.0032069999999999998 0.04940399999999999 0.017001000000000002 0 0 1
136 uniform 4 15 0.27087299999999997 2.2474097656040257 1 45 0.16780500000000001 0.0083110000000000007 0.076108000000000009 0.0026640000000000001 0.00066700000000000006 0.0026359999999999999 0.0099880000000000004 0.021151 0.021228 0 0.026984000000000001 0.000825 0.0031159999999999998 0.0012489999999999999 0.0031770000000000001 0.051113000000000013 0.018244000000000003 0 0 2
136 uniform 4 23 0.26992100000000002 2.2558806334464214 1 45 0.16702900000000001 0.0082199999999999999 0.076846999999999999 0.0023639999999999998 0.00059699999999999998 0.002748 0.010248 0.020902 0.022228000000000001 0 0.027227999999999999 0.00085400000000000005 0.0030339999999999998 0.001111 0.0031649999999999994 0.052273000000000007 0.017827999999999997 0 0 3
137 linear 0 0 0.56202600000000003 19.167847306150275 1 117 0.29571799999999998 0.013513000000000001 0.21686999999999998 0.006229000000000001 0.0016900000000000001 0.0029840000000000001 0.011429999999999999 0.131323 0.023460999999999999 0 0.026394000000000001 0.00091699999999999995 0.000803 0.001199 0.0039620000000000002 0.10924100000000003 0.039152999999999986 0.019190999999999996 0 0
137 linear 0 7 0.46849400000000002 19.217071323019944 1 109 0.18750800000000001 0.012902 0.23720400000000008 0.0050899999999999999 0.0014989999999999999 0.0028579999999999999 0.010989000000000001 0.029339 0.022651999999999999 0 0.026457000000000001 0.00092299999999999999 0.000785 0.0011709999999999999 0.003813 0.12392600000000001 0.038249999999999965 0.017415000000000007 0 1
137 linear 0 15 0.44954300000000003 18.998947259414312 1 102 0.18634600000000001 0.013075 0.21838399999999994 0.0052649999999999988 0.00134 0.002908 0.011155999999999999 0.026127999999999998 0.023344 0 0.026370999999999999 0.00081599999999999999 0.0007899999999999999 0.001129 0.0038490000000000004 0.11618399999999998 0.035287999999999944 0.016626999999999996 0 2
137 linear 0 23 0.45234600000000003 18.512863193450798 1 102 0.18396499999999999 0.012723999999999999 0.22256800000000024 0.0070330000000000011 0.001642 0.0027000000000000001 0.010728 0.026716 0.022804000000000001 0 0.027834999999999999 0.00083799999999999999 0.00080999999999999996 0.00097999999999999997 0.0035240000000000007 0.12021100000000004 0.035819999999999956 0.016515000000000002 0 3
137 linear 1 0 0.47734799999999999 2.85169376065631 1 89 0.28684900000000002 0.011941 0.144815 0.0059830000000000005 0.001039 0.0031849999999999999 0.011308 0.127829 0.02392 0 0.027267 0.00081599999999999999 0.00077200000000000001 0.0010089999999999999 0.0034709999999999993 0.061334999999999987 0.031664999999999985 0.013194000000000001 0 0
137 linear 1 7 0.43450499999999997 3.1707033371077973 1 97 0.19826199999999999 0.011952000000000001 0.18879699999999988 0.0060149999999999995 0.00132 0.0029229999999999998 0.010970000000000001 0.040466000000000002 0.023272999999999999 0 0.026592000000000001 0.00079199999999999995 0.00080600000000000018 0.00099400000000000009 0.0034830000000000004 0.089648999999999979 0.030673000000000006 0.014990000000000002 0 1
137 linear 1 15 0.416356 3.4766807705286578 1 97 0.19198000000000001 0.011644 0.17792899999999995 0.0056789999999999992 0.0012950000000000001 0.002709 0.010645999999999999 0.038736 0.023165999999999999 0 0.026638999999999999 0.00078899999999999999 0.00079199999999999995 0.0010280000000000001 0.0034250000000000001 0.081133999999999984 0.028337999999999999 0.015011999999999994 0 2
137 linear 1 23 0.40509699999999998 3.7257996144177841 1 89 0.186256 0.011150999999999999 0.17664799999999992 0.0047730000000000003 0.00115 0.0026809999999999998 0.010404999999999999 0.035359000000000002 0.023026000000000001 0 0.026352 0.000767 0.00082300000000000006 0.00094300000000000004 0.0033289999999999991 0.073601000000000014 0.029812000000000009 0.015595999999999994 0 3
137 linear 2 0 0.55025599999999997 7.5686077128764726 1 150 0.27230300000000002 0.013198 0.2181789999999999 0.0088629999999999994 0.0023530000000000001 0.002774 0.010695 0.11088000000000001 0.021652999999999999 0 0.027184 0.00080699999999999999 0.00077999999999999999 0.0011050000000000001 0.0036860000000000005 0.12115699999999995 0.041063000000000051 0.019616999999999985 0 0
137 linear 2 7 0.49231799999999998 7.8067656422572025 1 157 0.178673 0.012592000000000001 0.25396300000000005 0.0089839999999999989 0.0021570000000000001 0.0026849999999999999 0.01034 0.023375 0.021073999999999999 0 0.026852000000000001 0.00079100000000000004 0.00082700000000000004 0.0010790000000000001 0.0037489999999999997 0.15515599999999996 0.040863000000000059 0.020398999999999997 0 1
137 linear 2 15 0.48553000000000002 8.1075426953145175 1 157 0.184614 0.012854000000000001 0.242141 0.0082990000000000008 0.0020839999999999999 0.002905 0.011285999999999999 0.022481000000000001 0.021156999999999999 0 0.027389 0.00084099999999999995 0.00081099999999999998 0.00099700000000000006 0.0036969999999999998 0.14370099999999994 0.040826000000000071 0.020402000000000007 0 2
137 linear 2 23 0.47511199999999998 8.44566593705337 1 157 0.17457400000000001 0.011842 0.24409300000000009 0.0075759999999999994 0.0019360000000000002 0.0026059999999999998 0.010486000000000001 0.021717 0.02095 0 0.026922000000000001 0.00079299999999999998 0.0008070000000000001 0.00094700000000000003 0.0036240000000000001 0.14670799999999995 0.040070000000000008 0.020434999999999995 0 3
137 linear 3 0 0.52369100000000002 3.939798132195655 1 113 0.31143900000000002 0.014781000000000001 0.153942 0.0078930000000000007 0.0014800000000000002 0.0029459999999999998 0.011173000000000001 0.14782500000000001 0.021742000000000001 0 0.026924 0.000812 0.001052 0.00073700000000000002 0.0037909999999999997 0.068954999999999975 0.03998899999999999 0.017031999999999988 0 0
137 linear 3 7 0.42113299999999998 3.7998408416668408 1 113 0.198133 0.01414 0.16652599999999998 0.0072319999999999997 0.0014810000000000001 0.0027269999999999998 0.01065 0.040980000000000003 0.021239999999999998 0 0.027546999999999999 0.00075100000000000004 0.00099799999999999997 0.00070699999999999995 0.0036150000000000006 0.085154000000000035 0.036879999999999996 0.016741000000000006 0 1
137 linear 3 15 0.40801100000000001 3.7005875358705742 1 105 0.191471 0.019685000000000001 0.15945599999999999 0.0065830000000000003 0.0013219999999999998 0.0026250000000000002 0.0099340000000000001 0.039463999999999999 0.020694000000000001 0 0.026849999999999999 0.00077999999999999999 0.00096899999999999992 0.00064400000000000004 0.0035119999999999999 0.084061999999999956 0.034757000000000031 0.014883 0 2
137 linear 3 23 0.41453099999999998 3.6375616526982766 1 113 0.19107299999999999 0.013691999999999999 0.17023899999999997 0.0066389999999999991 0.001297 0.0025690000000000001 0.0097000000000000003 0.038782999999999998 0.020545999999999998 0 0.026766999999999999 0.00080599999999999997 0.00098299999999999993 0.00076000000000000004 0.0034989999999999995 0.089536999999999978 0.037739999999999996 0.015748999999999989 0 3
137 linear 4 0 0.382135 1.5037724928990275 1 61 0.26927299999999998 0.0085299999999999994 0.07937799999999999 0.0038430000000000001 0.00091 0.0029489999999999998 0.010303 0.123546 0.022022 0 0.026519000000000001 0.00079900000000000001 0.00060499999999999996 0.0013619999999999999 0.0032130000000000001 0.039916 0.017601999999999996 0.0074759999999999965 0 0
137 linear 4 7 0.31826399999999999 1.5090998850620765 1 61 0.18241499999999999 0.0097059999999999994 0.099518000000000009 0.0045179999999999994 0.00082799999999999996 0.0028760000000000001 0.011218000000000001 0.031161999999999999 0.024117 0 0.026397 0.00082399999999999997 0.00057799999999999995 0.0012210000000000001 0.0036260000000000003 0.059724999999999986 0.018022000000000007 0.0075689999999999967 0 1
137 linear 4 15 0.31156400000000001 1.516401120864487 1 61 0.18080199999999999 0.0095610000000000001 0.095664999999999986 0.0040420000000000005 0.00078899999999999999 0.002728 0.010928999999999999 0.031977999999999999 0.023789999999999999 0 0.02656 0.00083799999999999999 0.00059299999999999999 0.001114 0.0033289999999999999 0.056997999999999986 0.017314000000000006 0.0074559999999999974 0 2
137 linear 4 23 0.31466699999999997 1.5251765591730329 1 61 0.178873 0.0094219999999999998 0.101373 0.0038069999999999996 0.00077299999999999992 0.0026210000000000001 0.010375000000000001 0.033981999999999998 0.023695999999999998 0 0.026748999999999998 0.00075699999999999997 0.00062100000000000002 0.00095299999999999996 0.0033309999999999998 0.063361000000000015 0.016569 0.0075579999999999979 0 3
137 uniform 0 0 0.517374 18.59023852981661 1 117 0.29937000000000002 0.013519 0.16860800000000009 0.0057139999999999995 0.0019069999999999998 0.0029849999999999998 0.011839000000000001 0.13224900000000001 0.025492999999999998 0 0.026419999999999999 0.00085499999999999997 0.00077999999999999999 0.001083 0.0037600000000000003 0.109763 0.039032999999999964 0 0 0
137 uniform 0 7 0.41495700000000002 18.532797283831961 1 109 0.18720000000000001 0.013269 0.1825530000000001 0.0050469999999999994 0.0014039999999999999 0.002699 0.010330000000000001 0.029388000000000001 0.02111 0 0.026991000000000001 0.00081700000000000002 0.00075900000000000002 0.0011019999999999999 0.0037829999999999999 0.12722800000000004 0.037080999999999961 0 0 1
137 uniform 0 15 0.39641399999999999 18.260061661245334 1 102 0.18582899999999999 0.012781000000000001 0.16695399999999996 0.0047840000000000001 0.0013079999999999999 0.0029090000000000001 0.010909 0.030703999999999999 0.021812999999999999 0 0.02588 0.00072599999999999997 0.00076800000000000002 0.0010549999999999999 0.0037839999999999996 0.114624 0.035250000000000004 0 0 2
137 uniform 0 23 0.39468500000000001 17.786483247279232 1 102 0.18024999999999999 0.01269 0.17187699999999995 0.0043420000000000004 0.0012149999999999999 0.002679 0.010233000000000001 0.026624999999999999 0.021007999999999999 0 0.027567000000000001 0.00075100000000000004 0.0008070000000000001 0.00096699999999999998 0.0035230000000000001 0.11890300000000008 0.035813999999999999 0 0 3
137 uniform 1 0 0.41939599999999999 2.9570066190583972 1 73 0.28860999999999998 0.01184 0.092952000000000007 0.0038730000000000001 0.00099200000000000004 0.0031050000000000001 0.011442000000000001 0.12810199999999999 0.022123 0 0.026962 0.00076000000000000004 0.00074999999999999991 0.00108 0.003441 0.054682999999999989 0.026967999999999995 0 0 0
137 uniform 1 7 0.34216299999999999 3.2275248721291137 1 81 0.19176000000000001 0.011818 0.11044699999999995 0.0040490000000000005 0.001129 0.0028279999999999998 0.010491 0.040431000000000002 0.021350000000000001 0 0.026369 0.00079900000000000001 0.00080000000000000015 0.0010269999999999999 0.0034089999999999997 0.07225100000000001 0.025749000000000001 0 0 1
137 uniform 1 15 0.335725 3.4745159607250247 1 81 0.19167400000000001 0.011587999999999999 0.10452800000000002 0.0039499999999999995 0.001088 0.0026580000000000002 0.010714 0.036850000000000001 0.021545000000000002 0 0.026724000000000001 0.00075900000000000002 0.00080500000000000016 0.0010219999999999999 0.0034290000000000002 0.068496000000000001 0.023546999999999995 0 0 2
137 uniform 1 23 0.346669 3.6699847652890325 1 89 0.187025 0.011143999999999999 0.11777699999999997 0.0041480000000000006 0.0012819999999999999 0.0025509999999999999 0.010241999999999999 0.035126999999999999 0.021315000000000001 0 0.028967 0.00068400000000000004 0.00080000000000000004 0.00094499999999999998 0.0032599999999999999 0.073824999999999988 0.029828000000000007 0 0 3
137 uniform 2 0 0.51396399999999998 7.60317645782514 1 150 0.27035300000000001 0.013051999999999999 0.1839650000000001 0.0087909999999999985 0.0021260000000000003 0.0029380000000000001 0.010633 0.11067 0.022957999999999999 0 0.027213999999999999 0.00073700000000000002 0.00081699999999999991 0.001065 0.0038029999999999995 0.12079699999999997 0.040003000000000045 0 0 0
137 uniform 2 7 0.46599800000000002 7.8514751134747911 1 157 0.18259400000000001 0.017314 0.21964399999999998 0.0081849999999999996 0.001921 0.002807 0.010529 0.023040000000000001 0.022859999999999998 0 0.027033999999999999 0.00081999999999999998 0.00079500000000000003 0.001103 0.0038709999999999999 0.154417 0.041033000000000062 0 0 1
137 uniform 2 15 0.44403799999999999 8.1647872376361015 1 157 0.179199 0.0126 0.20772699999999997 0.0070489999999999988 0.001797 0.0026749999999999999 0.010451999999999999 0.022238000000000001 0.02273 0 0.027644999999999999 0.00086799999999999996 0.00078799999999999996 0.00093099999999999997 0.0037529999999999998 0.14276299999999997 0.040812000000000036 0 0 2
137 uniform 2 23 0.44430500000000001 8.5163711283305705 1 157 0.17483699999999999 0.011752 0.21364500000000011 0.0068999999999999999 0.0017160000000000001 0.0024919999999999999 0.010003 0.021551000000000001 0.022665000000000001 0 0.026741000000000001 0.00080999999999999996 0.00078200000000000003 0.0010369999999999999 0.0036830000000000001 0.14936599999999983 0.040064999999999996 0 0 3
137 uniform 3 0 0.46795999999999999 3.9738740494251927 1 97 0.30663000000000001 0.014475 0.11122499999999998 0.0054339999999999996 0.001433 0.0028300000000000001 0.010533000000000001 0.144597 0.023054999999999999 0 0.026842999999999999 0.00079900000000000001 0.001011 0.00069700000000000003 0.003699 0.060480000000000006 0.035518000000000015 0 0 0
137 uniform 3 7 0.37103799999999998 3.8225281437576872 1 97 0.20278399999999999 0.014368000000000001 0.11602499999999999 0.0049910000000000006 0.001333 0.0028600000000000001 0.010566000000000001 0.041486000000000002 0.022414 0 0.027882000000000001 0.00072599999999999997 0.00096799999999999989 0.00076199999999999998 0.0037939999999999996 0.06817299999999997 0.03252699999999998 0 0 1
137 uniform 3 15 0.35850799999999999 3.7186903994567939 1 89 0.19495399999999999 0.013811 0.11860299999999997 0.0043639999999999998 0.0011869999999999999 0.0028289999999999999 0.010145 0.039472 0.021874000000000001 0 0.027011 0.00079699999999999997 0.00095100000000000002 0.00071500000000000003 0.0035069999999999997 0.073726000000000014 0.030588999999999974 0 0 2
137 uniform 3 23 0.36479699999999998 3.6543023791857463 1 97 0.19145400000000001 0.01379 0.126827 0.0051450000000000011 0.001098 0.0025349999999999999 0.0094129999999999995 0.038616999999999999 0.021863 0 0.026405999999999999 0.00082799999999999996 0.000977 0.00069999999999999999 0.003532 0.077509999999999954 0.033797999999999981 0 0 3
137 uniform 4 0 0.343584 1.5047934873273179 1 45 0.27504099999999998 0.0085450000000000005 0.04225799999999999 0.0024109999999999999 0.00073700000000000002 0.0029520000000000002 0.010267999999999999 0.12356 0.023264 0 0.026561999999999999 0.00074899999999999999 0.00060800000000000003 0.0013240000000000001 0.003248 0.023219999999999994 0.012302999999999998 0 0 0
137 uniform 4 7 0.254803 1.5101851992265292 1 45 0.17323 0.0082950000000000003 0.055281999999999998 0.0024250000000000001 0.00060000000000000006 0.002872 0.0098849999999999997 0.030051999999999999 0.022693000000000001 0 0.025939 0.00083699999999999996 0.00058199999999999994 0.0011360000000000001 0.0031960000000000001 0.036891999999999994 0.011602000000000003 0 0 1
137 uniform 4 15 0.260245 1.5175817613929448 1 45 0.17574600000000001 0.0082629999999999995 0.057736000000000003 0.002627 0.00066500000000000001 0.0026329999999999999 0.0097380000000000001 0.030839999999999999 0.021090000000000001 0 0.026744 0.00081999999999999998 0.00058900000000000001 0.0011540000000000001 0.0029909999999999997 0.038758000000000001 0.012171000000000003 0 0 2
137 uniform 4 23 0.25768000000000002 1.5264833183998257 1 45 0.17430699999999999 0.0082140000000000008 0.057247999999999993 0.002444 0.00066099999999999991 0.0028530000000000001 0.009691 0.032643999999999999 0.020801 0 0.026832999999999999 0.00076800000000000002 0.000629 0.0011039999999999999 0.0030630000000000002 0.038751000000000015 0.011750000000000003 0 0 3
138 linear 0 0 0.60065800000000003 2.8242097816165259 1 75 0.41786699999999999 0.013691999999999999 0.14241900000000002 0.0044270000000000004 0.0013320000000000001 0.0031120000000000002 0.011431999999999999 0.177178 0.109454 0 0.026866000000000001 0.00087600000000000004 0.00077400000000000006 0.0011069999999999999 0.0034339999999999996 0.087868000000000002 0.02941800000000001 0.0089200000000000043 0 0
138 linear 0 7 0.56699600000000006 2.6443399844804452 1 83 0.221687 0.013327 0.30038200000000009 0.0053020000000000003 0.0012230000000000001 0.0028040000000000001 0.010614 0.050675999999999999 0.042677 0 0.026456 0.00080599999999999997 0.00078200000000000014 0.001054 0.0033629999999999997 0.23642899999999994 0.032344999999999992 0.009616000000000003 0 1
138 linear 0 15 0.58441200000000004 2.4346520725453198 1 83 0.23522599999999999 0.013331000000000001 0.30374299999999993 0.005919999999999999 0.0012389999999999999 0.0028600000000000001 0.0097059999999999994 0.047921999999999999 0.062924999999999995 0 0.026318999999999999 0.00078100000000000001 0.00079699999999999997 0.0010449999999999999 0.0033440000000000002 0.24009499999999998 0.031866999999999986 0.0096280000000000029 0 2
138 linear 0 23 0.58237000000000005 2.2218044898943763 1 91 0.21524799999999999 0.012744 0.32102400000000003 0.0055589999999999997 0.0012979999999999999 0.0028579999999999999 0.0099469999999999992 0.048174000000000002 0.042877999999999999 0 0.026075999999999998 0.00077300000000000003 0.00076500000000000005 0.000959 0.0032140000000000007 0.25146600000000002 0.035490999999999988 0.010551999999999999 0 3
138 linear 1 0 0.56789199999999995 118.08881930109276 1 73 0.35639500000000002 0.012760000000000001 0.1717240000000001 0.0044520000000000002 0.0010559999999999999 0.002957 0.011068 0.17799599999999999 0.043445999999999999 0 0.026297000000000001 0.00085300000000000003 0.0008470000000000001 0.0010950000000000001 0.0039129999999999998 0.088619000000000045 0.035229000000000003 0.010585000000000006 0 0
138 linear 1 7 0.50082599999999999 114.9585754749732 1 73 0.26733400000000002 0.012158 0.19486000000000001 0.0043540000000000002 0.00086000000000000009 0.0028 0.010357999999999999 0.051097999999999998 0.085618 0 0.026081 0.00083000000000000001 0.00083699999999999996 0.001201 0.003818999999999999 0.11372200000000002 0.033414999999999993 0.010605 0 1
138 linear 1 15 0.46830500000000003 111.40022828810953 1 73 0.22478999999999999 0.013159000000000001 0.20350299999999991 0.0040860000000000002 0.00081999999999999998 0.002555 0.009757 0.052188999999999999 0.044873000000000003 0 0.025617999999999998 0.00072400000000000003 0.00079500000000000003 0.00099500000000000001 0.0037599999999999999 0.11490300000000002 0.03819899999999999 0.010954 0 2
138 linear 1 23 0.50408699999999995 107.88087823677787 1 73 0.259301 0.013377 0.20439199999999991 0.0043200000000000001 0.00090600000000000001 0.002496 0.011010000000000001 0.052338999999999997 0.078340999999999994 0 0.025219999999999999 0.00081700000000000002 0.00083000000000000001 0.001029 0.0037209999999999999 0.11920200000000003 0.036347000000000004 0.010914999999999994 0 3
138 linear 2 0 0.56918400000000002 105.75174787509539 1 90 0.38147300000000001 0.013233999999999999 0.14383400000000002 0.0057739999999999996 0.0012489999999999999 0.0028700000000000002 0.012149999999999999 0.17896799999999999 0.067058000000000006 0 0.027073 0.00085800000000000004 0.00079799999999999999 0.0010529999999999999 0.003735 0.076824000000000003 0.035560999999999975 0.010756 0 0
138 linear 2 7 0.48461799999999999 102.60598516671493 1 106 0.25060700000000002 0.012041 0.186496 0.0068939999999999991 0.0013109999999999997 0.0025990000000000002 0.010022 0.051076999999999997 0.072706999999999994 0 0.025637 0.00074700000000000005 0.00083499999999999991 0.0010759999999999999 0.0032510000000000009 0.11211200000000002 0.037764000000000013 0.012597000000000001 0 1
138 linear 2 15 0.47354099999999999 97.55609368962088 1 106 0.247117 0.011672 0.17967900000000006 0.0067069999999999994 0.0013960000000000001 0.0023679999999999999 0.0099360000000000004 0.051107 0.072595999999999994 0 0.025748 0.00076499999999999995 0.00084999999999999995 0.00098799999999999995 0.0032529999999999998 0.103906 0.039290999999999986 0.012620000000000006 0 2
138 linear 2 23 0.50609800000000005 90.765612609807278 1 106 0.24798899999999999 0.014914999999999999 0.20537300000000003 0.0070490000000000006 0.0012359999999999999 0.002392 0.01362 0.051006000000000003 0.062484999999999999 0 0.025654 0.00078399999999999997 0.00097400000000000004 0.00071100000000000004 0.0034880000000000002 0.12582900000000002 0.043066000000000014 0.012608999999999997 0 3
138 linear 3 0 0.43004500000000001 17.266367306144936 1 53 0.33038099999999998 0.0085450000000000005 0.069298000000000026 0.0035019999999999999 0.000794 0.0026229999999999999 0.010042000000000001 0.17743999999999999 0.032136999999999999 0 0.026388999999999999 0.00079000000000000001 0.00062299999999999996 0.0014480000000000001 0.0032730000000000003 0.032484000000000006 0.018700999999999988 0.0062980000000000006 0 0
138 linear 3 7 0.346474 17.304714446465866 1 53 0.20846700000000001 0.0081419999999999999 0.108394 0.0032289999999999997 0.00067200000000000007 0.002617 0.010185 0.054694 0.031605000000000001 0 0.02648 0.00076800000000000002 0.00059699999999999998 0.0012960000000000001 0.0031359999999999999 0.071993999999999989 0.018323999999999986 0.006284000000000004 0 1
138 linear 3 15 0.332119 17.349843305010747 1 53 0.201075 0.0081169999999999992 0.10189699999999995 0.0030079999999999998 0.00068899999999999994 0.0025660000000000001 0.0097990000000000004 0.051087 0.031532999999999999 0 0.026401000000000001 0.00078899999999999999 0.00060099999999999997 0.001191 0.0029670000000000005 0.066431999999999991 0.017396999999999999 0.0062880000000000019 0 2
138 linear 3 23 0.323791 17.396391415723752 1 53 0.19611899999999999 0.0081359999999999991 0.098504999999999995 0.0029750000000000002 0.00065799999999999995 0.0024020000000000001 0.0095569999999999995 0.051247000000000001 0.031095999999999999 0 0.025682 0.00078899999999999999 0.00060000000000000006 0.0010529999999999999 0.0030150000000000003 0.063121999999999998 0.017370999999999991 0.0062850000000000024 0 3
138 linear 4 0 0.51411399999999996 1.4506898490608633 1 68 0.35918499999999998 0.010788000000000001 0.11910899999999998 0.0039040000000000004 0.0010969999999999999 0.0027160000000000001 0.011246000000000001 0.16813800000000001 0.065323000000000006 0 0.026824000000000001 0.00079799999999999999 0.00060399999999999994 0.0011709999999999999 0.0032389999999999997 0.066207999999999989 0.026656000000000003 0.0078250000000000021 0 0
138 linear 4 7 0.51920200000000005 1.4420092293082767 1 68 0.22420499999999999 0.010130999999999999 0.25880799999999993 0.0042630000000000003 0.0008879999999999999 0.002598 0.0099469999999999992 0.049942 0.053971999999999999 0 0.026269000000000001 0.00084199999999999998 0.00059000000000000003 0.0011640000000000001 0.0031380000000000002 0.20482999999999998 0.027844999999999984 0.0078469999999999998 0 1
138 linear 4 15 0.50401099999999999 1.4331727330150665 1 61 0.21041899999999999 0.0098580000000000004 0.25859900000000002 0.0036519999999999999 0.00091099999999999992 0.0026540000000000001 0.010115000000000001 0.048925000000000003 0.043881999999999997 0 0.026008 0.00081400000000000005 0.00059299999999999999 0.001134 0.0029429999999999999 0.21113600000000007 0.023294999999999996 0.0070300000000000024 0 2
138 linear 4 23 0.47248400000000002 1.4253780790439514 1 61 0.203429 0.0099190000000000007 0.23476299999999994 0.0035639999999999999 0.00075600000000000005 0.002506 0.0091210000000000006 0.044825999999999998 0.043159000000000003 0 0.025499999999999998 0.00078899999999999999 0.00057200000000000003 0.001114 0.0029510000000000001 0.18492300000000006 0.022833999999999997 0.0099739999999999985 0 3
138 uniform 0 0 0.57680200000000004 2.8102907509910864 1 75 0.40818399999999999 0.013599 0.12875300000000001 0.0039940000000000002 0.001322 0.002349 0.0090360000000000006 0.17491000000000001 0.110124 0 0.025628999999999999 0.00078700000000000005 0.00076199999999999998 0.001041 0.0032770000000000004 0.088377999999999998 0.029204000000000029 0 0 0
138 uniform 0 7 0.50512400000000002 2.6465693282294525 1 75 0.21743599999999999 0.013431 0.24820300000000012 0.0038979999999999996 0.00099699999999999984 0.0023670000000000002 0.0091090000000000008 0.050412999999999999 0.044105999999999999 0 0.025798999999999999 0.00072599999999999997 0.00079000000000000001 0.001003 0.0031909999999999998 0.20758400000000002 0.029275000000000023 0 0 1
138 uniform 0 15 0.50176500000000002 2.4563548733080696 1 67 0.23325899999999999 0.013172 0.23179499999999997 0.0032680000000000005 0.00092999999999999984 0.0023479999999999998 0.0088280000000000008 0.047857999999999998 0.064574000000000006 0 0.025500999999999999 0.00071100000000000004 0.000785 0.00096900000000000003 0.0032970000000000005 0.19581900000000002 0.025889000000000009 0 0 2
138 uniform 0 23 0.46028400000000003 2.2613797342666953 1 67 0.21249299999999999 0.012727 0.21149900000000002 0.0033160000000000004 0.001039 0.0023 0.0086840000000000007 0.048186 0.044608000000000002 0 0.024903000000000002 0.00071599999999999995 0.00078699999999999994 0.00095500000000000001 0.0031920000000000004 0.17085699999999993 0.026110000000000008 0 0 3
138 uniform 1 0 0.53310199999999996 116.93125244325491 1 73 0.35830800000000002 0.012847000000000001 0.13498199999999999 0.0044559999999999999 0.00097799999999999992 0.002898 0.010874 0.17776 0.043519000000000002 0 0.026217000000000001 0.000812 0.00083599999999999994 0.001111 0.003934 0.088315999999999992 0.034948999999999994 0 0 0
138 uniform 1 7 0.46623300000000001 113.89372803861811 1 73 0.26553700000000002 0.012234999999999999 0.16212499999999988 0.0040260000000000001 0.00085999999999999998 0.0029429999999999999 0.010730999999999999 0.051115000000000001 0.083108000000000001 0 0.026263999999999999 0.00079900000000000001 0.00086499999999999988 0.0011839999999999999 0.0038189999999999995 0.11359400000000001 0.03331499999999999 0 0 1
138 uniform 1 15 0.41165299999999999 110.43585414370311 1 73 0.218808 0.011993 0.15513900000000005 0.003787 0.00077099999999999998 0.0026229999999999999 0.010194 0.051074000000000001 0.041881000000000002 0 0.025420999999999999 0.00072300000000000001 0.00082199999999999981 0.0010740000000000001 0.0037100000000000002 0.10763300000000001 0.035723000000000005 0 0 2
138 uniform 1 23 0.45092399999999999 107.00924250807758 1 73 0.24740899999999999 0.011897 0.166382 0.0036239999999999996 0.00075199999999999996 0.0024160000000000002 0.0099030000000000003 0.051074000000000001 0.072356000000000004 0 0.024972000000000001 0.00072300000000000001 0.0008470000000000001 0.00093700000000000001 0.0036509999999999997 0.11934100000000006 0.035181999999999998 0 0 3
138 uniform 2 0 0.53585000000000005 106.55228920981347 1 90 0.37079299999999998 0.011912000000000001 0.123297 0.0052560000000000003 0.001273 0.0026570000000000001 0.010312 0.17696100000000001 0.063580999999999999 0 0.026284999999999999 0.00076999999999999996 0.00080699999999999999 0.0010839999999999999 0.0032869999999999996 0.075259000000000006 0.034265999999999991 0 0 0
138 uniform 2 7 0.471219 104.08098891976999 1 106 0.25351600000000002 0.012206 0.17069900000000002 0.0061569999999999993 0.0013469999999999997 0.0026909999999999998 0.010182 0.051115000000000001 0.072914000000000007 0 0.026009999999999998 0.00074799999999999997 0.00081499999999999997 0.001073 0.0034850000000000003 0.11251499999999996 0.037883999999999959 0 0 1
138 uniform 2 15 0.45380599999999999 99.456123592903637 1 106 0.248031 0.011749000000000001 0.15985400000000002 0.005973 0.001312 0.002496 0.0097350000000000006 0.051007999999999998 0.072373000000000007 0 0.025399000000000001 0.00073700000000000002 0.00082899999999999998 0.0010250000000000001 0.0033650000000000008 0.10446400000000003 0.039309999999999984 0 0 2
138 uniform 2 23 0.45295000000000002 91.743488936808532 1 90 0.24474000000000001 0.015023 0.162384 0.0048150000000000007 0.001186 0.0022079999999999999 0.0091120000000000003 0.050945999999999998 0.062509999999999996 0 0.026102 0.00083600000000000005 0.00096299999999999999 0.00076300000000000001 0.0036640000000000002 0.112275 0.03654799999999999 0 0 3
138 uniform 3 0 0.40914899999999998 17.26765524587297 1 37 0.33893200000000001 0.0097009999999999996 0.045541999999999999 0.0018580000000000001 0.00057299999999999994 0.0025490000000000001 0.014654 0.17765300000000001 0.034852000000000001 0 0.026235000000000001 0.00076199999999999998 0.00061299999999999994 0.0012509999999999999 0.0035309999999999999 0.026211000000000002 0.013384999999999998 0 0 0
138 uniform 3 7 0.30443300000000001 17.306010635492207 1 37 0.20725199999999999 0.0085360000000000002 0.073547000000000015 0.001918 0.00049700000000000005 0.0026480000000000002 0.010588999999999999 0.052561999999999998 0.034682999999999999 0 0.026367999999999999 0.00075600000000000005 0.000602 0.001191 0.0033739999999999994 0.054403000000000014 0.012865999999999999 0 0 1
138 uniform 3 15 0.30368800000000001 17.351149914136478 1 37 0.20688699999999999 0.0083940000000000004 0.073077999999999976 0.002039 0.00058 0.0023869999999999998 0.010541999999999999 0.052526000000000003 0.034557999999999998 0 0.025662999999999998 0.00072400000000000003 0.00058799999999999998 0.0011620000000000001 0.0035100000000000001 0.054203000000000022 0.013127999999999999 0 0 2
138 uniform 3 23 0.29280099999999998 17.397709544689871 1 37 0.20618600000000001 0.0083119999999999999 0.063457000000000013 0.0019010000000000001 0.00050200000000000006 0.002428 0.011157 0.052491000000000003 0.034618000000000003 0 0.026058000000000001 0.00089999999999999998 0.00057700000000000004 0.0011180000000000001 0.0033179999999999998 0.045119000000000006 0.012580000000000003 0 0 3
138 uniform 4 0 0.47183000000000003 1.4518246228239795 1 52 0.356933 0.010552000000000001 0.086422000000000013 0.0025890000000000002 0.00081599999999999999 0.0028349999999999998 0.012367 0.16561100000000001 0.063769999999999993 0 0.026925000000000001 0.00084900000000000004 0.00059599999999999996 0.0011720000000000001 0.0032760000000000003 0.057123000000000007 0.021519999999999994 0 0 0
138 uniform 4 7 0.43642799999999998 1.4430146318950798 1 52 0.22825899999999999 0.010111999999999999 0.17989499999999994 0.0024450000000000001 0.00076400000000000003 0.002555 0.0099959999999999997 0.050108 0.052089999999999997 0 0.026373000000000001 0.00083699999999999996 0.00057699999999999993 0.00115 0.0030859999999999998 0.14957499999999999 0.022463 0 0 1
138 uniform 4 15 0.41515000000000002 1.4340526132692586 1 45 0.20737800000000001 0.0099139999999999992 0.18006900000000006 0.0022040000000000002 0.00070299999999999996 0.0024139999999999999 0.0095110000000000004 0.048918000000000003 0.041857999999999999 0 0.025533 0.00074899999999999999 0.00057800000000000006 0.001157 0.0029900000000000005 0.15502899999999997 0.018304999999999998 0 0 2
138 uniform 4 23 0.40484500000000001 1.4261570036967053 1 45 0.20230799999999999 0.010082000000000001 0.174258 0.0024420000000000002 0.00061600000000000001 0.0023389999999999999 0.0090989999999999994 0.044750999999999999 0.041362999999999997 0 0.025513999999999998 0.00082200000000000003 0.00057700000000000004 0.0011249999999999999 0.0030540000000000003 0.14961200000000002 0.017839999999999998 0 0 3
139 linear 0 0 0.59447799999999995 29.94429085591781 1 81 0.38831199999999999 0.047577000000000001 0.13133100000000003 0.0046109999999999996 0.0011849999999999999 0.0030620000000000001 0.011265000000000001 0.19549900000000001 0.054276999999999999 0 0.027723000000000001 0.00080099999999999995 0.0046949999999999995 0.0010939999999999999 0.0034750000000000002 0.04850400000000004 0.043322999999999993 0.0087809999999999989 0 0
139 linear 0 7 0.46692499999999998 29.350107796691102 1 81 0.24485100000000001 0.047219999999999998 0.14777599999999996 0.0042769999999999996 0.00098799999999999995 0.0029529999999999999 0.010623 0.057449 0.053406000000000002 0 0.027036999999999999 0.00080400000000000003 0.0041210000000000005 0.001073 0.0034010000000000004 0.065426999999999985 0.043011999999999988 0.0088080000000000033 0 1
139 linear 0 15 0.45438499999999998 28.413755359179302 1 81 0.242673 0.039021 0.14624999999999996 0.0041219999999999998 0.0010660000000000001 0.0027399999999999998 0.010033 0.058691 0.053263999999999999 0 0.026456 0.00083699999999999996 0.0041400000000000005 0.001024 0.0033010000000000001 0.063336000000000003 0.043452999999999999 0.0087929999999999987 0 2
139 linear 0 23 0.48568299999999998 27.228579315996846 1 81 0.26455600000000001 0.042715000000000003 0.15061300000000005 0.004679 0.00091799999999999998 0.002581 0.0097970000000000002 0.058673000000000003 0.075362999999999999 0 0.026610000000000002 0.00078600000000000002 0.0042529999999999998 0.0009810000000000001 0.0033410000000000002 0.064399999999999999 0.046622000000000018 0.0088090000000000043 0 3
139 linear 1 0 0.74936599999999998 30.126947433064736 1 90 0.52679799999999999 0.044774000000000001 0.14791799999999988 0.0052480000000000001 0.0011160000000000002 0.0029780000000000002 0.010829999999999999 0.19568099999999999 0.098319000000000004 0 0.027115 0.00078600000000000002 0.104516 0.0010510000000000001 0.0034480000000000001 0.062432999999999995 0.045659999999999992 0.0098309999999999977 0 0
139 linear 1 7 0.60376300000000005 26.783641834902564 1 90 0.362091 0.041929000000000001 0.16994999999999996 0.0051490000000000008 0.0010499999999999999 0.002807 0.010142 0.060832999999999998 0.088038000000000005 0 0.026702 0.00076999999999999996 0.087410999999999989 0.0010989999999999999 0.0033029999999999995 0.084059000000000009 0.046285999999999994 0.0098529999999999989 0 1
139 linear 1 15 0.48130099999999998 22.858002768106111 1 74 0.27397899999999997 0.040571000000000003 0.14170200000000002 0.0039909999999999998 0.00086700000000000004 0.0027629999999999998 0.0098370000000000003 0.058618999999999997 0.086604 0 0.026609000000000001 0.00079699999999999997 0.0046249999999999998 0.0010059999999999999 0.003441 0.067435999999999982 0.037073000000000002 0.0079520000000000007 0 2
139 linear 1 23 0.61486600000000002 18.879385137472198 1 82 0.387517 0.042508999999999998 0.15473100000000001 0.0054860000000000004 0.00099200000000000004 0.002663 0.0098370000000000003 0.058645999999999997 0.086564000000000002 0 0.026112 0.00073399999999999995 0.118038 0.0010790000000000001 0.0034349999999999997 0.075326000000000018 0.042298999999999969 0.0089010000000000044 0 3
139 linear 2 0 0.674566 26.000700607948541 1 90 0.41497800000000001 0.068590999999999999 0.157612 0.0057250000000000001 0.0011789999999999999 0.0027799999999999999 0.010598 0.19551299999999999 0.078301999999999997 0 0.027220000000000001 0.00076300000000000001 0.0058130000000000005 0.00072000000000000005 0.0035610000000000004 0.066599999999999979 0.048657000000000006 0.0098800000000000016 0 0
139 linear 2 7 0.54655500000000001 26.892192274222971 1 90 0.26396799999999998 0.068714999999999998 0.18058299999999997 0.0055179999999999995 0.0012489999999999999 0.002797 0.010343 0.058762000000000002 0.068100999999999995 0 0.026196000000000001 0.00088999999999999995 0.005762999999999999 0.00083100000000000003 0.0035059999999999996 0.089577999999999963 0.048843000000000004 0.0098780000000000048 0 1
139 linear 2 15 0.57349099999999997 28.385062236663021 1 90 0.29182399999999997 0.065891000000000005 0.18239199999999997 0.0054840000000000002 0.0012339999999999999 0.0025820000000000001 0.0096679999999999995 0.053926000000000002 0.102608 0 0.025582000000000001 0.00087600000000000004 0.0057810000000000005 0.00077800000000000005 0.0034870000000000001 0.090540999999999955 0.049806999999999969 0.0098880000000000027 0 2
139 linear 2 23 0.50758000000000003 31.200476663097508 1 90 0.27482200000000001 0.039412000000000003 0.16229600000000002 0.0059179999999999996 0.001284 0.0026090000000000002 0.0097850000000000003 0.055287000000000003 0.085916000000000006 0 0.026525 0.00089599999999999999 0.0046740000000000002 0.0011379999999999999 0.0033829999999999993 0.07337800000000004 0.046694999999999945 0.0099089999999999994 0 3
139 linear 3 0 0.63294600000000001 21.594860809030465 1 98 0.37607000000000002 0.068945000000000006 0.15172200000000005 0.0063369999999999998 0.0013480000000000002 0.002643 0.010031999999999999 0.19547500000000001 0.042091000000000003 0 0.026262000000000001 0.00085499999999999997 0.0055000000000000005 0.00075500000000000003 0.0036379999999999997 0.060192000000000002 0.049021000000000037 0.010848999999999998 0 0
139 linear 3 7 0.53998500000000005 22.213179579874414 1 98 0.24765599999999999 0.068429000000000004 0.18847900000000004 0.0057820000000000007 0.001245 0.0025569999999999998 0.009724 0.058619999999999998 0.052471999999999998 0 0.02596 0.00079900000000000001 0.0054370000000000009 0.00065499999999999998 0.0036440000000000001 0.092638999999999957 0.049152000000000029 0.010801000000000002 0 1
139 linear 3 15 0.514351 23.071597588434027 1 98 0.24265100000000001 0.065994999999999998 0.16960699999999995 0.0061749999999999999 0.0011950000000000001 0.0024580000000000001 0.0094599999999999997 0.056805000000000001 0.052599 0 0.025624999999999998 0.00079100000000000004 0.005588000000000001 0.00074899999999999999 0.0036339999999999996 0.076221000000000011 0.050997000000000028 0.010805 0 2
139 linear 3 23 0.53363099999999997 24.182369893551606 1 98 0.249886 0.075330999999999995 0.17243300000000006 0.0061370000000000001 0.0012130000000000001 0.0025660000000000001 0.0098469999999999999 0.058712 0.052283999999999997 0 0.026117999999999999 0.00075799999999999999 0.0056630000000000005 0.00073399999999999995 0.0037000000000000002 0.080125000000000002 0.050099000000000025 0.010791 0 3
139 linear 4 0 0.512521 4.82089883879119 1 53 0.38895000000000002 0.0084930000000000005 0.092439000000000049 0.0032750000000000001 0.00075000000000000012 0.0027680000000000001 0.010102999999999999 0.19519300000000001 0.068431000000000006 0 0.026658999999999999 0.00078200000000000003 0.0028160000000000004 0.001402 0.0032490000000000002 0.035597999999999998 0.026821000000000015 0.0054920000000000004 0 0
139 linear 4 7 0.40917799999999999 4.8306746874899664 1 53 0.251614 0.0094990000000000005 0.12124699999999994 0.0040669999999999994 0.001596 0.0039060000000000002 0.0093720000000000001 0.057855999999999998 0.068967000000000001 0 0.025874999999999999 0.00084599999999999996 0.0028189999999999999 0.0011540000000000001 0.0033970000000000003 0.057771999999999997 0.029122999999999993 0.0058759999999999967 0 1
139 linear 4 15 0.42687900000000001 4.8420652169938334 1 53 0.26575799999999999 0.0092659999999999999 0.127779 0.0034299999999999999 0.000669 0.003656 0.0092270000000000008 0.057826000000000002 0.087346999999999994 0 0.025347000000000001 0.000794 0.0027499999999999998 0.0011379999999999999 0.0034320000000000002 0.067255000000000009 0.027530000000000009 0.0057489999999999972 0 2
139 linear 4 23 0.38250299999999998 4.8536926739825086 1 53 0.23530599999999999 0.0095670000000000009 0.11512000000000004 0.0034869999999999996 0.00058300000000000008 0.0024689999999999998 0.010168 0.059851000000000001 0.055622999999999999 0 0.025770000000000001 0.00072000000000000005 0.0027790000000000002 0.0010610000000000001 0.0034130000000000002 0.054995000000000009 0.027462000000000018 0.0056779999999999973 0 3
139 uniform 0 0 0.56103400000000003 29.158023658976493 1 81 0.385272 0.045182 0.10424000000000003 0.0039709999999999997 0.001065 0.0025539999999999998 0.010555 0.19656899999999999 0.056894 0 0.026501 0.00067500000000000004 0.0039510000000000005 0.0010549999999999999 0.0034789999999999999 0.048511999999999986 0.043514999999999998 0 0 0
139 uniform 0 7 0.433724 28.502256347098445 1 81 0.240235 0.042914000000000001 0.12452800000000001 0.0036419999999999998 0.00090999999999999989 0.0025660000000000001 0.0094719999999999995 0.057486000000000002 0.053344999999999997 0 0.026530000000000001 0.00084800000000000001 0.0040870000000000004 0.0010219999999999999 0.0034479999999999997 0.069304999999999992 0.043088999999999981 0 0 1
139 uniform 0 15 0.42236000000000001 27.566966335505217 1 81 0.23926800000000001 0.038634000000000002 0.11866300000000002 0.003493 0.000941 0.0024329999999999998 0.0092350000000000002 0.058729999999999997 0.052836000000000001 0 0.026644999999999999 0.00080800000000000002 0.0039919999999999999 0.001034 0.0034429999999999999 0.063041000000000014 0.043449999999999975 0 0 2
139 uniform 0 23 0.446135 26.452862152786338 1 81 0.25895299999999999 0.041485000000000001 0.119729 0.0037870000000000004 0.00092200000000000008 0.0024359999999999998 0.0092809999999999993 0.058504 0.073889999999999997 0 0.026179000000000001 0.00080599999999999997 0.0041989999999999996 0.001047 0.0033700000000000006 0.06410200000000002 0.043412999999999972 0 0 3
139 uniform 1 0 0.69867999999999997 30.051643930610407 1 74 0.527563 0.043428000000000001 0.10332899999999999 0.0033579999999999999 0.00097999999999999997 0.0025730000000000002 0.0098650000000000005 0.19785 0.096526000000000001 0 0.026973 0.000736 0.10459199999999999 0.0011620000000000001 0.0035450000000000004 0.054725999999999997 0.037533000000000011 0 0 0
139 uniform 1 7 0.55093599999999998 27.038812966145883 1 74 0.36352400000000001 0.041695999999999997 0.12132699999999998 0.0033400000000000001 0.00085700000000000012 0.0025530000000000001 0.0099299999999999996 0.058708000000000003 0.086241999999999999 0 0.026283000000000001 0.000767 0.092328999999999994 0.001124 0.0034819999999999999 0.071898000000000017 0.038329999999999989 0 0 1
139 uniform 1 15 0.45167200000000002 23.472134388630831 1 74 0.27188800000000002 0.040022000000000002 0.115554 0.0034530000000000003 0.00078100000000000001 0.0024290000000000002 0.0092689999999999995 0.058568000000000002 0.086721000000000006 0 0.026068000000000001 0.00076499999999999995 0.0045679999999999991 0.00096699999999999998 0.0033979999999999995 0.067254999999999995 0.037242999999999998 0 0 2
139 uniform 1 23 0.56029600000000002 19.770809122998294 1 66 0.39487299999999997 0.042358 0.10076399999999998 0.0032680000000000001 0.00077499999999999997 0.0025500000000000002 0.0095770000000000004 0.058671000000000001 0.086541999999999994 0 0.026811000000000001 0.00072400000000000003 0.122639 0.001072 0.0033969999999999998 0.056631999999999995 0.034249000000000009 0 0 3
139 uniform 2 0 0.639158 26.12023337377968 1 90 0.41171400000000002 0.067757999999999999 0.12826500000000002 0.0053480000000000003 0.0011980000000000001 0.0026540000000000001 0.010286999999999999 0.19567000000000001 0.077672000000000005 0 0.027085999999999999 0.00082799999999999996 0.0057399999999999994 0.00071699999999999997 0.0035070000000000001 0.064407999999999965 0.050303 0 0 0
139 uniform 2 7 0.48382999999999998 27.057970973054534 1 74 0.26640799999999998 0.069186999999999999 0.1222 0.0037099999999999998 0.00088100000000000006 0.0025869999999999999 0.010003 0.062101999999999997 0.066605999999999999 0 0.026270000000000002 0.00093800000000000003 0.0058009999999999997 0.00073499999999999998 0.0036050000000000006 0.070998999999999965 0.039997000000000005 0 0 1
139 uniform 2 15 0.50457200000000002 28.666641776527982 1 74 0.28831800000000002 0.065682000000000004 0.12494599999999999 0.0035920000000000001 0.00080599999999999997 0.0025709999999999999 0.0097730000000000004 0.053929999999999999 0.099180000000000004 0 0.026002000000000001 0.00084400000000000002 0.005862 0.00082600000000000002 0.0034580000000000001 0.073181000000000024 0.040695999999999975 0 0 2
139 uniform 2 23 0.47887999999999997 31.780630369132606 1 90 0.27678399999999997 0.038482000000000002 0.13341099999999997 0.0051920000000000004 0.001106 0.002519 0.0094710000000000003 0.057931999999999997 0.087857000000000005 0 0.026911000000000001 0.000883 0.0043679999999999995 0.0011349999999999999 0.0034329999999999999 0.073345999999999953 0.046590999999999966 0 0 3
139 uniform 3 0 0.58451600000000004 21.665983310254962 1 82 0.376641 0.070175000000000001 0.109238 0.003993 0.001034 0.0028240000000000001 0.010529999999999999 0.19559199999999999 0.043389999999999998 0 0.025961000000000001 0.00076800000000000002 0.0053600000000000002 0.00069800000000000005 0.0035170000000000002 0.052849 0.044103000000000003 0 0 0
139 uniform 3 7 0.47873599999999999 22.302963046063283 1 82 0.247835 0.069889000000000007 0.13278399999999996 0.0041459999999999995 0.0010059999999999999 0.0026199999999999999 0.010097999999999999 0.058688999999999998 0.052253000000000001 0 0.02614 0.00090399999999999996 0.0054529999999999995 0.00069999999999999999 0.0035090000000000004 0.078938000000000008 0.041558000000000046 0 0 1
139 uniform 3 15 0.46305499999999999 23.194252662091671 1 82 0.25016899999999997 0.065467999999999998 0.11910200000000004 0.0039270000000000008 0.001008 0.0026779999999999998 0.010029 0.056945000000000003 0.052934000000000002 0 0.026522 0.00086499999999999999 0.0057499999999999999 0.00077200000000000001 0.0037100000000000002 0.063937000000000008 0.042917000000000038 0 0 2
139 uniform 3 23 0.47280899999999998 24.363936765850045 1 82 0.25273000000000001 0.068385000000000001 0.12378200000000003 0.003839 0.00098900000000000008 0.0025010000000000002 0.014489 0.058633999999999999 0.052607000000000001 0 0.026664 0.00080999999999999996 0.0054929999999999996 0.00078299999999999995 0.0036530000000000004 0.068691999999999975 0.042758999999999991 0 0 3
139 uniform 4 0 0.46116499999999999 4.8211078669926364 1 37 0.38916699999999999 0.0086180000000000007 0.048074000000000006 0.0021389999999999998 0.00055699999999999999 0.0026919999999999999 0.010147 0.19561000000000001 0.068001000000000006 0 0.026468999999999999 0.00080999999999999996 0.0027629999999999998 0.00134 0.0033509999999999998 0.025292000000000005 0.017158999999999994 0 0 0
139 uniform 4 7 0.32578000000000001 4.8308857231184357 1 37 0.24670700000000001 0.0082710000000000006 0.056209000000000002 0.001864 0.000513 0.002738 0.010406 0.059857 0.066442000000000001 0 0.025751 0.00077200000000000001 0.002738 0.001232 0.0031419999999999994 0.033648000000000011 0.016889999999999999 0 0 1
139 uniform 4 15 0.34697 4.8422786604794705 1 37 0.25988099999999997 0.0082140000000000008 0.064351000000000005 0.0017849999999999999 0.00050200000000000006 0.002496 0.0095239999999999995 0.056688000000000002 0.085167000000000007 0 0.026084 0.00072199999999999999 0.002794 0.001145 0.003029 0.041567999999999994 0.017076999999999998 0 0 2
139 uniform 4 23 0.30876599999999998 4.8539086511510172 1 37 0.22639999999999999 0.0081110000000000002 0.059962000000000015 0.001805 0.00046900000000000002 0.0024689999999999998 0.0091970000000000003 0.058686000000000002 0.052789000000000003 0 0.025585 0.00067500000000000004 0.0028510000000000002 0.0010610000000000001 0.0029489999999999998 0.036788000000000001 0.017561000000000011 0 0 3
140 linear 0 0 0.43183700000000003 1.3067089069611992 1 66 0.31122699999999998 0.0065120000000000004 0.091393999999999989 0.0043149999999999994 0.00072300000000000001 0.0031110000000000001 0.011819 0.166295 0.022853999999999999 0 0.028292000000000001 0.00086899999999999998 0.0016559999999999999 0.0013829999999999999 0.0028220000000000003 0.03699800000000001 0.021055999999999998 0.0097609999999999988 0 0
140 linear 0 7 0.28330300000000003 1.3083709031208746 1 66 0.16006500000000001 0.0063870000000000003 0.093674999999999967 0.0043320000000000008 0.00078600000000000002 0.002856 0.011212 0.021670999999999999 0.022012 0 0.027921999999999999 0.00092199999999999997 0.00165 0.0012780000000000001 0.0027200000000000002 0.041235999999999995 0.021425000000000017 0.0096610000000000012 0 1
140 linear 0 15 0.29243400000000003 1.308736015230733 1 66 0.15917700000000001 0.0060720000000000001 0.104548 0.0039709999999999997 0.00061300000000000005 0.002833 0.010626999999999999 0.021235 0.021989999999999999 0 0.028514000000000001 0.00085300000000000003 0.0015869999999999999 0.0010950000000000001 0.0026610000000000002 0.04048199999999999 0.021110000000000018 0.009702000000000004 0 2
140 linear 0 23 0.30011300000000002 1.3075969522601183 1 66 0.15814700000000001 0.0060000000000000001 0.11292699999999999 0.0038510000000000003 0.00090399999999999996 0.0045820000000000001 0.0097769999999999992 0.021104999999999999 0.021475999999999999 0 0.027730999999999999 0.00072999999999999996 0.0015349999999999999 0.0011969999999999999 0.0026290000000000003 0.042318999999999996 0.021937999999999999 0.0095519999999999963 0 3
140 linear 1 0 0.69956300000000005 38.085595687569594 1 104 0.36242999999999997 0.010978 0.29440800000000006 0.0060910000000000001 0.0013579999999999998 0.0029979999999999998 0.012625000000000001 0.14263200000000001 0.026061000000000001 0 0.028469000000000001 0.00088000000000000003 0.061967999999999995 0.00058500000000000002 0.0031649999999999994 0.11516999999999994 0.049788999999999979 0.019867000000000006 0 0
140 linear 1 7 0.50780199999999998 36.327536746978041 1 103 0.17605499999999999 0.010538 0.28814800000000007 0.0057349999999999996 0.0015190000000000002 0.0029589999999999998 0.01225 0.0051599999999999997 0.025167999999999999 0 0.028996000000000001 0.00086499999999999999 0.011340999999999997 0.00078200000000000003 0.0033409999999999994 0.11681000000000002 0.045431999999999924 0.020379000000000001 0 1
140 linear 1 15 0.57906500000000005 33.667507697974337 1 103 0.27093899999999999 0.0085459999999999998 0.26842699999999997 0.0051570000000000001 0.0015009999999999999 0.002787 0.010801 0.014721 0.024731 0 0.0276 0.00090799999999999995 0.10356399999999998 0.00085099999999999998 0.0031310000000000001 0.11212800000000002 0.041893999999999966 0.019982 0 2
140 linear 1 23 0.56275900000000001 30.18602813222045 1 103 0.25917400000000002 0.0082319999999999997 0.26484600000000014 0.0048830000000000002 0.0014450000000000001 0.0025460000000000001 0.010185 0.014348 0.023081999999999998 0 0.027175000000000001 0.00085400000000000005 0.098612999999999992 0.000745 0.0030820000000000005 0.11095099999999998 0.042174999999999983 0.019816000000000011 0 3
140 linear 2 0 0.48309600000000003 1.1805684800124823 1 74 0.32152999999999998 0.0092530000000000008 0.12493399999999999 0.005424 0.0010009999999999999 0.0029589999999999998 0.011375 0.161747 0.021871999999999999 0 0.028974 0.00086399999999999997 0.0069749999999999986 0.0012160000000000001 0.0031770000000000001 0.064474999999999991 0.030228999999999985 0.011188000000000002 0 0
140 linear 2 7 0.35087099999999999 1.1773523084272481 1 75 0.169437 0.0087539999999999996 0.14424699999999999 0.0049570000000000005 0.0010329999999999998 0.0030240000000000002 0.010799 0.02138 0.02129 0 0.027869000000000001 0.00085599999999999999 0.0032640000000000004 0.001098 0.0030070000000000001 0.080465000000000023 0.031005999999999981 0.012639999999999998 0 1
140 linear 2 15 0.322021 1.1735959390855151 1 67 0.163663 0.0085170000000000003 0.12512700000000002 0.0040479999999999995 0.00083599999999999994 0.0025990000000000002 0.0099139999999999992 0.021215000000000001 0.020924000000000002 0 0.027802 0.00073099999999999999 0.0030870000000000003 0.00090700000000000004 0.0029459999999999998 0.066006999999999996 0.028226999999999978 0.012518000000000003 0 2
140 linear 2 23 0.33413300000000001 1.1699186997968558 1 67 0.168377 0.0083680000000000004 0.13292400000000004 0.0038779999999999995 0.00089900000000000006 0.002594 0.0096780000000000008 0.022297999999999998 0.021364999999999999 0 0.027366999999999999 0.00076400000000000003 0.0030080000000000003 0.0010269999999999999 0.0028659999999999996 0.071025000000000005 0.032542999999999968 0.011451999999999999 0 3
140 linear 3 0 0.39857900000000002 1.238325474649473 1 53 0.30603000000000002 0.0085529999999999998 0.062795000000000004 0.003163 0.00075299999999999998 0.002581 0.010919999999999999 0.15715499999999999 0.021777999999999999 0 0.028686 0.00086600000000000002 0.0027240000000000003 0.001062 0.0030170000000000002 0.029865000000000006 0.014727000000000002 0.0062990000000000025 0 0
140 linear 3 7 0.27544400000000002 1.2363371866078499 1 53 0.17219599999999999 0.0084239999999999992 0.073031000000000013 0.003163 0.000678 0.0025070000000000001 0.010374 0.021044 0.023148999999999999 0 0.028693 0.00091500000000000001 0.0027660000000000002 0.001083 0.0031120000000000002 0.040625999999999989 0.014375000000000002 0.0063009999999999984 0 1
140 linear 3 15 0.27614899999999998 1.233941215574937 1 53 0.17108400000000001 0.0082330000000000007 0.075721000000000024 0.0030959999999999998 0.00065200000000000002 0.0024090000000000001 0.0098279999999999999 0.021141 0.022669999999999999 0 0.028226000000000001 0.00084500000000000005 0.0026480000000000002 0.00099400000000000009 0.0028990000000000001 0.042623999999999995 0.015104000000000003 0.0063090000000000012 0 2
140 linear 3 23 0.26121699999999998 1.2313689031673725 1 53 0.16533 0.0081510000000000003 0.066605000000000011 0.003055 0.00069899999999999997 0.0025469999999999998 0.0093889999999999998 0.021651 0.022474999999999998 0 0.027826 0.00084800000000000001 0.0026339999999999996 0.00090499999999999999 0.0027960000000000003 0.033708999999999989 0.014924999999999997 0.006334000000000002 0 3
140 linear 4 0 0.68032800000000004 12.318116048639309 1 126 0.32429200000000002 0.015330999999999999 0.29769100000000009 0.0081519999999999995 0.001761 0.002826 0.010831 0.15507499999999999 0.023081000000000001 0 0.028323999999999998 0.00088500000000000004 0.0023120000000000003 0.00036099999999999999 0.0037319999999999996 0.13419199999999992 0.047717999999999948 0.018978999999999989 0 0
140 linear 4 7 0.52484699999999995 11.448031852712488 1 110 0.18873799999999999 0.015446 0.28552000000000011 0.005914 0.0013769999999999998 0.002823 0.011223 0.021933999999999999 0.023309 0 0.028081999999999999 0.00097599999999999998 0.002238 0.00027599999999999999 0.0036080000000000001 0.13097400000000012 0.044821999999999924 0.017131999999999991 0 1
140 linear 4 15 0.59384999999999999 10.592305402622195 1 167 0.17843200000000001 0.012174000000000001 0.35303999999999991 0.011061 0.0017629999999999998 0.0027620000000000001 0.010494 0.021523 0.023812 0 0.027664000000000001 0.00084000000000000003 0.0020619999999999996 0.00083299999999999997 0.0033320000000000008 0.17210400000000009 0.054976999999999922 0.023167999999999998 0 2
140 linear 4 23 0.55412099999999997 9.8550771824704562 1 159 0.174314 0.011816 0.32060999999999967 0.0097140000000000004 0.0017290000000000001 0.0026819999999999999 0.010137 0.021232000000000001 0.022578999999999998 0 0.026720000000000001 0.00082299999999999995 0.0019740000000000001 0.00064300000000000002 0.0031990000000000005 0.153949 0.05300299999999996 0.023046000000000001 0 3
140 uniform 0 0 0.396235 1.3014895749760407 1 50 0.31850000000000001 0.0066620000000000004 0.054973000000000001 0.002568 0.00062600000000000004 0.002941 0.011538 0.16844000000000001 0.024299999999999999 0 0.028708999999999998 0.00082299999999999995 0.0017279999999999999 0.0013979999999999999 0.0029120000000000001 0.030459999999999994 0.016910000000000001 0 0 0
140 uniform 0 7 0.238567 1.3015415664114562 1 50 0.16170100000000001 0.0062399999999999999 0.054848999999999974 0.0022420000000000001 0.00061200000000000002 0.0026319999999999998 0.010840000000000001 0.021295000000000001 0.023404000000000001 0 0.027855999999999999 0.00083199999999999995 0.0016249999999999999 0.00132 0.0027689999999999998 0.030080999999999997 0.017289000000000006 0 0 1
140 uniform 0 15 0.232763 1.3004865062662336 1 50 0.157635 0.0060080000000000003 0.053960000000000001 0.001993 0.000464 0.0024880000000000002 0.0098960000000000003 0.020989000000000001 0.023071000000000001 0 0.028194 0.00073300000000000004 0.001647 0.0011509999999999999 0.0026190000000000007 0.029469000000000002 0.017017000000000001 0 0 2
140 uniform 0 23 0.231234 1.2984338322421345 1 50 0.152417 0.0059560000000000004 0.056033999999999994 0.0020179999999999998 0.00051599999999999997 0.002359 0.0093439999999999999 0.020848999999999999 0.021264999999999999 0 0.027150000000000001 0.00073700000000000002 0.001575 0.0011509999999999999 0.00264 0.030791000000000002 0.017752 0 0 3
140 uniform 1 0 0.56605099999999997 36.434495711134552 1 104 0.35328199999999998 0.0096270000000000001 0.17341299999999996 0.0054650000000000002 0.0012869999999999999 0.0028500000000000001 0.010943 0.14136399999999999 0.022414 0 0.028368000000000001 0.00087699999999999996 0.061966 0.00060300000000000002 0.0031220000000000002 0.11164299999999999 0.043587999999999988 0 0 0
140 uniform 1 7 0.38936799999999999 35.212547493388925 1 103 0.17027200000000001 0.0099909999999999999 0.178429 0.0044779999999999993 0.0013849999999999999 0.0028530000000000001 0.011121000000000001 0.0050740000000000004 0.022308000000000001 0 0.027977999999999999 0.00094200000000000002 0.01141 0.00079799999999999999 0.0033769999999999998 0.11166 0.043719999999999981 0 0 1
140 uniform 1 15 0.477655 33.281591581961344 1 103 0.26989800000000003 0.0084690000000000008 0.16905699999999999 0.0044739999999999997 0.0013229999999999997 0.0028930000000000002 0.010765 0.014581999999999999 0.022869 0 0.028006 0.00088699999999999998 0.10315499999999998 0.00086899999999999998 0.0031699999999999996 0.10916299999999998 0.041620999999999984 0 0 2
140 uniform 1 23 0.47121099999999999 30.568546320769446 1 103 0.26072400000000001 0.0082799999999999992 0.17228299999999999 0.0041949999999999999 0.0012690000000000002 0.002578 0.010607 0.014215 0.022793999999999998 0 0.028105000000000002 0.000892 0.098110000000000003 0.00071000000000000002 0.0030309999999999998 0.11133199999999994 0.042593999999999931 0 0 3
140 uniform 2 0 0.45883099999999999 1.1829051833268938 1 66 0.315446 0.0092079999999999992 0.11312100000000001 0.0033639999999999998 0.00092099999999999994 0.0030349999999999999 0.011475000000000001 0.161799 0.021947000000000001 0 0.029166000000000001 0.00088400000000000002 0.0032450000000000001 0.0011869999999999999 0.0029609999999999997 0.070853000000000013 0.031249000000000002 0 0 0
140 uniform 2 7 0.30373699999999998 1.1798902400108384 1 59 0.16884199999999999 0.0086879999999999995 0.10514700000000002 0.0030049999999999999 0.000812 0.0026830000000000001 0.010978 0.021590000000000002 0.021434000000000002 0 0.027986 0.00082899999999999998 0.0032600000000000003 0.00099500000000000001 0.0029880000000000006 0.069133999999999973 0.026035999999999997 0 0 1
140 uniform 2 15 0.29092499999999999 1.1762244686943966 1 59 0.16318299999999999 0.0085900000000000004 0.098524999999999988 0.0029379999999999996 0.00076100000000000007 0.002562 0.010007 0.021312999999999999 0.020962999999999999 0 0.027392 0.00075100000000000004 0.0030329999999999997 0.00090300000000000005 0.0030379999999999999 0.05874600000000002 0.029604999999999982 0 0 2
140 uniform 2 23 0.28513300000000003 1.1724265613018801 1 51 0.16325700000000001 0.0084189999999999994 0.096326000000000009 0.0022889999999999998 0.00062799999999999998 0.0023670000000000002 0.0096670000000000002 0.022196 0.021364999999999999 0 0.027439999999999999 0.00078799999999999996 0.0029549999999999997 0.00097799999999999992 0.0029419999999999997 0.059075000000000023 0.028313999999999992 0 0 3
140 uniform 3 0 0.370724 1.2386327294404855 1 37 0.30754999999999999 0.0085220000000000001 0.039445000000000001 0.0020969999999999999 0.00057000000000000009 0.002513 0.010777999999999999 0.157056 0.021551000000000001 0 0.028905 0.00084199999999999998 0.0027900000000000004 0.0010809999999999999 0.0031109999999999996 0.023448999999999998 0.010389000000000006 0 0 0
140 uniform 3 7 0.23994499999999999 1.2366669504974219 1 37 0.16905000000000001 0.0082780000000000006 0.046494000000000014 0.0030629999999999998 0.00056900000000000006 0.0028300000000000001 0.011028 0.021211000000000001 0.021590000000000002 0 0.028558 0.00084599999999999996 0.0027170000000000002 0.00093999999999999997 0.0034129999999999994 0.026249000000000001 0.014168000000000004 0 0 1
140 uniform 3 15 0.24502499999999999 1.2342911163780048 1 37 0.17268800000000001 0.0094120000000000002 0.047792999999999988 0.0018640000000000002 0.00051400000000000003 0.0024529999999999999 0.010817 0.022672999999999999 0.024053999999999999 0 0.027959000000000001 0.000785 0.002617 0.00091600000000000004 0.0031410000000000006 0.030594000000000007 0.011300999999999999 0 0 2
140 uniform 3 23 0.23377100000000001 1.2317302906038936 1 37 0.16912199999999999 0.0094359999999999999 0.040418000000000009 0.0018 0.00051199999999999998 0.0026199999999999999 0.010455000000000001 0.022835999999999999 0.023754999999999998 0 0.027675000000000002 0.00072800000000000002 0.0026129999999999999 0.00086499999999999999 0.0031589999999999999 0.023260999999999993 0.011397000000000001 0 0 3
140 uniform 4 0 0.60258699999999998 12.37242786246421 1 126 0.33012799999999998 0.016514999999999998 0.21255899999999994 0.0075929999999999999 0.0018060000000000001 0.0028760000000000001 0.012430999999999999 0.156723 0.024382999999999998 0 0.028559999999999999 0.000843 0.0024590000000000002 0.00037399999999999998 0.003722 0.13943899999999995 0.051707999999999962 0 0 0
140 uniform 4 7 0.44020700000000001 11.491156273944188 1 110 0.196603 0.016466999999999999 0.192991 0.0053559999999999997 0.001312 0.0028240000000000001 0.012005 0.023251999999999998 0.024872999999999999 0 0.028084000000000001 0.0010070000000000001 0.0024320000000000006 0.00029300000000000002 0.0037660000000000003 0.13020400000000001 0.044970999999999983 0 0 1
140 uniform 4 15 0.493284 10.626236540388025 1 167 0.177373 0.011974 0.25438999999999995 0.010553 0.0016989999999999998 0.002882 0.010699 0.021375999999999999 0.021575 0 0.027566 0.00089999999999999998 0.0021310000000000001 0.00086600000000000002 0.0033739999999999998 0.17301200000000011 0.055326999999999876 0 0 2
140 uniform 4 23 0.476468 9.8822766862843903 1 167 0.17418500000000001 0.011757999999999999 0.24238499999999996 0.0095200000000000007 0.0018109999999999999 0.0027420000000000001 0.010325000000000001 0.021311 0.021121999999999998 0 0.026556 0.00085700000000000001 0.002104 0.00069700000000000003 0.0032650000000000005 0.16123099999999999 0.055087999999999929 0 0 3
141 linear 0 0 0.70589999999999997 1.7644244364914019 1 89 0.50140099999999999 0.0094359999999999999 0.16220699999999993 0.0062049999999999996 0.001222 0.0030620000000000001 0.011405 0.175368 0.022159999999999999 0 0.027962000000000001 0.00079699999999999997 0.17543199999999998 0.001374 0.0034490000000000002 0.067911000000000013 0.042955999999999959 0.013001000000000002 0 0
141 linear 0 7 0.59599800000000003 1.8124585183004933 1 89 0.32491900000000001 0.009136 0.23050400000000001 0.005372 0.001041 0.0029009999999999999 0.010637000000000001 0.041834999999999997 0.021592 0 0.027149 0.000754 0.139954 0.0012130000000000001 0.0032910000000000005 0.13947000000000001 0.040349999999999976 0.012895 0 1
141 linear 0 15 0.67906100000000003 1.8538198049423678 1 89 0.41264099999999998 0.0088190000000000004 0.22640600000000008 0.0051600000000000005 0.001057 0.0024610000000000001 0.0095709999999999996 0.043471999999999997 0.021499000000000001 0 0.028704 0.000718 0.228656 0.001065 0.0031800000000000001 0.13816500000000001 0.038945999999999953 0.012964 0 2
141 linear 0 23 0.56626299999999996 1.8824558226226904 1 97 0.28718300000000002 0.0084810000000000007 0.23755100000000004 0.0051919999999999996 0.0011900000000000001 0.0024810000000000001 0.009188 0.041450000000000001 0.022595000000000001 0 0.026291999999999999 0.00076300000000000001 0.10847900000000001 0.00099299999999999996 0.0031649999999999998 0.13089800000000001 0.042395999999999975 0.014483999999999999 0 3
141 linear 1 0 0.78078499999999995 1.5762830958086151 1 97 0.57938599999999996 0.008652 0.158579 0.0056449999999999998 0.001377 0.002477 0.0090670000000000004 0.17354 0.023625 0 0.026193000000000001 0.00071900000000000002 0.26713900000000002 0.0010790000000000001 0.0029930000000000004 0.072689000000000031 0.048946000000000017 0.013339 0 0
141 linear 1 7 0.69972599999999996 1.598157769828219 1 97 0.42283500000000002 0.0088579999999999996 0.23377900000000001 0.0053709999999999999 0.0012129999999999999 0.0024789999999999999 0.0094979999999999995 0.043312999999999997 0.023429999999999999 0 0.026755000000000001 0.00075100000000000004 0.23614399999999999 0.0011410000000000001 0.0031440000000000001 0.14637199999999997 0.049879000000000014 0.013632 0 1
141 linear 1 15 0.68823199999999995 1.6272017206114844 1 89 0.40514 0.0087819999999999999 0.24379399999999998 0.0047070000000000002 0.001003 0.0023999999999999998 0.0092429999999999995 0.035268000000000001 0.022865 0 0.025971000000000001 0.00077399999999999995 0.23078200000000001 0.001147 0.0031219999999999998 0.13287499999999999 0.046806999999999981 0.014600000000000005 0 2
141 linear 1 23 0.74318600000000001 1.6317591263318041 1 89 0.45791500000000002 0.0085540000000000008 0.24263199999999999 0.0044600000000000004 0.00094300000000000004 0.0023830000000000001 0.0090290000000000006 0.044234999999999997 0.023037999999999999 0 0.026235999999999999 0.00076599999999999997 0.27668400000000004 0.00097900000000000005 0.0029619999999999998 0.13075099999999998 0.046316000000000017 0.014445000000000001 0 3
141 linear 2 0 0.43981799999999999 1.2847724829969389 1 61 0.324353 0.0084440000000000001 0.083034000000000052 0.0034999999999999996 0.00092299999999999999 0.0023059999999999999 0.0087049999999999992 0.175011 0.022023000000000001 0 0.026317 0.00077399999999999995 0.011894000000000002 0.00117 0.0031079999999999997 0.037731999999999981 0.024600000000000004 0.007238000000000004 0 0
141 linear 2 7 0.379305 1.3035339847999063 1 61 0.19628599999999999 0.008319 0.15057699999999999 0.0034249999999999997 0.00090299999999999994 0.002264 0.0085039999999999994 0.043269000000000002 0.021141 0 0.025773999999999998 0.00071599999999999995 0.020195999999999999 0.00097599999999999998 0.0029599999999999995 0.105693 0.024113999999999993 0.0072329999999999998 0 1
141 linear 2 15 0.38089499999999998 1.3347650870086483 1 61 0.193162 0.0081550000000000008 0.15555999999999998 0.0034590000000000003 0.00089600000000000009 0.002183 0.0082710000000000006 0.047169999999999997 0.021416999999999999 0 0.026166999999999999 0.00076000000000000004 0.012059 0.00092800000000000001 0.0029580000000000001 0.11046400000000002 0.024458999999999984 0.0072420000000000002 0 2
141 linear 2 23 0.42499199999999998 1.4660573958415857 1 82 0.191776 0.0088140000000000007 0.196379 0.0043189999999999999 0.0011150000000000001 0.0022690000000000002 0.0085240000000000003 0.044003 0.021908 0 0.025538000000000002 0.00068099999999999996 0.012388 0.00101 0.002996 0.132075 0.036555999999999991 0.0097270000000000013 0 3
141 linear 3 0 0.79103299999999999 1.1922211495886306 1 75 0.63397300000000001 0.0087989999999999995 0.119922 0.0045249999999999995 0.001126 0.0021870000000000001 0.0086929999999999993 0.170457 0.021902000000000001 0 0.027595999999999999 0.00070299999999999996 0.32720399999999999 0.001124 0.003114 0.05494000000000001 0.035800999999999986 0.010648000000000001 0 0
141 linear 3 7 0.67158200000000001 1.1877908599468789 1 75 0.44626399999999999 0.008548 0.18781199999999998 0.0047279999999999996 0.00097900000000000005 0.0023549999999999999 0.0096259999999999991 0.044276000000000003 0.021530000000000001 0 0.026171 0.00077300000000000003 0.265571 0.0010169999999999999 0.0030799999999999994 0.12360399999999999 0.034826000000000003 0.010685999999999998 0 1
141 linear 3 15 0.63115399999999999 1.1840250453066317 1 67 0.41504799999999997 0.0083440000000000007 0.18325900000000006 0.0037850000000000002 0.00073599999999999989 0.0023700000000000001 0.0093089999999999996 0.043742999999999997 0.021148 0 0.026025 0.00076000000000000004 0.23573100000000002 0.001021 0.0030019999999999995 0.123478 0.032858999999999985 0.0097490000000000042 0 2
141 linear 3 23 0.80114300000000005 1.181434670808343 1 60 0.57785799999999998 0.0083949999999999997 0.19073000000000004 0.003705 0.00075799999999999999 0.002333 0.0084510000000000002 0.037790999999999998 0.021016 0 0.029731 0.00075199999999999996 0.40279499999999996 0.00099500000000000001 0.0030199999999999997 0.13373299999999999 0.031335000000000002 0.0091140000000000006 0 3
141 linear 4 0 0.70893700000000004 1.1786927829603016 1 75 0.54717099999999996 0.0093080000000000003 0.12308899999999999 0.0044279999999999996 0.001116 0.0025400000000000002 0.010373 0.175342 0.022934 0 0.026599999999999999 0.00080000000000000004 0.22749800000000001 0.0010009999999999999 0.0033380000000000003 0.05615400000000003 0.037028000000000026 0.010984000000000002 0 0
141 linear 4 7 0.66435699999999998 1.174438974402654 1 75 0.433562 0.0085050000000000004 0.19325100000000003 0.0046239999999999996 0.001109 0.0024009999999999999 0.010170999999999999 0.045924 0.024389999999999998 0 0.025902999999999999 0.00070899999999999999 0.24750800000000001 0.00091600000000000004 0.0032680000000000001 0.12810299999999999 0.035438000000000025 0.010936000000000003 0 1
141 linear 4 15 0.76158499999999996 1.1703236148319776 1 75 0.54408199999999995 0.0082240000000000004 0.18118500000000001 0.0043890000000000005 0.001003 0.00231 0.0086339999999999993 0.043276000000000002 0.020667999999999999 0 0.025658 0.00070600000000000003 0.36932100000000001 0.00087100000000000003 0.0030129999999999996 0.11813000000000003 0.033925999999999984 0.010711000000000004 0 2
141 linear 4 23 0.67185300000000003 1.1669695074103981 1 75 0.43673899999999999 0.0081899999999999994 0.19904099999999997 0.0040759999999999998 0.00091399999999999999 0.0022330000000000002 0.0087010000000000004 0.037891000000000001 0.021038999999999999 0 0.025999999999999999 0.00070600000000000003 0.26300099999999998 0.00086899999999999998 0.0028990000000000001 0.136715 0.033353999999999995 0.010699999999999999 0 3
141 uniform 0 0 0.62850600000000001 1.7525973402292698 1 73 0.48683999999999999 0.0090170000000000007 0.10881200000000001 0.0033890000000000001 0.0010639999999999998 0.0023119999999999998 0.0087989999999999995 0.174926 0.022169000000000001 0 0.026688 0.00075100000000000004 0.17521799999999998 0.001029 0.0029589999999999994 0.060335 0.037140999999999993 0 0 0
141 uniform 0 7 0.49462800000000001 1.7887877397683911 1 73 0.31495000000000001 0.0087790000000000003 0.14765600000000004 0.0031419999999999998 0.00079499999999999992 0.0021410000000000001 0.0086339999999999993 0.041508999999999997 0.021075 0 0.025914 0.00074799999999999997 0.13945200000000002 0.00097000000000000005 0.0030449999999999995 0.10128499999999997 0.034888999999999983 0 0 1
141 uniform 0 15 0.58607600000000004 1.8182323330262611 1 73 0.40910099999999999 0.0084880000000000008 0.14522300000000007 0.0030270000000000002 0.00076399999999999992 0.0021129999999999999 0.0086149999999999994 0.043345000000000002 0.021523 0 0.025738 0.00073899999999999997 0.23200400000000002 0.00092500000000000004 0.0030730000000000002 0.10033999999999998 0.033479999999999982 0 0 2
141 uniform 0 23 0.47690199999999999 1.8377997304395828 1 81 0.28328900000000001 0.0083990000000000002 0.15875600000000001 0.0035289999999999996 0.0011329999999999999 0.0021949999999999999 0.0085789999999999998 0.041388000000000001 0.023148999999999999 0 0.025537000000000001 0.000736 0.107873 0.00087399999999999999 0.0029979999999999998 0.10396900000000001 0.041895999999999982 0 0 3
141 uniform 1 0 0.73692299999999999 1.5786557082518948 1 81 0.57630800000000004 0.0085310000000000004 0.12511200000000003 0.0037970000000000005 0.0010549999999999999 0.0022000000000000001 0.0085070000000000007 0.17249900000000001 0.025166999999999998 0 0.025836999999999999 0.00073700000000000002 0.26715899999999998 0.00088099999999999995 0.002967 0.067781999999999967 0.044378999999999995 0 0 0
141 uniform 1 7 0.62080999999999997 1.6081376248855273 1 81 0.41709200000000002 0.0088260000000000005 0.16819700000000004 0.0037499999999999999 0.00091599999999999993 0.0022430000000000002 0.0087770000000000001 0.041405999999999998 0.023888 0 0.026518 0.00077700000000000002 0.23552699999999999 0.001065 0.0030720000000000005 0.10747699999999999 0.045653999999999972 0 0 1
141 uniform 1 15 0.59700900000000001 1.6461163283524589 1 81 0.39833099999999999 0.0086689999999999996 0.163439 0.0035130000000000001 0.00093099999999999997 0.0022850000000000001 0.0086379999999999998 0.035180999999999997 0.023609999999999999 0 0.02572 0.00071900000000000002 0.22653699999999999 0.001057 0.0030010000000000002 0.10422799999999996 0.046300000000000001 0 0 2
141 uniform 1 23 0.64261500000000005 1.6537976056142405 1 73 0.457922 0.0083890000000000006 0.15318700000000002 0.0030049999999999994 0.00077200000000000001 0.0021940000000000002 0.0084740000000000006 0.043902999999999998 0.022787999999999999 0 0.026040000000000001 0.00074700000000000005 0.27952300000000002 0.00098799999999999995 0.003042 0.09954300000000002 0.041895999999999982 0 0 3
141 uniform 2 0 0.40930899999999998 1.2876846614926309 1 45 0.32354899999999998 0.0083669999999999994 0.059472999999999998 0.0023969999999999998 0.000767 0.0022030000000000001 0.0082620000000000002 0.17496800000000001 0.023383999999999999 0 0.025943000000000001 0.00072800000000000002 0.011996 0.001091 0.0030919999999999997 0.03281499999999999 0.019798999999999997 0 0 0
141 uniform 2 7 0.31584499999999999 1.3075729699087917 1 45 0.19975699999999999 0.0082140000000000008 0.090211 0.0024219999999999997 0.00068000000000000005 0.0022279999999999999 0.0083429999999999997 0.043070999999999998 0.021316999999999999 0 0.025637 0.00073800000000000005 0.020207000000000003 0.00093300000000000002 0.0029580000000000001 0.064064999999999997 0.019278000000000007 0 0 1
141 uniform 2 15 0.32033099999999998 1.3417663340414767 1 45 0.190025 0.0082319999999999997 0.10393899999999998 0.002467 0.00076599999999999997 0.0021559999999999999 0.0082480000000000001 0.04351 0.021447000000000001 0 0.026196000000000001 0.00072999999999999996 0.012074 0.0010219999999999999 0.0029900000000000005 0.077039999999999983 0.019886999999999998 0 0 2
141 uniform 2 23 0.356493 1.4993121341747766 1 66 0.19264899999999999 0.0089029999999999995 0.13318100000000002 0.0030969999999999995 0.00094800000000000006 0.0022929999999999999 0.0088179999999999994 0.043965999999999998 0.021974 0 0.026374000000000002 0.00072800000000000002 0.01242 0.00099200000000000004 0.0030770000000000003 0.090950000000000003 0.032070999999999988 0 0 3
141 uniform 3 0 0.75641400000000003 1.1937603071659637 1 59 0.63638499999999998 0.0088339999999999998 0.089955000000000021 0.0030250000000000003 0.00092000000000000003 0.0022790000000000002 0.0087989999999999995 0.17274600000000001 0.021734 0 0.027001000000000001 0.00067500000000000004 0.32791199999999998 0.0010709999999999999 0.0031189999999999998 0.049867999999999975 0.030468000000000012 0 0 0
141 uniform 3 7 0.601742 1.1891579479952137 1 59 0.44401000000000002 0.0085360000000000002 0.12808600000000001 0.002882 0.000727 0.0022260000000000001 0.0086859999999999993 0.044104999999999998 0.020906000000000001 0 0.025873 0.000727 0.26657500000000001 0.00096500000000000004 0.0030719999999999996 0.088993000000000017 0.029341000000000002 0 0 1
141 uniform 3 15 0.562554 1.1852599098323426 1 59 0.41154800000000002 0.008345 0.12232900000000001 0.0028440000000000002 0.00066700000000000006 0.0022330000000000002 0.0085439999999999995 0.043711 0.020618000000000001 0 0.025725000000000001 0.00068400000000000004 0.23600000000000002 0.00093000000000000005 0.0030569999999999998 0.081169000000000033 0.03162499999999998 0 0 2
141 uniform 3 23 0.71675199999999994 1.1826050389320391 1 44 0.57644499999999999 0.0085089999999999992 0.11437299999999999 0.0023670000000000002 0.00060999999999999997 0.0021940000000000002 0.0083649999999999992 0.037474 0.020844000000000001 0 0.025488 0.00075299999999999998 0.40704599999999996 0.00090200000000000002 0.003081 0.081836999999999993 0.025003999999999998 0 0 3
141 uniform 4 0 0.66225500000000004 1.1798141979370858 1 59 0.54092499999999999 0.0085170000000000003 0.091572000000000001 0.002983 0.00080299999999999989 0.0022889999999999998 0.0089309999999999997 0.17329700000000001 0.021055999999999998 0 0.026956000000000001 0.00079000000000000001 0.23105100000000001 0.0009990000000000001 0.0029740000000000001 0.050735000000000009 0.031067000000000011 0 0 0
141 uniform 4 7 0.59069199999999999 1.175446318165156 1 59 0.432643 0.0084499999999999992 0.12779300000000002 0.0032040000000000003 0.00077999999999999988 0.002284 0.010045999999999999 0.045752000000000001 0.023733000000000001 0 0.025877000000000001 0.00079299999999999998 0.24737799999999999 0.00089599999999999999 0.0033460000000000009 0.0877 0.030127000000000008 0 0 1
141 uniform 4 15 0.707264 1.1712250094813363 1 59 0.55379699999999998 0.0083580000000000008 0.12352700000000001 0.0029409999999999996 0.00078600000000000002 0.0023400000000000001 0.0098639999999999995 0.044719000000000002 0.024115999999999999 0 0.025742999999999999 0.00069899999999999997 0.37087899999999996 0.00094899999999999997 0.0033419999999999999 0.08388000000000001 0.029704000000000001 0 0 2
141 uniform 4 23 0.60590999999999995 1.1677908477541985 1 59 0.44442500000000001 0.0082780000000000006 0.13223200000000002 0.0028089999999999999 0.00069999999999999999 0.0022269999999999998 0.00975 0.039635999999999998 0.024027 0 0.026991000000000001 0.00068099999999999996 0.26305499999999998 0.00093300000000000002 0.0030229999999999996 0.094281000000000018 0.02837000000000001 0 0 3
142 linear 0 0 0.87985500000000005 157.06008784719015 1 143 0.47356300000000001 0.010565 0.34958099999999998 0.010284 0.001854 0.0031419999999999998 0.011202 0.123699 0.022828999999999999 0 0.026966 0.00081899999999999996 0.19464299999999998 0.0011249999999999999 0.0035490000000000001 0.14374900000000002 0.071685000000000054 0.029958000000000005 0 0
142 linear 0 7 0.67287699999999995 160.13622269466882 1 144 0.27119500000000002 0.010033 0.34565100000000026 0.0094100000000000017 0.0015889999999999999 0.003114 0.011533 0.0059480000000000002 0.022370000000000001 0 0.027997000000000001 0.00086899999999999998 0.11043500000000001 0.0010369999999999999 0.0032930000000000008 0.143682 0.070187000000000097 0.030148000000000005 0 1
142 linear 0 15 0.77168400000000004 161.42021149348594 1 137 0.385598 0.0098589999999999997 0.33233500000000016 0.009025 0.0015339999999999998 0.0028519999999999999 0.010822 0.0059589999999999999 0.022237 0 0.027328999999999999 0.00092000000000000003 0.22935900000000001 0.00090399999999999996 0.0031339999999999996 0.13687299999999988 0.067978000000000025 0.028503999999999984 0 2
142 linear 0 23 0.73064200000000001 160.35841319367964 1 137 0.34794199999999997 0.0097029999999999998 0.33051999999999998 0.0082290000000000002 0.0013770000000000002 0.0029320000000000001 0.010838 0.0062919999999999998 0.02375 0 0.027673 0.00091 0.19077100000000002 0.00089099999999999997 0.0030599999999999998 0.13299900000000001 0.066372000000000056 0.028432000000000006 0 3
142 linear 1 0 0.45932400000000001 3.7081598876739901 1 74 0.31740099999999999 0.0091979999999999996 0.106004 0.0044640000000000001 0.00083799999999999999 0.0029729999999999999 0.011891000000000001 0.16276099999999999 0.023639 0 0.027231000000000002 0.00076000000000000004 0.0020219999999999999 0.0012160000000000001 0.0033810000000000003 0.046482999999999997 0.027684999999999977 0.0095960000000000038 0 0
142 linear 1 7 0.35800300000000002 3.8052339116926617 1 82 0.169735 0.0088970000000000004 0.15004299999999995 0.0048069999999999996 0.001062 0.0028180000000000002 0.010888 0.022158000000000001 0.022846000000000002 0 0.026726 0.00078200000000000003 0.0019779999999999997 0.0011529999999999999 0.00313 0.081087000000000006 0.033020999999999967 0.010491000000000002 0 1
142 linear 1 15 0.38205 3.8918870176457769 1 98 0.17222299999999999 0.0087829999999999991 0.16500699999999999 0.006019 0.001181 0.0026159999999999998 0.010522999999999999 0.022672999999999999 0.023078999999999999 0 0.026752999999999999 0.00083100000000000003 0.0020070000000000001 0.001212 0.0032670000000000008 0.089217999999999964 0.033100999999999964 0.012327000000000001 0 2
142 linear 1 23 0.38616200000000001 3.9575120249203071 1 98 0.17096500000000001 0.0086350000000000003 0.17173100000000002 0.0056509999999999998 0.001073 0.0026380000000000002 0.010723999999999999 0.024464 0.023479 0 0.026043 0.00083299999999999997 0.001882 0.0010660000000000001 0.00316 0.096446000000000032 0.032793999999999976 0.012303999999999999 0 3
142 linear 2 0 0.43004799999999999 2.513039499118789 1 75 0.29741200000000001 0.0089359999999999995 0.096975999999999979 0.004385 0.0010089999999999999 0.0027409999999999999 0.011037 0.144848 0.023910000000000001 0 0.027990000000000001 0.00079600000000000005 0.0030659999999999997 0.0010809999999999999 0.0029759999999999999 0.041586000000000005 0.030143000000000007 0.0089990000000000001 0 0
142 linear 2 7 0.30261199999999999 2.4824330252422202 1 68 0.16911799999999999 0.0086320000000000008 0.099236000000000019 0.0045560000000000002 0.00087299999999999997 0.0026069999999999999 0.010581999999999999 0.020969000000000002 0.023358 0 0.026941 0.00084400000000000002 0.0029940000000000001 0.0010150000000000001 0.0030369999999999998 0.052045000000000008 0.024547000000000006 0.0080580000000000027 0 1
142 linear 2 15 0.30121399999999998 2.451884487685926 1 68 0.171045 0.0083309999999999999 0.097089999999999996 0.0041660000000000004 0.00084699999999999999 0.0026700000000000001 0.010442999999999999 0.020885999999999998 0.024272999999999999 0 0.027917000000000001 0.00086600000000000002 0.0029380000000000001 0.00094899999999999997 0.0029840000000000001 0.048719999999999979 0.025790999999999991 0.0081000000000000048 0 2
142 linear 2 23 0.29266799999999998 2.4247981963661811 1 61 0.16841200000000001 0.0082249999999999997 0.091772000000000048 0.0036960000000000001 0.000834 0.0026849999999999999 0.0095510000000000005 0.022197999999999999 0.023784 0 0.026692 0.000785 0.0029239999999999999 0.00098499999999999998 0.0028610000000000003 0.048905999999999998 0.022706999999999998 0.007275000000000002 0 3
142 linear 3 0 0.41131000000000001 3.1974141082177541 1 61 0.29910999999999999 0.0084770000000000002 0.079688999999999968 0.0034770000000000001 0.00085500000000000007 0.0028609999999999998 0.010511 0.14968300000000001 0.024981 0 0.026571999999999998 0.00078399999999999997 0.0018490000000000002 0.001227 0.0030989999999999998 0.037696000000000007 0.021288999999999999 0.0072550000000000019 0 0
142 linear 3 7 0.29952099999999998 3.182455143003986 1 61 0.16175700000000001 0.0082480000000000001 0.100995 0.0077499999999999999 0.00084100000000000006 0.0026199999999999999 0.0099699999999999997 0.020809999999999999 0.021402000000000001 0 0.026117999999999999 0.00072099999999999996 0.0018549999999999999 0.0010690000000000001 0.0030730000000000002 0.059437000000000004 0.020912000000000004 0.0072400000000000008 0 1
142 linear 3 15 0.29599999999999999 3.1660825684552107 1 61 0.16541500000000001 0.0082539999999999992 0.098117000000000065 0.0036229999999999999 0.00082400000000000008 0.002457 0.0096340000000000002 0.021048999999999998 0.021307 0 0.026341 0.00078200000000000003 0.002091 0.0011119999999999999 0.0031719999999999999 0.056478999999999994 0.021090999999999995 0.0072310000000000004 0 2
142 linear 3 23 0.294238 3.1503295239859135 1 61 0.16048200000000001 0.0082229999999999994 0.10163599999999993 0.0034809999999999997 0.00078100000000000001 0.0024520000000000002 0.0093139999999999994 0.020784 0.020844999999999999 0 0.026578000000000001 0.00078100000000000001 0.0018729999999999999 0.001049 0.0030309999999999998 0.060826999999999978 0.020185000000000002 0.0072220000000000027 0 3
142 linear 4 0 0.392065 15.939311020497728 1 53 0.28953400000000001 0.008489 0.072451000000000002 0.0036059999999999998 0.00075200000000000006 0.0029710000000000001 0.01129 0.14033799999999999 0.021957000000000001 0 0.026089999999999999 0.00081099999999999998 0.0018929999999999999 0.001209 0.0032929999999999991 0.038526999999999999 0.015620000000000002 0.0063600000000000011 0 0
142 linear 4 7 0.28672599999999998 16.323351004705383 1 53 0.165578 0.0082550000000000002 0.091442000000000009 0.003408 0.00072799999999999991 0.002807 0.010670000000000001 0.020535000000000001 0.021288000000000001 0 0.026505999999999998 0.00083000000000000001 0.001786 0.0010529999999999999 0.0031800000000000001 0.058417999999999977 0.014798000000000002 0.0063090000000000021 0 1
142 linear 4 15 0.280692 16.78520205310824 1 53 0.16291700000000001 0.0082679999999999993 0.087668999999999997 0.0035429999999999997 0.00069199999999999991 0.0026150000000000001 0.010036 0.020486000000000001 0.021076999999999999 0 0.026154 0.00083000000000000001 0.00181 0.0011039999999999999 0.0032130000000000001 0.055023000000000009 0.014533999999999998 0.0063160000000000022 0 2
142 linear 4 23 0.28590599999999999 17.27321159325275 1 53 0.16508900000000001 0.0084729999999999996 0.090896999999999978 0.003264 0.00072800000000000013 0.0026229999999999999 0.010441000000000001 0.020863 0.021718000000000001 0 0.026672999999999999 0.00087299999999999997 0.001789 0.001034 0.0030630000000000002 0.05900699999999999 0.013879999999999998 0.0063040000000000023 0 3
142 uniform 0 0 0.77153000000000005 149.10979649241057 1 143 0.47390300000000002 0.010331999999999999 0.24206000000000003 0.009018 0.0018380000000000002 0.0026710000000000002 0.010664 0.128002 0.022651000000000001 0 0.026727999999999998 0.00087799999999999998 0.19411400000000001 0.0011249999999999999 0.0036360000000000003 0.14299999999999999 0.072211000000000011 0 0 0
142 uniform 0 7 0.56836100000000001 151.14119723651729 1 144 0.26935399999999998 0.010354 0.24368999999999999 0.0088790000000000015 0.0014559999999999998 0.0026819999999999999 0.010437 0.0059890000000000004 0.021831 0 0.027739 0.00080900000000000004 0.11050700000000001 0.00115 0.0033789999999999996 0.14605700000000005 0.07065600000000008 0 0 1
142 uniform 0 15 0.69576199999999999 151.9589800001732 1 137 0.38006299999999998 0.0098700000000000003 0.25982 0.0092280000000000001 0.0013910000000000001 0.002794 0.010267999999999999 0.0056839999999999998 0.022308999999999999 0 0.027317000000000001 0.00086600000000000002 0.22531499999999999 0.00086499999999999999 0.0030969999999999999 0.15130199999999994 0.077201999999999965 0 0 2
142 uniform 0 23 0.68882100000000002 151.2298695344663 1 137 0.35252 0.010867999999999999 0.28046499999999996 0.0077920000000000003 0.001325 0.0039160000000000002 0.011686999999999999 0.0071370000000000001 0.024674999999999999 0 0.026714999999999999 0.00078799999999999996 0.19045800000000002 0.00085700000000000001 0.0034160000000000002 0.168074 0.078129000000000032 0 0 3
142 uniform 1 0 0.44013099999999999 3.750851678543333 1 66 0.32577699999999998 0.010435 0.080836999999999992 0.003725 0.000861 0.0029250000000000001 0.012714 0.16376099999999999 0.025219999999999999 0 0.026901999999999999 0.00080900000000000004 0.004888 0.0013060000000000001 0.0037459999999999998 0.044704999999999988 0.025809000000000002 0 0 0
142 uniform 1 7 0.31042399999999998 3.8358902652981848 1 66 0.17666999999999999 0.010090999999999999 0.10157200000000002 0.003156 0.00093099999999999997 0.0030010000000000002 0.012414 0.023557999999999999 0.024289000000000002 0 0.027015000000000001 0.00081999999999999998 0.0018549999999999999 0.001132 0.0035790000000000001 0.066530000000000006 0.025048000000000015 0 0 1
142 uniform 1 15 0.30099399999999998 3.905378954681948 1 74 0.16508900000000001 0.0085470000000000008 0.10359699999999999 0.003333 0.0010270000000000001 0.0025799999999999998 0.0099950000000000004 0.022395000000000002 0.021063999999999999 0 0.026540000000000001 0.000754 0.001854 0.0010889999999999999 0.003156 0.066028000000000003 0.026519999999999985 0 0 2
142 uniform 1 23 0.306896 3.9543605983103709 1 74 0.16414400000000001 0.0085190000000000005 0.110553 0.0033720000000000004 0.00091399999999999999 0.0023609999999999998 0.010018000000000001 0.024240999999999999 0.021173000000000001 0 0.026006999999999999 0.00073499999999999998 0.0018419999999999999 0.00091600000000000004 0.003117 0.073866000000000057 0.025701999999999996 0 0 3
142 uniform 2 0 0.391293 2.5203069767965074 1 59 0.293545 0.0092020000000000001 0.068790999999999991 0.0027549999999999996 0.00080799999999999991 0.002758 0.011017000000000001 0.143597 0.022245000000000001 0 0.027730000000000001 0.00079100000000000004 0.0030520000000000005 0.001041 0.0029840000000000005 0.035331000000000008 0.024694000000000015 0 0 0
142 uniform 2 7 0.25942799999999999 2.4880557007196122 1 52 0.16506599999999999 0.0085529999999999998 0.067937999999999998 0.002441 0.00076799999999999991 0.0026289999999999998 0.0103 0.020584999999999999 0.021597000000000002 0 0.026960000000000001 0.00077399999999999995 0.0028280000000000002 0.0010120000000000001 0.0029510000000000001 0.040448999999999992 0.019702999999999988 0 0 1
142 uniform 2 15 0.26338499999999998 2.4562368253857287 1 52 0.167211 0.0085120000000000005 0.069317000000000017 0.0026590000000000003 0.0006739999999999999 0.0025400000000000002 0.010239 0.020555 0.021769 0 0.026917 0.000825 0.0028909999999999999 0.00096699999999999998 0.0030929999999999998 0.037858999999999997 0.023687999999999987 0 0 2
142 uniform 2 23 0.25057499999999999 2.4282457483634898 1 45 0.16475999999999999 0.0083619999999999996 0.059422999999999997 0.0024239999999999999 0.00073899999999999997 0.0025309999999999998 0.0096570000000000007 0.020420000000000001 0.021141 0 0.02649 0.00082600000000000002 0.0030569999999999998 0.00095600000000000004 0.0029089999999999997 0.034497 0.018186999999999995 0 0 3
142 uniform 3 0 0.37630599999999997 3.2003505465407263 1 45 0.296429 0.0085269999999999999 0.053686000000000011 0.0023189999999999999 0.00065899999999999997 0.0028869999999999998 0.010456999999999999 0.149452 0.022079000000000001 0 0.026675000000000001 0.00079799999999999999 0.001931 0.0012390000000000001 0.0032030000000000001 0.030510000000000006 0.016368000000000001 0 0 0
142 uniform 3 7 0.250917 3.18534407570113 1 45 0.161825 0.0082179999999999996 0.063390999999999989 0.0022559999999999998 0.00063099999999999994 0.002673 0.010012 0.020896999999999999 0.021366 0 0.026217000000000001 0.00077200000000000001 0.0017849999999999999 0.0011130000000000001 0.0031250000000000006 0.040741000000000006 0.015883000000000001 0 0 1
142 uniform 3 15 0.25581500000000001 3.1689310655968841 1 45 0.16653000000000001 0.0082489999999999994 0.063617000000000007 0.0022849999999999997 0.00059100000000000005 0.002428 0.0095370000000000003 0.020764999999999999 0.026894000000000001 0 0.025852 0.00074899999999999999 0.0019320000000000001 0.0010300000000000001 0.003143 0.040766000000000004 0.016080999999999995 0 0 2
142 uniform 3 23 0.25209999999999999 3.1531463936654713 1 45 0.15981200000000001 0.0081099999999999992 0.066790999999999989 0.0022690000000000002 0.00060599999999999998 0.0024919999999999999 0.0092350000000000002 0.020750000000000001 0.022533000000000001 0 0.026120999999999998 0.00075299999999999998 0.0018250000000000002 0.001005 0.0029989999999999999 0.044849 0.015168000000000006 0 0 3
142 uniform 4 0 0.35835699999999998 15.94797665586813 1 37 0.29392800000000002 0.0085590000000000006 0.040486999999999995 0.0022830000000000003 0.00055500000000000005 0.0029510000000000001 0.011101 0.14046800000000001 0.023876999999999999 0 0.026211999999999999 0.00078299999999999995 0.0019250000000000001 0.001206 0.0034169999999999999 0.023952000000000008 0.011013 0 0 0
142 uniform 4 7 0.25295200000000001 16.332221933082138 1 37 0.17249100000000001 0.008234 0.057453000000000018 0.0019610000000000001 0.00050900000000000012 0.0028930000000000002 0.011342 0.020886999999999999 0.023932999999999999 0 0.026741999999999998 0.00080699999999999999 0.0017730000000000001 0.001106 0.0031209999999999996 0.041964000000000001 0.0099079999999999967 0 0 1
142 uniform 4 15 0.24215200000000001 16.794361194503395 1 37 0.165711 0.0081419999999999999 0.053567999999999991 0.0020920000000000001 0.00051400000000000003 0.002529 0.010551 0.020478 0.023668999999999999 0 0.026183999999999999 0.00080599999999999997 0.0017779999999999998 0.00097799999999999992 0.0030359999999999996 0.038455000000000003 0.0095660000000000016 0 0 2
142 uniform 4 23 0.24057999999999999 17.28272563039177 1 37 0.16419900000000001 0.0083409999999999995 0.053526000000000011 0.0019759999999999999 0.00057200000000000003 0.002441 0.0098420000000000001 0.020334999999999999 0.023546999999999998 0 0.026172000000000001 0.00074200000000000004 0.0018389999999999999 0.00098700000000000003 0.0030930000000000003 0.038069999999999993 0.009859999999999999 0 0 3
143 linear 0 0 0.92191800000000002 3.0153349644658247 1 82 0.73112100000000002 0.030012 0.13253000000000006 0.0052949999999999994 0.0014909999999999999 0.0031099999999999999 0.011342 0.19483600000000001 0.024875000000000001 0 0.026471999999999999 0.00080900000000000004 0.387073 0.001122 0.0030990000000000002 0.061127000000000008 0.040298999999999981 0.0095150000000000044 0 0
143 linear 0 7 0.69344600000000001 2.8898155571564303 1 82 0.46093499999999998 0.026862 0.17832499999999993 0.0047889999999999999 0.001196 0.0028809999999999999 0.011023 0.050952999999999998 0.023719 0 0.029551999999999998 0.00090600000000000001 0.25636399999999998 0.001145 0.0032329999999999998 0.10624300000000002 0.041291999999999988 0.0095210000000000086 0 1
143 linear 0 15 0.62144299999999997 2.7364416872878907 1 98 0.334511 0.025264999999999999 0.2277549999999999 0.0062200000000000007 0.001217 0.0027030000000000001 0.010208999999999999 0.053532999999999997 0.024191000000000001 0 0.026747 0.00084599999999999996 0.13748299999999999 0.0010280000000000001 0.0030709999999999999 0.14033400000000001 0.044868999999999985 0.010956999999999998 0 2
143 linear 0 23 0.74427399999999999 2.5714748880786669 1 98 0.45985799999999999 0.025266 0.22461699999999996 0.0064960000000000009 0.0013090000000000003 0.002565 0.0094920000000000004 0.056806000000000002 0.023171000000000001 0 0.031112000000000001 0.00084699999999999999 0.25968999999999998 0.001054 0.0030170000000000002 0.136577 0.045553999999999976 0.010913000000000003 0 3
143 linear 1 0 0.69305499999999998 2.4817437549424146 1 74 0.52060600000000001 0.025714000000000001 0.12237400000000001 0.0039480000000000001 0.001305 0.0028609999999999998 0.010038 0.19445599999999999 0.022103000000000001 0 0.026067 0.00080800000000000002 0.18582599999999999 0.001093 0.0030240000000000002 0.057376999999999997 0.036360000000000003 0.0085489999999999993 0 0
143 linear 1 7 0.67055900000000002 2.6105382559280521 1 74 0.44856400000000002 0.024594999999999999 0.1732480000000001 0.0037030000000000001 0.0011180000000000001 0.0026090000000000002 0.0095729999999999999 0.056523999999999998 0.021191999999999999 0 0.025892999999999999 0.00083600000000000005 0.254714 0.00095699999999999995 0.0029490000000000002 0.10881400000000002 0.035711000000000007 0.0085720000000000015 0 1
143 linear 1 15 0.57233599999999996 2.7525590714744945 1 74 0.36405999999999999 0.023963000000000002 0.16049899999999998 0.0035980000000000001 0.001176 0.0025530000000000001 0.0087930000000000005 0.055383000000000002 0.021173000000000001 0 0.026485000000000002 0.00071900000000000002 0.17329699999999998 0.000959 0.0029450000000000001 0.095231000000000024 0.036680999999999978 0.0085359999999999984 0 2
143 linear 1 23 0.70816800000000002 2.8880784452276775 1 90 0.446745 0.02334 0.2076340000000001 0.0052319999999999997 0.001222 0.0024580000000000001 0.0093299999999999998 0.055461999999999997 0.020996000000000001 0 0.025682 0.000745 0.25843499999999997 0.00089499999999999996 0.0029560000000000003 0.126029 0.041285000000000002 0.0099610000000000046 0 3
143 linear 2 0 0.43356800000000001 1043.4111008278651 1 53 0.328961 0.0099290000000000003 0.072589999999999988 0.0039050000000000005 0.0007719999999999999 0.0030599999999999998 0.011325999999999999 0.175312 0.022187999999999999 0 0.027054000000000002 0.00089999999999999998 0.0020609999999999999 0.0011100000000000001 0.0033219999999999999 0.035619999999999999 0.016820999999999996 0.0061790000000000013 0 0
143 linear 2 7 0.44742100000000001 1105.1467305736728 1 52 0.191691 0.010067 0.21963900000000003 0.0072809999999999993 0.00086499999999999999 0.0030149999999999999 0.01116 0.039503000000000003 0.021644 0 0.027390999999999999 0.00082899999999999998 0.0021349999999999997 0.0010989999999999999 0.003372 0.17647799999999997 0.019742000000000006 0.007838000000000003 0 1
143 linear 2 15 0.45571299999999998 1195.5963905395001 1 52 0.19221199999999999 0.010926 0.23094800000000001 0.0033009999999999997 0.00087299999999999997 0.0028019999999999998 0.010572 0.044163000000000001 0.021998 0 0.026693000000000001 0.00081300000000000003 0.0019319999999999999 0.0010430000000000001 0.0035570000000000003 0.18633800000000006 0.020682000000000002 0.0080369999999999973 0 2
143 linear 2 23 0.44546599999999997 1364.7544101368053 1 51 0.192104 0.010227 0.22366399999999997 0.0030210000000000002 0.000736 0.0026120000000000002 0.011709000000000001 0.039619000000000001 0.025066999999999999 0 0.026648999999999999 0.00089700000000000001 0.0018649999999999999 0.00099700000000000006 0.0035349999999999999 0.18132300000000004 0.020802000000000001 0.0080479999999999996 0 3
143 linear 3 0 0.51413500000000001 1.4673420318175086 1 61 0.37180000000000002 0.0087860000000000004 0.10760100000000002 0.0046800000000000001 0.00097900000000000005 0.0030279999999999999 0.011249 0.19569800000000001 0.024995 0 0.028212000000000001 0.000852 0.024015000000000002 0.0011180000000000001 0.0034939999999999997 0.050569000000000003 0.027399000000000007 0.0067769999999999983 0 0
143 linear 3 7 0.53776100000000004 1.4730467569964569 1 61 0.34118599999999999 0.0084550000000000007 0.16274 0.0041149999999999997 0.00087300000000000008 0.0028470000000000001 0.010569 0.051468 0.024642000000000001 0 0.028409 0.00078100000000000001 0.14108499999999999 0.0011460000000000001 0.0031699999999999992 0.107708 0.026493000000000017 0.0065409999999999982 0 1
143 linear 3 15 0.52535500000000002 1.4797987634702507 1 61 0.32411000000000001 0.0082129999999999998 0.16863900000000001 0.0036909999999999998 0.00090300000000000005 0.0025530000000000001 0.0094459999999999995 0.052191000000000001 0.021115999999999999 0 0.025741 0.000785 0.13577900000000001 0.0010349999999999999 0.0030189999999999995 0.11341899999999999 0.026790999999999999 0.006545999999999998 0 2
143 linear 3 23 0.55715599999999998 1.4868242914761722 1 61 0.35611100000000001 0.0081440000000000002 0.16890900000000003 0.0035409999999999999 0.00080100000000000006 0.0024970000000000001 0.0090349999999999996 0.047978 0.021047 0 0.025857000000000002 0.00069200000000000002 0.175097 0.00096900000000000003 0.0030210000000000002 0.11426899999999997 0.026170000000000009 0.0065570000000000012 0 3
143 linear 4 0 0.42569099999999999 719.71550438273141 1 53 0.31962499999999999 0.0096270000000000001 0.074753999999999987 0.0037190000000000001 0.00072499999999999995 0.0028400000000000001 0.011028 0.167159 0.022253999999999999 0 0.027056 0.00077999999999999999 0.0019859999999999999 0.00108 0.0033300000000000001 0.037099000000000007 0.017437999999999999 0.0061980000000000013 0 0
143 linear 4 7 0.41099999999999998 742.81696313020245 1 53 0.18084500000000001 0.0096460000000000001 0.19903500000000002 0.0034200000000000003 0.00067099999999999994 0.002764 0.010810999999999999 0.029086000000000001 0.022078 0 0.027074000000000001 0.00077899999999999996 0.0018649999999999999 0.001165 0.0032670000000000004 0.16232700000000003 0.016442999999999996 0.0061909999999999995 0 1
143 linear 4 15 0.40305800000000003 770.94464511290084 1 53 0.17921000000000001 0.0093069999999999993 0.19329799999999997 0.0032849999999999997 0.00064900000000000005 0.0026640000000000001 0.010178 0.033494000000000003 0.021242 0 0.026384999999999999 0.00077300000000000003 0.0019039999999999999 0.0011429999999999999 0.0033290000000000004 0.15711800000000001 0.016047999999999993 0.0061650000000000021 0 2
143 linear 4 23 0.41783700000000001 801.05309888535078 1 53 0.17708199999999999 0.0092960000000000004 0.21057599999999993 0.00316 0.00061200000000000002 0.002594 0.0099240000000000005 0.032842999999999997 0.0229 0 0.026062999999999999 0.00078200000000000003 0.0018280000000000002 0.0010939999999999999 0.0033029999999999995 0.17363400000000001 0.016741999999999993 0.0061819999999999983 0 3
143 uniform 0 0 0.88300800000000002 3.048625352663509 1 74 0.72619900000000004 0.029201999999999999 0.10301400000000001 0.0039830000000000004 0.0013850000000000004 0.0029350000000000001 0.010893999999999999 0.19492699999999999 0.023434 0 0.027154999999999999 0.00089899999999999995 0.38377 0.00115 0.0031839999999999998 0.055924000000000001 0.035900999999999982 0 0 0
143 uniform 0 7 0.64940500000000001 2.9387114667669998 1 74 0.45280100000000001 0.027786000000000002 0.14403600000000003 0.0041459999999999995 0.0010920000000000001 0.0028089999999999999 0.010518 0.052422999999999997 0.02281 0 0.026537000000000002 0.00088199999999999997 0.256187 0.001158 0.0032599999999999999 0.095294000000000018 0.037300999999999959 0 0 1
143 uniform 0 15 0.56876300000000002 2.8023518095347408 1 90 0.33297300000000002 0.024971 0.18197399999999994 0.0049399999999999999 0.0010089999999999999 0.0026800000000000001 0.010459 0.053711000000000002 0.02291 0 0.026997 0.00081999999999999998 0.13742099999999999 0.001075 0.0030850000000000001 0.12336199999999997 0.044945000000000006 0 0 2
143 uniform 0 23 0.67934700000000003 2.6512284335397998 1 90 0.45363599999999998 0.024930000000000001 0.17212999999999995 0.0048439999999999993 0.0010190000000000002 0.0024750000000000002 0.0094470000000000005 0.056660000000000002 0.022714999999999999 0 0.026426999999999999 0.00079799999999999999 0.25991500000000001 0.001049 0.0030149999999999995 0.11403599999999996 0.044501999999999944 0 0 3
143 uniform 1 0 0.67040100000000002 2.5316027757510109 1 74 0.51642500000000002 0.025395000000000001 0.10459699999999994 0.0034479999999999997 0.0011720000000000003 0.0026440000000000001 0.0090869999999999996 0.197438 0.023175999999999999 0 0.025831 0.00073499999999999998 0.18184600000000001 0.00099799999999999997 0.0029909999999999993 0.056906000000000026 0.036558999999999987 0 0 0
143 uniform 1 7 0.64613900000000002 2.6452911169405362 1 74 0.44610300000000003 0.027153 0.14917699999999998 0.0033410000000000002 0.00107 0.0025920000000000001 0.0092409999999999992 0.056420999999999999 0.021107999999999998 0 0.025874000000000001 0.00072000000000000005 0.25472899999999998 0.00099500000000000001 0.0029409999999999996 0.10218799999999997 0.035759999999999979 0 0 1
143 uniform 1 15 0.55957800000000002 2.7673263112413005 1 74 0.36560399999999998 0.025426000000000001 0.14382700000000009 0.0038509999999999998 0.0010530000000000001 0.0024789999999999999 0.0091730000000000006 0.055148999999999997 0.021145000000000001 0 0.026339999999999999 0.00075100000000000004 0.17350600000000002 0.0010820000000000001 0.0030900000000000003 0.095809000000000019 0.036843999999999981 0 0 2
143 uniform 1 23 0.64363099999999995 2.8814168410948695 1 74 0.44823099999999999 0.024022999999999999 0.14792499999999997 0.0033709999999999999 0.00089599999999999999 0.0023999999999999998 0.0091979999999999996 0.055356000000000002 0.021042000000000002 0 0.025794000000000001 0.00066699999999999995 0.25898499999999997 0.001039 0.0030219999999999999 0.10105500000000001 0.035788999999999987 0 0 3
143 uniform 2 0 0.41972900000000002 1049.481447755888 1 53 0.32772400000000002 0.0099609999999999994 0.060333999999999992 0.0035820000000000001 0.00068900000000000005 0.0029870000000000001 0.011145 0.17483699999999999 0.022542 0 0.026695 0.00080400000000000003 0.002006 0.0011900000000000001 0.0032200000000000006 0.035511000000000008 0.016822 0 0 0
143 uniform 2 7 0.48798999999999998 1113.1050650072777 1 68 0.19405700000000001 0.0099539999999999993 0.25629299999999994 0.0043340000000000002 0.00090299999999999994 0.0029979999999999998 0.011113 0.039611 0.021779 0 0.027653 0.00081999999999999998 0.0019589999999999998 0.0011199999999999999 0.0033499999999999997 0.22026600000000007 0.024532999999999996 0 0 1
143 uniform 2 15 0.43113200000000002 1208.4022682810601 1 52 0.191218 0.0097520000000000003 0.20963999999999999 0.0028929999999999997 0.00077200000000000012 0.002797 0.010717000000000001 0.044134 0.021891000000000001 0 0.026653 0.00082100000000000001 0.001882 0.001049 0.0032560000000000002 0.18048200000000003 0.020128000000000004 0 0 2
143 uniform 2 23 0.41758800000000001 1401.0950557349488 1 51 0.18370500000000001 0.0099609999999999994 0.20515799999999992 0.0026779999999999998 0.00069199999999999991 0.0025929999999999998 0.010246 0.038538999999999997 0.021527999999999999 0 0.026698 0.00083799999999999999 0.0018889999999999998 0.00099200000000000004 0.0031480000000000006 0.17630600000000002 0.020342999999999993 0 0 3
143 uniform 3 0 0.45923000000000003 1.4681331549994943 1 45 0.36443300000000001 0.0085769999999999996 0.067525000000000002 0.002872 0.00072199999999999999 0.00298 0.011003000000000001 0.19439899999999999 0.021801000000000001 0 0.027002999999999999 0.00082299999999999995 0.024133000000000002 0.0011509999999999999 0.0032299999999999998 0.038896999999999994 0.021836000000000005 0 0 0
143 uniform 3 7 0.47409000000000001 1.4738760551183585 1 45 0.33290799999999998 0.0087010000000000004 0.11335999999999997 0.0024970000000000001 0.00069899999999999997 0.002957 0.010407 0.049905999999999999 0.021336000000000001 0 0.026355 0.00074700000000000005 0.14121700000000001 0.001091 0.003277 0.084025999999999976 0.022137999999999991 0 0 1
143 uniform 3 15 0.47361799999999998 1.4806745652236102 1 45 0.33304 0.0083890000000000006 0.11435100000000004 0.0024069999999999999 0.00063500000000000004 0.0028080000000000002 0.01099 0.053525999999999997 0.024052 0 0.027331999999999999 0.00072599999999999997 0.136238 0.00093300000000000002 0.0032980000000000002 0.084998999999999991 0.022459 0 0 2
143 uniform 3 23 0.50949500000000003 1.4877500948020304 1 45 0.36613099999999998 0.0083239999999999998 0.11743700000000001 0.0023019999999999998 0.00062200000000000005 0.002555 0.0091920000000000005 0.049763000000000002 0.024344999999999999 0 0.027040000000000002 0.00066500000000000001 0.17690400000000001 0.00091500000000000001 0.0032370000000000003 0.088417999999999969 0.022052999999999996 0 0 3
143 uniform 4 0 0.39310299999999998 721.26063982314929 1 37 0.32219700000000001 0.0097280000000000005 0.046585000000000001 0.002065 0.00051800000000000001 0.0029269999999999999 0.011278 0.16913700000000001 0.022284999999999999 0 0.027196000000000001 0.00078200000000000003 0.001944 0.0011310000000000001 0.0031310000000000001 0.029087000000000002 0.011933000000000001 0 0 0
143 uniform 4 7 0.33252999999999999 744.5139339178578 1 37 0.179703 0.0094240000000000001 0.12860999999999997 0.0020349999999999999 0.00051100000000000006 0.0027049999999999999 0.01072 0.029123 0.021808000000000001 0 0.026952 0.00077999999999999999 0.001951 0.001106 0.003326 0.11201100000000003 0.011006999999999999 0 0 1
143 uniform 4 15 0.33099600000000001 772.85388722088248 1 37 0.183141 0.0093710000000000009 0.12386000000000003 0.0019620000000000002 0.00050599999999999994 0.0028089999999999999 0.010172 0.033575000000000001 0.025458999999999999 0 0.026348 0.00080699999999999999 0.001859 0.0011540000000000001 0.0031329999999999995 0.10762200000000001 0.010637000000000001 0 0 2
143 uniform 4 23 0.32962200000000003 803.22818307837656 1 37 0.17508899999999999 0.0093349999999999995 0.130714 0.001915 0.00052099999999999998 0.0026020000000000001 0.010022 0.032892999999999999 0.021172 0 0.026832000000000002 0.00087399999999999999 0.0018299999999999998 0.00096900000000000003 0.0030609999999999999 0.11406100000000002 0.011058999999999994 0 0 3
144 linear 0 0 0.68017000000000005 46.20343898140225 1 102 0.404001 0.015384 0.22486200000000003 0.0063330000000000001 0.0015459999999999998 0.002954 0.010727 0.11189300000000001 0.021486999999999999 0 0.027883000000000002 0.00084099999999999995 0.12730500000000003 0.00051800000000000001 0.0036690000000000008 0.10679699999999998 0.038721999999999993 0.015825999999999996 0 0
144 linear 0 7 0.661134 44.316661682030187 1 102 0.38104399999999999 0.014703000000000001 0.23108199999999993 0.0052790000000000007 0.001222 0.0028879999999999999 0.010885000000000001 0.006979 0.021381000000000001 0 0.027941000000000001 0.00095299999999999996 0.20897399999999999 0.00053399999999999997 0.0037419999999999997 0.11349099999999998 0.03880699999999998 0.015708 0 1
144 linear 0 15 0.55406500000000003 41.38325055527465 1 102 0.271478 0.014718 0.2341389999999999 0.0052430000000000011 0.0011580000000000002 0.002921 0.013141999999999999 0.0061219999999999998 0.021767999999999999 0 0.02699 0.000834 0.10353200000000001 0.00047199999999999998 0.0036210000000000005 0.11790999999999995 0.037804000000000011 0.015720000000000001 0 2
144 linear 0 23 0.64238799999999996 37.562290007982028 1 117 0.33241399999999999 0.015188 0.25692599999999993 0.0055719999999999997 0.0015410000000000001 0.0027000000000000001 0.010682000000000001 0.0057800000000000004 0.022901999999999999 0 0.026630000000000001 0.00085599999999999999 0.165131 0.00056700000000000001 0.0037219999999999996 0.12310299999999998 0.048755000000000055 0.019325999999999986 0 3
144 linear 1 0 0.433639 5.1245041590768174 1 83 0.28831600000000002 0.011455999999999999 0.10181999999999997 0.0059789999999999999 0.0013400000000000003 0.0029390000000000002 0.0109 0.12848200000000001 0.023647000000000001 0 0.026755000000000001 0.00078799999999999996 0.0023010000000000001 0.001256 0.003388 0.049789000000000007 0.023805999999999994 0.0098559999999999984 0 0
144 linear 1 7 0.345943 5.1901923616691334 1 83 0.17789099999999999 0.011126 0.12450899999999998 0.0057930000000000004 0.0012280000000000001 0.0026189999999999998 0.010404999999999999 0.020959999999999999 0.0229 0 0.026907 0.00079699999999999997 0.0021060000000000002 0.0011050000000000001 0.0033809999999999995 0.072953000000000004 0.023477999999999992 0.0098469999999999964 0 1
144 linear 1 15 0.33974399999999999 5.2722705027414634 1 83 0.17578299999999999 0.011039 0.12167800000000004 0.0051520000000000003 0.001119 0.0028800000000000002 0.011122999999999999 0.018433000000000001 0.023368 0 0.027653 0.000834 0.0020660000000000001 0.0011180000000000001 0.0032660000000000007 0.070554000000000006 0.02308700000000001 0.0098290000000000009 0 2
144 linear 1 23 0.34151300000000001 5.36222087766365 1 83 0.17557900000000001 0.010861000000000001 0.12504200000000001 0.0049580000000000006 0.001008 0.0026099999999999999 0.010229 0.020818 0.023588000000000001 0 0.027053000000000001 0.00078899999999999999 0.0021619999999999999 0.0010549999999999999 0.0032330000000000002 0.07408099999999998 0.023019999999999995 0.0098480000000000026 0 3
144 linear 2 0 0.89637100000000003 27.025688207831738 1 131 0.54773400000000005 0.022166999999999999 0.28032399999999996 0.0074380000000000002 0.0018830000000000001 0.002771 0.010433 0.130991 0.022697999999999999 0 0.026113999999999998 0.00078799999999999996 0.23917999999999998 0.00034099999999999999 0.0045749999999999992 0.14194400000000001 0.051563000000000019 0.021037999999999991 0 0
144 linear 2 7 3.8761399999999999 32.575440632683922 1 116 3.4607209999999999 0.016813000000000002 0.35619199999999979 0.007435999999999999 0.0016539999999999999 0.002712 0.010683 0.028858000000000002 0.25059700000000001 2.8363 0.054178000000000004 0.000861 0.19556600000000005 0.00089099999999999997 0.0050280000000000004 0.19966999999999999 0.057644000000000056 0.022210000000000008 0 1
144 linear 2 15 0.68082900000000002 38.243519286690095 1 116 0.36182399999999998 0.016330999999999998 0.26313199999999992 0.0065610000000000009 0.0015029999999999998 0.0033800000000000002 0.013171 0.017465999999999999 0.024650999999999999 0 0.026991000000000001 0.00096500000000000004 0.16885900000000001 0.00081499999999999997 0.0059780000000000015 0.12334099999999999 0.051913000000000077 0.020805000000000021 0 2
144 linear 2 23 0.61591700000000005 42.191300468775822 1 116 0.31270799999999999 0.014765 0.2513760000000001 0.005853999999999999 0.001281 0.0027399999999999998 0.011552 0.015396 0.021531000000000002 0 0.025004999999999999 0.00085499999999999997 0.13813699999999998 0.00084699999999999999 0.0040340000000000003 0.12121300000000003 0.045970999999999949 0.019996 0 3
144 linear 3 0 0.41214099999999998 2.4776023862047691 1 76 0.28724499999999997 0.0088339999999999998 0.087689999999999949 0.0053379999999999999 0.0011949999999999999 0.0031150000000000001 0.012086 0.13134199999999999 0.02504 0 0.027032 0.00087100000000000003 0.00062500000000000001 0.00132 0.0032670000000000004 0.039403000000000001 0.022584999999999994 0.0090329999999999994 0 0
144 linear 3 7 0.31723499999999999 2.5110814401730712 1 76 0.173152 0.0086999999999999994 0.10660800000000004 0.0054260000000000003 0.00097400000000000004 0.0028010000000000001 0.011162 0.021537000000000001 0.021649000000000002 0 0.027389 0.00089800000000000004 0.00062600000000000004 0.001325 0.003362 0.058668999999999992 0.022338999999999987 0.0090170000000000024 0 1
144 linear 3 15 0.30046299999999998 2.5527111601056975 1 68 0.16508600000000001 0.0084740000000000006 0.10197000000000003 0.0039579999999999997 0.00093399999999999993 0.0028029999999999999 0.010749 0.021371000000000001 0.021023 0 0.026595000000000001 0.00088699999999999998 0.00059199999999999997 0.001126 0.0031619999999999999 0.059489999999999994 0.019562 0.0081370000000000019 0 2
144 linear 3 23 0.29646800000000001 2.5992608566013944 1 68 0.16525699999999999 0.0083569999999999998 0.098170999999999994 0.003895 0.00084900000000000004 0.0024880000000000002 0.010059 0.021297 0.021339 0 0.026124000000000001 0.000736 0.00069400000000000006 0.001062 0.0030119999999999999 0.055167000000000001 0.020091000000000005 0.0080710000000000018 0 3
144 linear 4 0 0.39705499999999999 2.4317322277953783 1 76 0.27457500000000001 0.0083199999999999993 0.087274999999999991 0.004287 0.0011050000000000001 0.0025270000000000002 0.010404 0.13041700000000001 0.023751999999999999 0 0.026166999999999999 0.00075299999999999998 0.00062600000000000004 0.001134 0.0030390000000000005 0.040571999999999983 0.020772999999999993 0.0090220000000000022 0 0
144 linear 4 7 0.309334 2.4621199640894749 1 76 0.16217599999999999 0.0082789999999999999 0.11228100000000003 0.0042470000000000008 0.00095199999999999994 0.0024350000000000001 0.0099059999999999999 0.021121000000000001 0.022914 0 0.026294999999999999 0.00078600000000000002 0.00058 0.0010629999999999999 0.0030159999999999996 0.065152999999999989 0.02146699999999999 0.009021999999999997 0 1
144 linear 4 15 0.31686799999999998 2.4992879150811778 1 76 0.166048 0.0083820000000000006 0.11496100000000005 0.0046649999999999999 0.00091100000000000013 0.0023509999999999998 0.0096780000000000008 0.021395999999999998 0.025534000000000001 0 0.026213 0.00076999999999999996 0.00058900000000000001 0.001106 0.0031319999999999998 0.067930999999999991 0.021186999999999994 0.0090109999999999999 0 2
144 linear 4 23 0.31085299999999999 2.5397240001056569 1 76 0.160721 0.0082740000000000001 0.11487800000000001 0.0043540000000000002 0.00091700000000000006 0.0026459999999999999 0.010021 0.020927000000000001 0.022637999999999998 0 0.025758 0.00071900000000000002 0.00060300000000000002 0.001036 0.0030690000000000005 0.06762900000000005 0.021448999999999992 0.0090240000000000008 0 3
144 uniform 0 0 0.63553999999999999 44.21160623723695 1 110 0.41098899999999999 0.015056999999999999 0.17236000000000004 0.0057150000000000005 0.001732 0.002885 0.011086 0.112271 0.024271999999999998 0 0.02818 0.00090600000000000001 0.12741900000000003 0.00059500000000000004 0.0074000000000000003 0.11124399999999998 0.042715000000000038 0 0 0
144 uniform 0 7 0.61754100000000001 42.787529015371518 1 110 0.38294600000000001 0.014881999999999999 0.18304600000000001 0.0055249999999999995 0.001405 0.0028180000000000002 0.011243 0.0071209999999999997 0.023956999999999999 0 0.027661000000000002 0.00087399999999999999 0.20885400000000001 0.00052099999999999998 0.0036909999999999998 0.12175500000000004 0.042976000000000014 0 0 1
144 uniform 0 15 0.49614799999999998 40.549714586957379 1 102 0.27540100000000001 0.014880000000000001 0.17206500000000002 0.0048119999999999994 0.0012649999999999998 0.0027950000000000002 0.010931 0.0060439999999999999 0.023758000000000001 0 0.027074000000000001 0.000852 0.10356599999999999 0.00045100000000000001 0.0036159999999999999 0.11742699999999996 0.037925000000000028 0 0 2
144 uniform 0 23 0.57321 37.534781465084137 1 117 0.33160899999999999 0.015063999999999999 0.18885499999999994 0.0051250000000000002 0.0016859999999999998 0.002679 0.010584 0.006156 0.023015000000000001 0 0.027008999999999998 0.00091399999999999999 0.16497400000000001 0.00057700000000000004 0.0036900000000000006 0.12329699999999999 0.04580699999999998 0 0 3
144 uniform 1 0 0.39841599999999999 5.1848113273081955 1 67 0.29111199999999998 0.011632 0.071165999999999993 0.0039010000000000004 0.0010679999999999999 0.0030000000000000001 0.011030999999999999 0.13163900000000001 0.023033000000000001 0 0.027182999999999999 0.00082399999999999997 0.0023919999999999996 0.0011999999999999999 0.0034869999999999996 0.041471000000000008 0.019563999999999998 0 0 0
144 uniform 1 7 0.29685800000000001 5.2517263836365862 1 67 0.17419999999999999 0.011075 0.087602999999999986 0.0033889999999999997 0.0009059999999999999 0.0028240000000000001 0.010345999999999999 0.021214 0.021285999999999999 0 0.026981000000000002 0.00077200000000000001 0.0021870000000000001 0.0010189999999999999 0.0032690000000000002 0.058269000000000008 0.019140000000000008 0 0 1
144 uniform 1 15 0.29129100000000002 5.3344836138590654 1 67 0.16877700000000001 0.011103 0.088127000000000011 0.0031070000000000004 0.00092399999999999991 0.0026340000000000001 0.01051 0.018121999999999999 0.020910000000000002 0 0.026967000000000001 0.000794 0.0020630000000000002 0.0010629999999999999 0.0032650000000000005 0.059017000000000021 0.018913999999999997 0 0 2
144 uniform 1 23 0.30294700000000002 5.4243477294344942 1 67 0.176672 0.011084 0.091161999999999993 0.003689 0.000843 0.0025179999999999998 0.010074 0.024666 0.020858999999999999 0 0.026776999999999999 0.00082399999999999997 0.0022460000000000002 0.001031 0.0034120000000000001 0.061285000000000006 0.019682000000000005 0 0 3
144 uniform 2 0 0.82430300000000001 27.444687229174079 1 131 0.540134 0.021926000000000001 0.21671199999999993 0.0068569999999999994 0.0017740000000000002 0.0026389999999999999 0.010843 0.13058700000000001 0.020267 0 0.026327 0.00071900000000000002 0.23566200000000004 0.00027799999999999998 0.0048520000000000004 0.14077700000000001 0.053992999999999979 0 0 0
144 uniform 2 7 3.8212820000000001 33.607968170191285 1 116 3.4554109999999998 0.01694 0.30619800000000014 0.0065690000000000002 0.001621 0.0027039999999999998 0.010725 0.029295999999999999 0.247056 2.8339840000000001 0.054911000000000001 0.00084900000000000004 0.19321199999999999 0.00088000000000000003 0.0048170000000000001 0.21084200000000003 0.064703000000000066 0 0 1
144 uniform 2 15 0.61390699999999998 38.762368185528658 1 116 0.36107600000000001 0.016277 0.19902700000000001 0.0056880000000000003 0.001379 0.0044970000000000001 0.012295 0.020497000000000001 0.024150000000000001 0 0.026848 0.00086200000000000003 0.167488 0.00081599999999999999 0.0046009999999999992 0.13022699999999998 0.047446000000000037 0 0 2
144 uniform 2 23 0.55940199999999995 41.828969440266278 1 116 0.31409799999999999 0.015076000000000001 0.18887700000000002 0.0055229999999999993 0.0014239999999999999 0.0030010000000000002 0.011813000000000001 0.015129 0.021336999999999998 0 0.024560999999999999 0.00072300000000000001 0.13811499999999999 0.00080699999999999999 0.0041680000000000007 0.12251300000000005 0.04630100000000003 0 0 3
144 uniform 3 0 0.36500500000000002 2.4783436497908586 1 52 0.28586600000000001 0.0089280000000000002 0.051723999999999999 0.0028110000000000001 0.00084500000000000005 0.0033010000000000001 0.012001 0.13136500000000001 0.022239999999999999 0 0.027352000000000001 0.00084900000000000004 0.00059299999999999999 0.0012979999999999999 0.0034209999999999996 0.028170000000000001 0.015748000000000002 0 0 0
144 uniform 3 7 0.25895800000000002 2.5120316020845945 1 52 0.16906399999999999 0.0084840000000000002 0.063150999999999999 0.0025509999999999999 0.000727 0.002954 0.011062000000000001 0.021568 0.021239999999999998 0 0.027064000000000001 0.00083100000000000003 0.0006150000000000001 0.001222 0.003274 0.039937999999999987 0.015378000000000005 0 0 1
144 uniform 3 15 0.26382499999999998 2.5540273055613691 1 52 0.16492699999999999 0.0086029999999999995 0.066642000000000007 0.0027409999999999995 0.00076100000000000007 0.0027810000000000001 0.010708000000000001 0.021534000000000001 0.021059999999999999 0 0.026272 0.00087699999999999996 0.00058499999999999991 0.0010950000000000001 0.0031750000000000003 0.042931000000000004 0.015863999999999996 0 0 2
144 uniform 3 23 0.25871499999999997 2.6012020169137529 1 52 0.165129 0.0083459999999999993 0.06733299999999999 0.002555 0.00063900000000000003 0.0026380000000000002 0.010394 0.021433000000000001 0.021687999999999999 0 0.026449 0.00084699999999999999 0.00067000000000000002 0.001073 0.0029649999999999998 0.043856999999999993 0.015696000000000005 0 0 3
144 uniform 4 0 0.36277300000000001 2.4322691693518115 1 60 0.27575499999999997 0.0084419999999999999 0.058429000000000016 0.0029750000000000002 0.00086200000000000014 0.0026029999999999998 0.010423 0.130828 0.023248000000000001 0 0.026624999999999999 0.00082399999999999997 0.00060099999999999997 0.00101 0.00298 0.033309999999999985 0.016171999999999999 0 0 0
144 uniform 4 7 0.25403799999999999 2.4627825168175472 1 52 0.16320000000000001 0.0082129999999999998 0.064257999999999996 0.0024989999999999999 0.00070899999999999999 0.002493 0.0097129999999999994 0.021183 0.023741999999999999 0 0.026384999999999999 0.00081300000000000003 0.000611 0.00099500000000000001 0.0029629999999999999 0.041915000000000001 0.014565 0 0 1
144 uniform 4 15 0.25796000000000002 2.5001558360916776 1 52 0.163572 0.0082839999999999997 0.06847300000000002 0.0024200000000000003 0.00066500000000000001 0.0023189999999999999 0.011457999999999999 0.021316999999999999 0.023515000000000001 0 0.026547999999999999 0.00077399999999999995 0.00057700000000000004 0.00093999999999999997 0.002944 0.046433999999999996 0.014197000000000001 0 0 2
144 uniform 4 23 0.252579 2.54090828580641 1 52 0.160249 0.0081030000000000008 0.066955999999999988 0.0022369999999999998 0.00062700000000000006 0.0022669999999999999 0.0095379999999999996 0.021048000000000001 0.023567000000000001 0 0.025902999999999999 0.00072999999999999996 0.00060000000000000006 0.00093199999999999999 0.0029169999999999995 0.044628999999999995 0.014562999999999998 0 0 3
145 linear 0 0 0.46297300000000002 1.1662643391080934 1 74 0.32420399999999999 0.0066810000000000003 0.106418 0.0048739999999999999 0.0010499999999999999 0.002823 0.011594 0.17863899999999999 0.025094999999999999 0 0.027001000000000001 0.00091100000000000003 0.002464 0.001864 0.0029850000000000002 0.048476000000000005 0.028223999999999999 0.0093259999999999992 0 0
145 linear 0 7 0.36053600000000002 1.1683331955472238 1 74 0.17707100000000001 0.0064939999999999998 0.15176100000000003 0.0044710000000000001 0.00080100000000000006 0.006032 0.010926 0.020258000000000002 0.023809 0 0.029221 0.000852 0.010529999999999999 0.001745 0.0034660000000000003 0.09610299999999998 0.028197000000000021 0.0092249999999999954 0 1
145 linear 0 15 0.34215099999999998 1.1688646472156961 1 67 0.178758 0.0063010000000000002 0.13381299999999993 0.0038289999999999999 0.00087799999999999998 0.002676 0.0099649999999999999 0.033558999999999999 0.022794999999999999 0 0.026571000000000001 0.00083299999999999997 0.010422000000000001 0.0015770000000000001 0.0028939999999999994 0.078855999999999982 0.026085000000000007 0.0084210000000000031 0 2
145 linear 0 23 0.34546199999999999 1.1674846806956873 1 74 0.16392899999999999 0.0062589999999999998 0.14770399999999992 0.0039420000000000002 0.00088999999999999995 0.0025019999999999999 0.0093629999999999998 0.022811999999999999 0.021461000000000001 0 0.026610000000000002 0.00076199999999999998 0.010265 0.0014729999999999999 0.0027320000000000001 0.089890999999999985 0.028475000000000004 0.009222000000000001 0 3
145 linear 1 0 0.85326900000000006 1.1569530557674124 1 73 0.66610999999999998 0.0094350000000000007 0.15153900000000006 0.0045370000000000002 0.00089400000000000005 0.0024520000000000002 0.0096290000000000004 0.174174 0.022020000000000001 0 0.027012999999999999 0.00075600000000000005 0.350856 0.001134 0.0033169999999999996 0.062903000000000001 0.033621000000000019 0.011730999999999998 0 0
145 linear 1 7 0.75749699999999998 1.1535912345272503 1 73 0.525447 0.0089980000000000008 0.19757600000000003 0.0038910000000000004 0.00085499999999999997 0.002745 0.010264000000000001 0.025418 0.023747000000000001 0 0.02768 0.00079699999999999997 0.35497000000000001 0.0011429999999999999 0.0032399999999999998 0.10888899999999999 0.032064999999999989 0.011826999999999999 0 1
145 linear 1 15 0.657335 1.1478082524043094 1 73 0.43201499999999998 0.0089040000000000005 0.19120000000000006 0.0038180000000000002 0.00080400000000000003 0.002464 0.0093609999999999995 0.025725000000000001 0.023266999999999999 0 0.029554 0.000754 0.26325799999999999 0.001124 0.0030670000000000003 0.10309599999999999 0.031666999999999987 0.011857000000000001 0 2
145 linear 1 23 0.63224100000000005 1.1397879264766071 1 73 0.39927400000000002 0.0086339999999999993 0.19954200000000002 0.0036240000000000001 0.00077800000000000005 0.002467 0.0093189999999999992 0.028499 0.024618999999999999 0 0.026185 0.00074100000000000001 0.230937 0.00092100000000000005 0.0030380000000000003 0.10872599999999998 0.030735999999999982 0.012096000000000003 0 3
145 linear 2 0 0.44708399999999998 1.0817308823050555 1 66 0.31779499999999999 0.008907 0.09858299999999999 0.0032250000000000004 0.00070899999999999989 0.002519 0.0098449999999999996 0.17097499999999999 0.023813000000000001 0 0.026525 0.00077700000000000002 0.0042570000000000004 0.001109 0.0031320000000000002 0.049781999999999993 0.026854000000000006 0.0078340000000000024 0 0
145 linear 2 7 0.61329999999999996 1.0861933393155498 1 73 0.41668899999999998 0.0092639999999999997 0.16152799999999998 0.0042310000000000004 0.00072800000000000002 0.0023670000000000002 0.0092919999999999999 0.017073999999999999 0.023823 0 0.026855 0.00074100000000000001 0.25641999999999998 0.001147 0.00329 0.10160800000000002 0.033666999999999961 0.0095230000000000002 0 1
145 linear 2 15 0.61428499999999997 1.092158915165429 1 73 0.41909999999999997 0.0088739999999999999 0.161439 0.0038250000000000003 0.00075500000000000003 0.0023739999999999998 0.0091489999999999991 0.016909 0.022856000000000001 0 0.027283000000000002 0.00074700000000000005 0.26256800000000002 0.0010319999999999999 0.0031980000000000003 0.101756 0.033588999999999966 0.0095350000000000001 0 2
145 linear 2 23 0.379382 1.0999209239641996 1 81 0.165329 0.0089770000000000006 0.178846 0.0040790000000000002 0.00096500000000000004 0.0023010000000000001 0.0087849999999999994 0.024299999999999999 0.023011 0 0.026377000000000001 0.00073399999999999995 0.003826 0.00099599999999999992 0.0030560000000000001 0.10769500000000004 0.04068699999999998 0.011305000000000001 0 3
145 linear 3 0 0.42491299999999999 60.846136151784144 1 52 0.31814300000000001 0.0093189999999999992 0.076250000000000026 0.0035899999999999999 0.00085899999999999995 0.0029710000000000001 0.011169999999999999 0.16404199999999999 0.023694 0 0.027140999999999998 0.00090300000000000005 0.001944 0.0011000000000000001 0.0031980000000000003 0.034950000000000009 0.019810000000000005 0.0079750000000000029 0 0
145 linear 3 7 0.318388 60.336836051176711 1 52 0.18219399999999999 0.0088800000000000007 0.10648800000000001 0.0034030000000000002 0.00069899999999999997 0.002843 0.011065 0.030351 0.021384 0 0.028416 0.00096100000000000005 0.0019740000000000001 0.00076499999999999995 0.0030750000000000005 0.067472000000000004 0.017672 0.0079560000000000047 0 1
145 linear 3 15 0.30559900000000001 59.199083549895981 1 52 0.177674 0.0088710000000000004 0.098356000000000013 0.0032379999999999996 0.00073800000000000005 0.002777 0.010663000000000001 0.027161999999999999 0.021125999999999999 0 0.027885 0.00087200000000000005 0.001851 0.00068099999999999996 0.002856 0.05848699999999999 0.018277999999999992 0.0079649999999999999 0 2
145 linear 3 23 0.298101 57.562926468053867 1 52 0.177811 0.0087139999999999995 0.091188999999999992 0.0029690000000000003 0.0006910000000000001 0.002575 0.010388 0.033392999999999999 0.021281000000000001 0 0.027916 0.00088000000000000003 0.0018929999999999999 0.00068999999999999997 0.0027039999999999994 0.052350999999999995 0.017313000000000005 0.0079520000000000007 0 3
145 linear 4 0 0.41394799999999998 55.52076113927437 1 52 0.30662200000000001 0.0089289999999999994 0.078146000000000021 0.002859 0.00085200000000000011 0.0025639999999999999 0.010253999999999999 0.16256300000000001 0.021585 0 0.027793000000000002 0.00086799999999999996 0.001872 0.00063900000000000003 0.0027400000000000002 0.038003000000000002 0.01863299999999999 0.0079450000000000007 0 0
145 linear 4 7 0.31310500000000002 53.415450271568496 1 52 0.18029999999999999 0.0086700000000000006 0.10381200000000002 0.0028570000000000002 0.00081699999999999991 0.0023289999999999999 0.0098740000000000008 0.036521999999999999 0.023497000000000001 0 0.027236 0.00091299999999999997 0.0018370000000000001 0.00062399999999999999 0.002676 0.065097000000000002 0.017449000000000003 0.0079410000000000019 0 1
145 linear 4 15 0.29027199999999997 50.9181771718238 1 44 0.176929 0.008796 0.086479000000000014 0.0029620000000000002 0.00066599999999999993 0.0023549999999999999 0.0099970000000000007 0.032710999999999997 0.021266 0 0.027133999999999998 0.00085800000000000004 0.001854 0.00063699999999999998 0.0027949999999999997 0.055945999999999975 0.013958999999999996 0.0060380000000000017 0 2
145 linear 4 23 0.27429900000000002 48.410234883384483 1 37 0.18095600000000001 0.0086110000000000006 0.069519999999999998 0.0023839999999999998 0.00064900000000000005 0.0025630000000000002 0.010880000000000001 0.036796000000000002 0.022082000000000001 0 0.026939000000000001 0.00076900000000000004 0.0019680000000000001 0.00073200000000000001 0.0026179999999999997 0.047352000000000005 0.0094829999999999984 0.0043970000000000025 0 3
145 uniform 0 0 0.42925600000000003 1.1576308068562335 1 58 0.32739099999999999 0.0067229999999999998 0.077174999999999994 0.0029630000000000004 0.0007719999999999999 0.0028530000000000001 0.011329000000000001 0.182417 0.022190999999999999 0 0.027843 0.00087799999999999998 0.0023259999999999999 0.001923 0.0029870000000000001 0.043904000000000006 0.024413000000000001 0 0 0
145 uniform 0 7 0.28663499999999997 1.1589234815134328 1 58 0.163967 0.0063810000000000004 0.098538000000000001 0.0025209999999999998 0.000629 0.002774 0.010501 0.019866000000000002 0.021472000000000002 0 0.026516000000000001 0.00083600000000000005 0.010289 0.0015790000000000001 0.0028709999999999994 0.065668000000000004 0.024096000000000003 0 0 1
145 uniform 0 15 0.286244 1.1591762658642377 1 51 0.17978 0.006319 0.084057000000000007 0.0021510000000000001 0.00065099999999999999 0.0025639999999999999 0.0099439999999999997 0.033295999999999999 0.022786000000000001 0 0.026603999999999999 0.00081300000000000003 0.010408000000000001 0.0015989999999999999 0.0029859999999999999 0.054354000000000006 0.022104000000000009 0 0 2
145 uniform 0 23 0.29016399999999998 1.1582001571111784 1 58 0.16818900000000001 0.0061079999999999997 0.098208000000000004 0.0023180000000000002 0.00067400000000000001 0.002545 0.0096410000000000003 0.022911000000000001 0.021618999999999999 0 0.026637000000000001 0.00076000000000000004 0.010246 0.0013630000000000001 0.0028830000000000001 0.065030000000000004 0.024405 0 0 3
145 uniform 1 0 0.79960500000000001 1.1504719510573547 1 57 0.66582200000000002 0.010453 0.104561 0.0024159999999999997 0.000776 0.0025730000000000002 0.0095110000000000004 0.17424400000000001 0.021946 0 0.026797000000000001 0.00078100000000000001 0.35025699999999999 0.0011689999999999999 0.0037159999999999997 0.063449999999999979 0.031114000000000017 0 0 0
145 uniform 1 7 0.68557500000000005 1.1480973132479235 1 57 0.52836799999999995 0.010211 0.12735099999999999 0.0027559999999999998 0.00060499999999999996 0.0026580000000000002 0.01285 0.026667 0.024184000000000001 0 0.026752999999999999 0.00074600000000000003 0.35500299999999996 0.001134 0.0034190000000000002 0.087073999999999971 0.029760000000000012 0 0 1
145 uniform 1 15 0.58248500000000003 1.1439541216214155 1 57 0.43634099999999998 0.0087679999999999998 0.11749299999999997 0.0024529999999999999 0.00052099999999999998 0.00266 0.010962 0.026976 0.024695000000000002 0 0.026995999999999999 0.000727 0.26345999999999997 0.0010970000000000001 0.0033469999999999993 0.079764000000000002 0.028396000000000005 0 0 2
145 uniform 1 23 0.53880399999999995 1.1380042086040461 1 57 0.39888400000000002 0.0086049999999999998 0.113078 0.002297 0.00057700000000000004 0.0023860000000000001 0.010198 0.030027999999999999 0.021926000000000001 0 0.026915999999999999 0.00071500000000000003 0.22975299999999999 0.0010349999999999999 0.0029630000000000004 0.077708000000000027 0.026342999999999981 0 0 3
145 uniform 2 0 0.41974800000000001 1.082041080463473 1 50 0.32026399999999999 0.0087849999999999994 0.075555000000000039 0.0021019999999999997 0.00054799999999999998 0.0025209999999999998 0.0095949999999999994 0.17638400000000001 0.021944999999999999 0 0.026648999999999999 0.00077300000000000003 0.0041180000000000001 0.001072 0.0030500000000000006 0.045111999999999985 0.022945000000000017 0 0 0
145 uniform 2 7 0.54807600000000001 1.0866959869628521 1 57 0.410464 0.0090349999999999996 0.11116300000000001 0.0022039999999999998 0.00051800000000000001 0.0023449999999999999 0.0092219999999999993 0.017021999999999999 0.021700000000000001 0 0.02682 0.00072900000000000005 0.256019 0.001106 0.0029730000000000004 0.072989999999999999 0.029233000000000002 0 0 1
145 uniform 2 15 0.57726100000000002 1.0930565235753891 1 65 0.41789300000000001 0.0087819999999999999 0.12951399999999999 0.0028409999999999998 0.00084000000000000003 0.0023189999999999999 0.0093460000000000001 0.016996000000000001 0.021055999999999998 0 0.026459 0.00071199999999999996 0.26504899999999998 0.00099400000000000009 0.002954 0.080907000000000021 0.038026999999999984 0 0 2
145 uniform 2 23 0.31820300000000001 1.1016793104235272 1 65 0.16542499999999999 0.0089689999999999995 0.12402099999999998 0.0027560000000000002 0.00074899999999999999 0.0023219999999999998 0.0088030000000000001 0.024399000000000001 0.020837000000000001 0 0.026262000000000001 0.00073499999999999998 0.0038039999999999997 0.00097499999999999996 0.0030920000000000006 0.076977999999999991 0.036605000000000006 0 0 3
145 uniform 3 0 0.41532999999999998 61.222264823183927 1 52 0.32167899999999999 0.0092320000000000006 0.063146999999999981 0.0031279999999999997 0.00079100000000000004 0.003019 0.011251000000000001 0.16447100000000001 0.021824 0 0.026966 0.00086300000000000005 0.0019380000000000001 0.0011119999999999999 0.0032229999999999997 0.034729000000000017 0.019790999999999993 0 0 0
145 uniform 3 7 0.30225200000000002 60.697767378751443 1 52 0.17902000000000001 0.0087279999999999996 0.09375600000000002 0.003009 0.00071800000000000011 0.002859 0.010732999999999999 0.030386 0.022794999999999999 0 0.027536999999999999 0.00091799999999999998 0.0019240000000000001 0.00076999999999999996 0.0029290000000000002 0.067346000000000003 0.017760000000000001 0 0 1
145 uniform 3 15 0.29053899999999999 59.533146230725549 1 52 0.17466699999999999 0.009044 0.085928999999999991 0.003052 0.00077600000000000011 0.002604 0.010293999999999999 0.027002000000000002 0.022706 0 0.028043999999999999 0.00082899999999999998 0.0018929999999999997 0.00067400000000000001 0.0029490000000000002 0.058880000000000023 0.018422999999999995 0 0 2
145 uniform 3 23 0.293404 57.863769961750542 1 52 0.180898 0.008881 0.078813999999999995 0.0029740000000000001 0.00069200000000000002 0.00266 0.010737999999999999 0.033709000000000003 0.023060000000000001 0 0.028066000000000001 0.00089300000000000002 0.001802 0.00063299999999999999 0.0028690000000000005 0.052702999999999986 0.017435999999999997 0 0 3
145 uniform 4 0 0.40216000000000002 55.784271732274334 1 52 0.30857699999999999 0.0088199999999999997 0.064665999999999987 0.002823 0.00076399999999999992 0.0025049999999999998 0.010255999999999999 0.16259999999999999 0.023550000000000001 0 0.027857 0.00088599999999999996 0.0018259999999999999 0.00060300000000000002 0.0027799999999999999 0.037439 0.018624000000000002 0 0 0
145 uniform 4 7 0.30074200000000001 53.646639540346051 1 52 0.18080299999999999 0.0087340000000000004 0.09119300000000001 0.0028110000000000001 0.00079600000000000005 0.002346 0.0099340000000000001 0.036388999999999998 0.022765000000000001 0 0.027434 0.00096100000000000005 0.0018080000000000001 0.00053300000000000005 0.0026020000000000001 0.065054000000000015 0.017541999999999992 0 0 1
145 uniform 4 15 0.304483 51.115745559912412 1 60 0.177338 0.0086940000000000003 0.093934000000000031 0.0041740000000000006 0.00076499999999999995 0.0023890000000000001 0.0099609999999999994 0.032807999999999997 0.022884000000000002 0 0.027435000000000001 0.00086200000000000003 0.00181 0.00062299999999999996 0.0027670000000000004 0.066114000000000006 0.018414999999999994 0 0 2
145 uniform 4 23 0.30101699999999998 48.578230817053857 1 53 0.182612 0.0085880000000000001 0.088154999999999983 0.0035980000000000001 0.00072099999999999996 0.0026210000000000001 0.010203 0.036685000000000002 0.024462999999999999 0 0.028007000000000001 0.00086200000000000003 0.0017849999999999999 0.00068599999999999998 0.0026070000000000004 0.06615 0.014031999999999992 0 0 3
146 linear 0 0 0.76366999999999996 53.969737928090048 1 74 0.55472200000000005 0.014840000000000001 0.16685200000000003 0.0046390000000000008 0.0012150000000000002 0.003088 0.011110999999999999 0.17994299999999999 0.107802 0 0.026651999999999999 0.00081400000000000005 0.13414000000000001 0.0010950000000000001 0.0034970000000000001 0.061070999999999993 0.041969000000000006 0.011950000000000002 0 0
146 linear 0 7 0.58762499999999995 55.626082274992662 1 74 0.36424099999999998 0.011284000000000001 0.18545000000000003 0.0042399999999999998 0.000959 0.0029510000000000001 0.010645999999999999 0.051290000000000002 0.075740000000000002 0 0.025245 0.000754 0.10816099999999999 0.001206 0.0034740000000000001 0.08346299999999994 0.041010000000000012 0.011536999999999999 0 1
146 linear 0 15 0.51976999999999995 56.328563379038265 1 74 0.29223900000000003 0.011273 0.18868700000000005 0.0044260000000000002 0.0010840000000000001 0.0029190000000000002 0.010244 0.051291999999999997 0.107046 0 0.027626999999999999 0.00087399999999999999 0.0044150000000000005 0.0011019999999999999 0.0035639999999999999 0.084763999999999992 0.042939999999999999 0.011492000000000002 0 2
146 linear 0 23 0.93391900000000005 55.762117495080254 1 89 0.64572799999999997 0.014758 0.24308299999999994 0.0054450000000000002 0.00099599999999999992 0.002771 0.009587 0.051402999999999997 0.094622999999999999 0 0.026027999999999999 0.00083699999999999996 0.37490600000000002 0.0010740000000000001 0.0033440000000000002 0.11012699999999993 0.049988999999999985 0.014318999999999993 0 3
146 linear 1 0 0.73007500000000003 11.381424598393151 1 67 0.56256799999999996 0.011325 0.13177200000000003 0.0043499999999999997 0.0010939999999999999 0.0030379999999999999 0.010038 0.19109599999999999 0.032314000000000002 0 0.025416999999999999 0.00072400000000000003 0.20961099999999999 0.00115 0.0034869999999999996 0.067257999999999998 0.033043999999999997 0.0072660000000000034 0 0
146 linear 1 7 0.51687300000000003 9.9966971789675636 1 67 0.31674999999999998 0.010732 0.16580299999999998 0.00379 0.00089100000000000008 0.0027539999999999999 0.0094570000000000001 0.052506999999999998 0.031544999999999997 0 0.025135000000000001 0.00078200000000000003 0.10921599999999999 0.00099200000000000004 0.0033629999999999997 0.10931400000000005 0.025304 0.0072150000000000018 0 1
146 linear 1 15 0.64335100000000001 8.4276233223670296 1 83 0.40784599999999999 0.010721 0.19501700000000008 0.00481 0.001077 0.0026849999999999999 0.0088679999999999991 0.052463999999999997 0.032041 0 0.024812000000000001 0.00076999999999999996 0.20151999999999998 0.00097400000000000004 0.003225 0.12606799999999999 0.032440000000000004 0.0091450000000000021 0 2
146 linear 1 23 0.674404 6.8897046956923473 1 83 0.44134699999999999 0.010659 0.19233600000000001 0.0047259999999999993 0.001353 0.0024020000000000001 0.0086459999999999992 0.052004000000000002 0.031349000000000002 0 0.024798000000000001 0.00070200000000000004 0.23834100000000003 0.00094700000000000003 0.0032430000000000002 0.12429599999999995 0.031606000000000002 0.0091360000000000018 0 3
146 linear 2 0 0.71294000000000002 24.693195103665058 1 98 0.487174 0.015367 0.17408800000000005 0.0057299999999999999 0.0016180000000000001 0.0024250000000000001 0.0091059999999999995 0.18491099999999999 0.032058000000000003 0 0.025079000000000001 0.00080400000000000003 0.14035400000000001 0.00074600000000000003 0.0039140000000000008 0.089845999999999995 0.041637999999999994 0.011207000000000002 0 0
146 linear 2 7 0.65605500000000005 25.462792990044452 1 98 0.38494600000000001 0.014940999999999999 0.21960300000000008 0.0058200000000000005 0.001624 0.0024480000000000001 0.010454 0.056877999999999998 0.044664000000000002 0 0.024938999999999999 0.00079199999999999995 0.14960700000000002 0.00065499999999999998 0.0038239999999999997 0.13715099999999994 0.040126000000000023 0.011169000000000002 0 1
146 linear 2 15 0.51356999999999997 26.541069306239642 1 98 0.250581 0.015129999999999999 0.21235500000000004 0.0055420000000000001 0.0014340000000000002 0.0023400000000000001 0.010012 0.055475999999999998 0.044916999999999999 0 0.024839 0.000754 0.021921000000000003 0.00063500000000000004 0.0038010000000000001 0.13006899999999999 0.040191000000000025 0.011057999999999998 0 2
146 linear 2 23 0.68468499999999999 28.187201244809071 1 82 0.4617 0.01128 0.18392600000000003 0.00447 0.0015600000000000002 0.0022560000000000002 0.0086239999999999997 0.051486999999999998 0.051983000000000001 0 0.025031000000000001 0.00076400000000000003 0.23147399999999999 0.0010449999999999999 0.0034310000000000005 0.11389199999999998 0.033609999999999987 0.0090500000000000025 0 3
146 linear 3 0 0.63735200000000003 188.97028354257895 1 53 0.50073199999999995 0.0097230000000000007 0.104616 0.0040420000000000005 0.00080900000000000004 0.0029269999999999999 0.010897 0.18609600000000001 0.022796 0 0.026554999999999999 0.000812 0.16461100000000001 0.001325 0.0032389999999999997 0.067305000000000004 0.014769999999999998 0.006039000000000001 0 0
146 linear 3 7 0.63690000000000002 187.15799213010717 1 53 0.41448400000000002 0.0097850000000000003 0.19058699999999992 0.0036829999999999996 0.000678 0.0029020000000000001 0.010468 0.051115000000000001 0.021940999999999999 0 0.026242000000000001 0.00076599999999999997 0.22142499999999998 0.00123 0.0031589999999999995 0.15321000000000004 0.015014999999999997 0.0060540000000000012 0 1
146 linear 3 15 0.61038000000000003 185.25500626550456 1 53 0.39627000000000001 0.0097470000000000005 0.18259300000000001 0.0034159999999999998 0.000678 0.002735 0.0099520000000000008 0.051204 0.021950000000000001 0 0.026872 0.00084800000000000001 0.203955 0.0010280000000000001 0.0030450000000000004 0.14573699999999998 0.014520000000000002 0.0060460000000000028 0 2
146 linear 3 23 0.63707499999999995 183.51144022294287 1 53 0.402806 0.009953 0.20279699999999998 0.003166 0.00065800000000000006 0.0022499999999999998 0.0091579999999999995 0.051145999999999997 0.021500999999999999 0 0.026145000000000002 0.00076000000000000004 0.216589 0.00093800000000000003 0.0029919999999999999 0.16578799999999996 0.014633000000000004 0.0060579999999999983 0 3
146 linear 4 0 0.563052 23.503260381308706 1 90 0.37556499999999998 0.014037000000000001 0.14012499999999994 0.0054019999999999997 0.00133 0.0029480000000000001 0.010749 0.19003700000000001 0.044164000000000002 0 0.025670999999999999 0.00081499999999999997 0.0046220000000000002 0.00080599999999999997 0.0037559999999999998 0.059044000000000027 0.041102999999999987 0.0098550000000000009 0 0
146 linear 4 7 0.48754999999999998 23.201100841523271 1 90 0.27075500000000002 0.013708 0.16891500000000001 0.005986 0.0011130000000000001 0.0028189999999999999 0.0098499999999999994 0.058878 0.074715000000000004 0 0.025408 0.00076400000000000003 0.0046509999999999998 0.00076999999999999996 0.0036449999999999998 0.086231999999999989 0.040824999999999986 0.0098530000000000024 0 1
146 linear 4 15 0.46405600000000002 22.871882942565332 1 90 0.252473 0.013507999999999999 0.16577699999999998 0.0050149999999999995 0.0010889999999999999 0.0026840000000000002 0.0097050000000000001 0.053856000000000001 0.065111000000000002 0 0.025027000000000001 0.00070799999999999997 0.004463 0.00071000000000000002 0.0036220000000000002 0.088615000000000013 0.03763600000000001 0.0098700000000000038 0 2
146 linear 4 23 0.48710999999999999 22.558377733446097 1 90 0.26906400000000003 0.013455999999999999 0.17154599999999992 0.0049969999999999997 0.0011849999999999999 0.0024369999999999999 0.0095160000000000002 0.058923000000000003 0.075048000000000004 0 0.024775999999999999 0.00070600000000000003 0.0043070000000000001 0.00073999999999999999 0.0035830000000000007 0.091217000000000006 0.040069000000000021 0.0098630000000000037 0 3
146 uniform 0 0 0.70279000000000003 52.037376675502571 1 74 0.54912899999999998 0.01163 0.11523099999999997 0.004078 0.0011279999999999999 0.002604 0.0097739999999999997 0.18016199999999999 0.108292 0 0.025735000000000001 0.000767 0.13361899999999999 0.001075 0.0034529999999999999 0.061376999999999994 0.041891000000000012 0 0 0
146 uniform 0 7 0.53676800000000002 53.229664890558659 1 74 0.36291299999999999 0.011217 0.13675899999999999 0.0037050000000000004 0.001119 0.0026050000000000001 0.0093209999999999994 0.051332999999999997 0.076050000000000006 0 0.028076 0.000767 0.10797 0.001124 0.003421 0.083734000000000003 0.041051999999999991 0 0 1
146 uniform 0 15 0.457978 53.742702110674884 1 74 0.28295300000000001 0.011055000000000001 0.13834299999999999 0.0035070000000000001 0.00097300000000000002 0.002333 0.0089960000000000005 0.051262000000000002 0.106072 0 0.024677999999999999 0.00084900000000000004 0.0044070000000000003 0.00095 0.0033829999999999997 0.083821999999999994 0.042625000000000003 0 0 2
146 uniform 0 23 0.86496700000000004 53.362646456196352 1 89 0.649065 0.011512 0.17444900000000005 0.0048209999999999998 0.001003 0.002333 0.0087690000000000008 0.051381999999999997 0.099396999999999999 0 0.025772 0.00073899999999999997 0.37553199999999998 0.001023 0.0034370000000000004 0.11039899999999998 0.049977999999999988 0 0 3
146 uniform 1 0 0.70389699999999999 12.280065920081286 1 67 0.564724 0.011166000000000001 0.10511999999999999 0.0036189999999999994 0.0010939999999999999 0.002928 0.0099690000000000004 0.19072900000000001 0.032446000000000003 0 0.026082999999999999 0.00081899999999999996 0.209257 0.001093 0.0034060000000000006 0.067765999999999965 0.02732900000000001 0 0 0
146 uniform 1 7 0.49352099999999999 10.925202813297352 1 67 0.31526700000000002 0.010794 0.14458599999999996 0.0030700000000000002 0.00092500000000000004 0.0026180000000000001 0.0093150000000000004 0.052394999999999997 0.031413999999999997 0 0.025038999999999999 0.00082700000000000004 0.109162 0.00095799999999999998 0.0033049999999999998 0.10910699999999998 0.025357000000000005 0 0 1
146 uniform 1 15 0.57550699999999999 9.3368886874813715 1 67 0.40856399999999998 0.010699999999999999 0.13384599999999999 0.0030530000000000002 0.00090600000000000012 0.0024099999999999998 0.0089029999999999995 0.054400999999999998 0.031607000000000003 0 0.02511 0.00079799999999999999 0.20157299999999997 0.00091500000000000001 0.0032450000000000005 0.097522999999999985 0.025871999999999999 0 0 2
146 uniform 1 23 0.61042099999999999 7.7070503679712079 1 67 0.43959199999999998 0.010624 0.13791300000000001 0.0029809999999999997 0.000843 0.0024919999999999999 0.008907 0.051896999999999999 0.031327000000000001 0 0.024743000000000001 0.00076199999999999998 0.23742099999999999 0.000941 0.0031759999999999996 0.09880499999999999 0.025305999999999999 0 0 3
146 uniform 2 0 0.64079299999999995 24.886761493845881 1 82 0.47594700000000001 0.013927999999999999 0.12294399999999998 0.003712 0.0012169999999999998 0.0024120000000000001 0.0092029999999999994 0.176228 0.031820000000000001 0 0.024795000000000001 0.000812 0.14017999999999997 0.00071299999999999998 0.0034610000000000001 0.077195999999999987 0.033418000000000003 0 0 0
146 uniform 2 7 0.58920899999999998 25.703170187021978 1 82 0.38130399999999998 0.014657 0.16439800000000002 0.0037309999999999999 0.0011840000000000002 0.0023389999999999999 0.0089929999999999993 0.055703999999999997 0.044311999999999997 0 0.024969000000000002 0.00072099999999999996 0.14964100000000002 0.00066699999999999995 0.0037450000000000001 0.11803200000000001 0.033597999999999996 0 0 1
146 uniform 2 15 0.46361599999999997 26.869131775723886 1 82 0.25392399999999998 0.014938 0.16535900000000001 0.0040619999999999996 0.0011670000000000001 0.0024429999999999999 0.010248 0.055488999999999997 0.045178999999999997 0 0.025406999999999999 0.00072000000000000005 0.022040999999999998 0.000718 0.0039740000000000001 0.119018 0.033680999999999989 0 0 2
146 uniform 2 23 0.66420699999999999 28.771987198306533 1 82 0.46596599999999999 0.01119 0.15956899999999999 0.004078 0.001335 0.0022889999999999998 0.0099150000000000002 0.052919000000000001 0.058811000000000002 0 0.024784 0.00082600000000000002 0.23078299999999996 0.0011839999999999999 0.0032890000000000003 0.11352000000000001 0.033776000000000028 0 0 3
146 uniform 3 0 0.60035700000000003 189.19319559706807 1 37 0.50400500000000004 0.009894 0.071717000000000003 0.001957 0.00060400000000000004 0.0028779999999999999 0.010951000000000001 0.18625800000000001 0.022574 0 0.027208 0.00083500000000000002 0.169067 0.0012800000000000001 0.0031489999999999999 0.055998999999999993 0.010121999999999999 0 0 0
146 uniform 3 7 0.57026600000000005 187.35988849574733 1 37 0.41363899999999998 0.00975 0.13193300000000002 0.0019060000000000001 0.00050500000000000002 0.0028029999999999999 0.010278000000000001 0.050987999999999999 0.021427999999999999 0 0.026313 0.00077399999999999995 0.22203100000000001 0.0011900000000000001 0.0030340000000000002 0.11579100000000002 0.010564000000000004 0 0 1
146 uniform 3 15 0.531111 185.4363546923459 1 37 0.390208 0.0098250000000000004 0.11626499999999999 0.0018929999999999999 0.00055199999999999997 0.0024229999999999998 0.0093349999999999995 0.051040000000000002 0.021547 0 0.026304999999999999 0.00078100000000000001 0.20217500000000002 0.00099799999999999997 0.0030520000000000005 0.100619 0.010072000000000003 0 0 2
146 uniform 3 23 0.55869999999999997 183.67526283551678 1 37 0.40492 0.0098480000000000009 0.12932899999999997 0.0018500000000000001 0.00046700000000000002 0.0023679999999999999 0.0093980000000000001 0.051292999999999998 0.021356 0 0.026814999999999999 0.00080999999999999996 0.21701600000000001 0.00094300000000000004 0.002944 0.11374200000000001 0.0098860000000000024 0 0 3
146 uniform 4 0 0.51219000000000003 23.550462360625321 1 74 0.37763200000000002 0.014030000000000001 0.094732999999999984 0.0035820000000000001 0.001036 0.0028470000000000001 0.010807000000000001 0.19344900000000001 0.042575000000000002 0 0.025486999999999999 0.00080199999999999998 0.0046970000000000007 0.00078899999999999999 0.0038390000000000004 0.050433000000000006 0.033217999999999984 0 0 0
146 uniform 4 7 0.42667300000000002 23.244667305793378 1 74 0.27099699999999999 0.013761000000000001 0.11577200000000001 0.0035879999999999996 0.00092599999999999996 0.0026930000000000001 0.010078999999999999 0.058950000000000002 0.07492 0 0.025259 0.00077099999999999998 0.0046550000000000003 0.00076400000000000003 0.00364 0.071900999999999993 0.032797999999999994 0 0 1
146 uniform 4 15 0.41226800000000002 22.911765941932646 1 74 0.25868799999999997 0.013414000000000001 0.114463 0.0034640000000000001 0.00084200000000000008 0.0026849999999999999 0.0098209999999999999 0.053816000000000003 0.064891000000000004 0 0.025394 0.00070799999999999997 0.0044919999999999995 0.00072000000000000005 0.0037600000000000003 0.073759999999999964 0.029673999999999985 0 0 2
146 uniform 4 23 0.41963899999999998 22.595005717421575 1 74 0.26645200000000002 0.013329000000000001 0.114383 0.0032959999999999999 0.00081299999999999992 0.002581 0.0094710000000000003 0.059122000000000001 0.074411000000000005 0 0.024906999999999999 0.00066 0.004182 0.00073499999999999998 0.0035309999999999999 0.07174800000000002 0.031569999999999987 0 0 3
147 linear 0 0 0.69833800000000001 316.16131399722468 1 105 0.404719 0.0094520000000000003 0.25002700000000005 0.0072109999999999995 0.001369 0.0028170000000000001 0.010895 0.13453899999999999 0.025537000000000001 0 0.026896 0.000825 0.11520799999999999 0.00095 0.003228 0.12079799999999999 0.048707000000000035 0.020063999999999999 0 0
147 linear 0 7 0.79740299999999997 318.5530230609948 1 112 0.37260900000000002 0.0094800000000000006 0.38019700000000006 0.0067279999999999987 0.0013900000000000002 0.0027699999999999999 0.010607 0.0062399999999999999 0.025381000000000001 0 0.026440000000000002 0.00084900000000000004 0.21244800000000003 0.00088800000000000001 0.003372 0.23396499999999995 0.054551000000000037 0.020931000000000005 0 1
147 linear 0 15 0.81958299999999995 316.5992866052448 1 120 0.37728899999999999 0.0092149999999999992 0.39215499999999998 0.0070100000000000006 0.0016259999999999998 0.0030599999999999998 0.010576 0.0070169999999999998 0.024265999999999999 0 0.028056000000000001 0.00082399999999999997 0.21885500000000002 0.00085800000000000004 0.003078 0.24240999999999982 0.055952000000000002 0.022638999999999992 0 2
147 linear 0 23 0.80391500000000005 309.60764099273314 1 120 0.37385099999999999 0.0091380000000000003 0.3833319999999999 0.0064539999999999997 0.001413 0.0028410000000000002 0.010434000000000001 0.0065680000000000001 0.023599999999999999 0 0.026610000000000002 0.00076999999999999996 0.21987200000000001 0.00083000000000000001 0.0030289999999999996 0.23912000000000003 0.054453000000000008 0.022560999999999987 0 3
147 linear 1 0 0.476773 2.3240580025620314 1 91 0.31452400000000003 0.011789000000000001 0.11582599999999996 0.0064080000000000005 0.0014519999999999997 0.0031089999999999998 0.010961 0.15346099999999999 0.021784999999999999 0 0.027435000000000001 0.00077800000000000005 0.0038480000000000003 0.0012210000000000001 0.0036960000000000001 0.050246000000000013 0.03440399999999999 0.010808000000000005 0 0
147 linear 1 7 0.37135000000000001 2.4602883376303626 1 90 0.17980599999999999 0.011390000000000001 0.14659400000000003 0.0055560000000000002 0.0014650000000000002 0.0029489999999999998 0.010898 0.022956000000000001 0.02138 0 0.027640000000000001 0.00085700000000000001 0.0036190000000000003 0.001059 0.0033689999999999996 0.081681999999999977 0.034250000000000003 0.010695999999999997 0 1
147 linear 1 15 0.37351000000000001 2.6156158143349733 1 97 0.17326900000000001 0.011415 0.15443700000000007 0.0054249999999999993 0.001485 0.0027469999999999999 0.010364999999999999 0.022046 0.020763 0 0.027043000000000001 0.00076999999999999996 0.0035539999999999999 0.0010280000000000001 0.0032859999999999999 0.080381000000000022 0.037444999999999971 0.011512999999999999 0 2
147 linear 1 23 0.36165999999999998 2.7692522866380882 1 97 0.169291 0.010936 0.14744599999999994 0.0051539999999999997 0.00172 0.0024190000000000001 0.0096699999999999998 0.022846999999999999 0.020587000000000001 0 0.026325999999999999 0.00073899999999999997 0.0034069999999999994 0.00091399999999999999 0.0032040000000000003 0.076703000000000021 0.037844000000000003 0.011504000000000004 0 3
147 linear 2 0 0.42015999999999998 1.8382604396976616 1 61 0.311502 0.0084069999999999995 0.075534000000000018 0.0036470000000000001 0.00094900000000000008 0.0027209999999999999 0.01044 0.16686400000000001 0.021538000000000002 0 0.026709 0.00081099999999999998 0.0025929999999999998 0.001168 0.0032380000000000004 0.033950000000000001 0.020931999999999999 0.0072520000000000032 0 0
147 linear 2 7 0.31072499999999997 1.8283266416838333 1 61 0.18054700000000001 0.008352 0.097321999999999964 0.0036209999999999997 0.00084199999999999998 0.0026979999999999999 0.010016000000000001 0.036158999999999997 0.020964 0 0.030082000000000001 0.00076499999999999995 0.002673 0.0010640000000000001 0.0031029999999999999 0.054825999999999993 0.021739999999999995 0.0072360000000000002 0 1
147 linear 2 15 0.30443199999999998 1.8173636800966584 1 61 0.176288 0.0080850000000000002 0.095750000000000002 0.003614 0.00080699999999999999 0.0025469999999999998 0.009953 0.035999000000000003 0.020818 0 0.026124000000000001 0.00077499999999999997 0.0026020000000000001 0.0010430000000000001 0.0030219999999999999 0.054062000000000013 0.021191000000000005 0.0072370000000000021 0 2
147 linear 2 23 0.30750899999999998 1.8068176815548793 1 61 0.17913999999999999 0.0083409999999999995 0.094656000000000004 0.0042000000000000006 0.00088700000000000009 0.002562 0.0096970000000000008 0.036067000000000002 0.021236999999999999 0 0.026256000000000002 0.000834 0.0027589999999999997 0.0011349999999999999 0.0030770000000000003 0.054601999999999998 0.019472999999999997 0.007274000000000001 0 3
147 linear 3 0 0.422763 2.1059833193212345 1 61 0.31253199999999998 0.0083180000000000007 0.077479999999999993 0.0039659999999999999 0.00086300000000000005 0.0027290000000000001 0.01004 0.17097799999999999 0.021066999999999999 0 0.026100000000000002 0.000843 0.0028999999999999998 0.001072 0.0031039999999999996 0.034644999999999995 0.022000000000000002 0.0072590000000000033 0 0
147 linear 3 7 0.30177199999999998 2.090803028105805 1 61 0.174206 0.0081370000000000001 0.095132000000000008 0.0037559999999999998 0.000736 0.0027290000000000001 0.0094619999999999999 0.035464000000000002 0.021028000000000002 0 0.026221000000000001 0.00072800000000000002 0.0028930000000000002 0.0010150000000000001 0.0028909999999999999 0.053336000000000008 0.021055000000000008 0.0072570000000000013 0 1
147 linear 3 15 0.30727199999999999 2.0734872658638301 1 61 0.17405300000000001 0.0082900000000000005 0.10025899999999999 0.003692 0.00072399999999999993 0.0023579999999999999 0.0091479999999999999 0.036346999999999997 0.021010000000000001 0 0.026380000000000001 0.00071900000000000002 0.0029009999999999999 0.00095799999999999998 0.0031429999999999995 0.055794000000000003 0.023179999999999992 0.0074299999999999991 0 2
147 linear 3 23 0.313357 2.056265120585822 1 61 0.184308 0.0082620000000000002 0.096362000000000003 0.0037280000000000004 0.00073000000000000007 0.00231 0.010340999999999999 0.037796000000000003 0.026532 0 0.026016000000000001 0.000678 0.002859 0.000968 0.0033219999999999999 0.051596999999999997 0.023384000000000012 0.0075089999999999957 0 3
147 linear 4 0 0.40876299999999999 1.9026022933955158 1 61 0.30245 0.0082970000000000006 0.073441000000000006 0.0037740000000000004 0.00075200000000000006 0.0027060000000000001 0.011294 0.15373899999999999 0.024830000000000001 0 0.026071 0.00070500000000000001 0.0020270000000000002 0.00097499999999999996 0.0033770000000000002 0.030620000000000012 0.021487000000000003 0.0074429999999999939 0 0
147 linear 4 7 0.30447200000000002 1.9192157132275609 1 61 0.168937 0.0084209999999999997 0.10153100000000001 0.0040739999999999995 0.0007319999999999999 0.002591 0.0096240000000000006 0.022689999999999998 0.024022000000000002 0 0.027276999999999999 0.00076599999999999997 0.0018340000000000001 0.001036 0.0034030000000000002 0.059921000000000002 0.020379999999999995 0.007424999999999995 0 1
147 linear 4 15 0.30934099999999998 1.940764070974802 1 61 0.172539 0.0080440000000000008 0.10453 0.0035500000000000002 0.00073099999999999999 0.0027039999999999998 0.012711 0.023484999999999999 0.024556999999999999 0 0.02802 0.00079799999999999999 0.001867 0.00099299999999999996 0.0030279999999999999 0.06286499999999999 0.020874 0.0072620000000000028 0 2
147 linear 4 23 0.29893799999999998 1.965814209753999 1 61 0.164517 0.0079660000000000009 0.10228700000000003 0.003653 0.00068500000000000006 0.0025339999999999998 0.0093209999999999994 0.026904999999999998 0.020834999999999999 0 0.026200000000000001 0.00070699999999999995 0.0018500000000000001 0.00093599999999999998 0.003104 0.059940000000000021 0.021543 0.0072510000000000031 0 3
147 uniform 0 0 0.63172399999999995 302.34882136902473 1 105 0.402171 0.0095580000000000005 0.186946 0.0062119999999999996 0.0013090000000000001 0.002748 0.010825 0.135098 0.022839999999999999 0 0.027157000000000001 0.00092400000000000002 0.11500400000000001 0.00088000000000000003 0.0032130000000000001 0.11986700000000006 0.048232999999999991 0 0 0
147 uniform 0 7 0.72090100000000001 303.82358245804159 1 112 0.37313499999999999 0.0095650000000000006 0.30484900000000004 0.0055129999999999997 0.001359 0.002869 0.010673 0.0063029999999999996 0.022939000000000001 0 0.026155999999999999 0.00086200000000000003 0.213062 0.00088400000000000002 0.003248 0.23076999999999995 0.054140999999999981 0 0 1
147 uniform 0 15 0.729464 302.27824869365384 1 112 0.37752799999999997 0.0090729999999999995 0.30912099999999992 0.0053150000000000003 0.0013629999999999998 0.0026870000000000002 0.013207 0.0070740000000000004 0.022408999999999998 0 0.028327000000000001 0.00081999999999999998 0.21865700000000002 0.000892 0.0030569999999999994 0.23710199999999998 0.051901999999999955 0 0 2
147 uniform 0 23 0.73421700000000001 297.22184001949847 1 120 0.37513800000000003 0.0089849999999999999 0.31329999999999991 0.0058300000000000001 0.001343 0.002673 0.010484 0.0066410000000000002 0.022055000000000002 0 0.026186999999999998 0.00082600000000000002 0.21996100000000002 0.00085400000000000005 0.003009 0.23778499999999983 0.054286999999999967 0 0 3
147 uniform 1 0 0.42261599999999999 2.4053660542715476 1 67 0.31218200000000002 0.011540999999999999 0.074285000000000018 0.0038180000000000002 0.0011069999999999999 0.002846 0.01089 0.150724 0.023739 0 0.027118 0.00075299999999999998 0.0037430000000000002 0.0011000000000000001 0.0036159999999999999 0.038824999999999998 0.025413999999999982 0 0 0
147 uniform 1 7 0.32989099999999999 2.5363733484120896 1 74 0.183143 0.011691 0.10925100000000003 0.0036400000000000004 0.0010979999999999998 0.0026150000000000001 0.010376 0.022689999999999998 0.022941 0 0.029252 0.00080500000000000005 0.0036539999999999997 0.001119 0.003408 0.069259000000000001 0.028881000000000018 0 0 1
147 uniform 1 15 0.327787 2.6815470486510185 1 81 0.17482300000000001 0.011475000000000001 0.11397699999999998 0.0037090000000000005 0.001266 0.0027560000000000002 0.0099380000000000007 0.021971999999999998 0.022350999999999999 0 0.026953000000000001 0.00080099999999999995 0.0035739999999999999 0.00087799999999999998 0.0032589999999999997 0.069288000000000044 0.032542999999999989 0 0 2
147 uniform 1 23 0.3206 2.8217411152151413 1 81 0.171239 0.010975 0.11153799999999996 0.0034560000000000007 0.0012999999999999999 0.0024870000000000001 0.0092069999999999999 0.023029000000000001 0.022568999999999999 0 0.026273000000000001 0.00070799999999999997 0.0034380000000000001 0.0009990000000000001 0.0031850000000000003 0.066090999999999997 0.03331499999999999 0 0 3
147 uniform 2 0 0.390457 1.8410666432861174 1 45 0.31705800000000001 0.0085109999999999995 0.046932000000000015 0.0023149999999999998 0.00083799999999999999 0.002614 0.010315 0.17088 0.023424 0 0.026349999999999998 0.00076400000000000003 0.002637 0.00117 0.0032300000000000002 0.025697000000000005 0.014367 0 0 0
147 uniform 2 7 0.267646 1.830976722138089 1 45 0.17902100000000001 0.0083920000000000002 0.062375999999999994 0.0023090000000000003 0.00065700000000000003 0.002493 0.0099179999999999997 0.036105999999999999 0.022828999999999999 0 0.026360999999999999 0.00079000000000000001 0.0026459999999999999 0.001199 0.0030350000000000004 0.040529999999999997 0.015083999999999997 0 0 1
147 uniform 2 15 0.264324 1.8198455100343311 1 45 0.177034 0.0081899999999999994 0.061634999999999995 0.0022299999999999998 0.00063500000000000004 0.0022850000000000001 0.0095790000000000007 0.035890999999999999 0.022671 0 0.026061999999999998 0.00076199999999999998 0.0026130000000000003 0.0011540000000000001 0.0029610000000000005 0.040088999999999986 0.014791 0 0 2
147 uniform 2 23 0.26574599999999998 1.8091416693559297 1 45 0.179948 0.0082620000000000002 0.059989000000000015 0.0023 0.00059500000000000004 0.0023570000000000002 0.0095069999999999998 0.035941000000000001 0.023543000000000001 0 0.025916000000000002 0.00076400000000000003 0.0025640000000000003 0.0010319999999999999 0.0029460000000000003 0.040194999999999995 0.013040000000000005 0 0 3
147 uniform 3 0 0.38954899999999998 2.1143298256123133 1 45 0.31416699999999997 0.0084480000000000006 0.048554999999999994 0.002699 0.00071199999999999996 0.0024380000000000001 0.0099799999999999993 0.16817699999999999 0.023649 0 0.025961999999999999 0.00078799999999999996 0.0031320000000000002 0.0010709999999999999 0.0031179999999999997 0.026183999999999995 0.015599 0 0 0
147 uniform 3 7 0.26857399999999998 2.0988176815843955 1 45 0.177179 0.0083770000000000008 0.065203999999999998 0.002405 0.00065699999999999992 0.0027179999999999999 0.0092949999999999994 0.035312999999999997 0.023452000000000001 0 0.026456 0.00072800000000000002 0.0028770000000000002 0.001042 0.0029529999999999999 0.04339500000000001 0.015034 0 0 1
147 uniform 3 15 0.27013399999999999 2.0811184811667278 1 45 0.1812 0.0081189999999999995 0.063368999999999995 0.002258 0.00059000000000000003 0.0024160000000000002 0.0089350000000000002 0.036645999999999998 0.022387000000000001 0 0.028906999999999999 0.00068999999999999997 0.0028760000000000001 0.001075 0.0029450000000000006 0.040545999999999992 0.016044000000000006 0 0 2
147 uniform 3 23 0.26172899999999999 2.0635124797657465 1 45 0.17360600000000001 0.0080829999999999999 0.062734999999999985 0.0022269999999999998 0.00059699999999999998 0.0022499999999999998 0.0089669999999999993 0.036298999999999998 0.020742 0 0.025513000000000001 0.00069899999999999997 0.0028530000000000001 0.00098700000000000003 0.0029640000000000005 0.040199999999999993 0.015813999999999998 0 0 3
147 uniform 4 0 0.36481000000000002 1.9034340846118889 1 45 0.29302800000000001 0.0081419999999999999 0.046085000000000001 0.0023930000000000002 0.00060300000000000002 0.002552 0.0096869999999999994 0.151833 0.021558000000000001 0 0.026006999999999999 0.00068300000000000001 0.0018159999999999999 0.0010120000000000001 0.0028910000000000003 0.022870000000000001 0.016465 0 0 0
147 uniform 4 7 0.258797 1.9202260266006508 1 45 0.15890799999999999 0.0081200000000000005 0.070673 0.0059410000000000001 0.00064999999999999997 0.0024989999999999999 0.0091940000000000008 0.021007999999999999 0.020958000000000001 0 0.025867999999999999 0.00078799999999999996 0.001804 0.001057 0.002892 0.048667000000000009 0.015238 0 0 1
147 uniform 4 15 0.26063199999999997 1.9420517804662452 1 45 0.158475 0.0080020000000000004 0.076570999999999959 0.0023389999999999999 0.00058 0.002431 0.0089549999999999994 0.021690999999999998 0.020962999999999999 0 0.025578 0.00073300000000000004 0.0018500000000000001 0.00090499999999999999 0.0029109999999999995 0.053624000000000012 0.016179999999999996 0 0 2
147 uniform 4 23 0.26386199999999999 1.9675004925652606 1 45 0.16450600000000001 0.0079699999999999997 0.073332999999999995 0.0025720000000000005 0.00061300000000000005 0.0023470000000000001 0.0090379999999999992 0.026838999999999998 0.020674000000000001 0 0.025762 0.00077700000000000002 0.0018540000000000002 0.00099400000000000009 0.0030770000000000003 0.049384000000000004 0.017210000000000003 0 0 3
148 linear 0 0 0.563141 6.7543571707135666 1 96 0.22362000000000001 0.010257 0.299985 0.0060720000000000001 0.001294 0.0030500000000000002 0.011032 0.070472000000000007 0.022439000000000001 0 0.026929999999999999 0.00080900000000000004 0.00067900000000000002 0.001093 0.0035739999999999999 0.10322400000000005 0.038772999999999981 0.017248999999999987 0 0
148 linear 0 7 0.46722799999999998 6.779450761052165 1 89 0.15729099999999999 0.0099489999999999995 0.27259599999999984 0.0052659999999999998 0.001127 0.003065 0.010845 0.0075310000000000004 0.023539999999999998 0 0.026449 0.00082299999999999995 0.00064599999999999998 0.0011820000000000001 0.0033749999999999995 0.10009199999999997 0.035562999999999984 0.015866999999999999 0 1
148 linear 0 15 0.47429700000000002 6.7189478433527023 1 89 0.16311899999999999 0.009724 0.27274799999999993 0.0051420000000000007 0.00107 0.0030230000000000001 0.011450999999999999 0.0077790000000000003 0.024008999999999999 0 0.028549000000000001 0.00083199999999999995 0.00062799999999999998 0.00092599999999999996 0.0029560000000000003 0.10581299999999996 0.037704999999999989 0.015928999999999992 0 2
148 linear 0 23 0.45848 6.5622874477537412 1 89 0.16026000000000001 0.0099290000000000003 0.2599749999999999 0.0048310000000000002 0.0011670000000000001 0.002941 0.011339 0.0076369999999999997 0.025010999999999999 0 0.027227000000000001 0.00084099999999999995 0.00063699999999999998 0.00084099999999999995 0.0029649999999999998 0.097614000000000034 0.035561999999999948 0.015955999999999998 0 3
148 linear 1 0 0.34737400000000002 1.2052520213570916 1 73 0.23191300000000001 0.0069890000000000004 0.083810000000000023 0.0043140000000000001 0.00079999999999999993 0.0032030000000000001 0.011898000000000001 0.084079000000000001 0.024823000000000001 0 0.026929000000000002 0.000754 0.00045100000000000001 0.001897 0.0029940000000000001 0.040480999999999982 0.018686000000000001 0.0086930000000000045 0 0
148 linear 1 7 0.27939399999999998 1.2088904686956636 1 81 0.15332200000000001 0.0064469999999999996 0.092853000000000033 0.0045049999999999995 0.00091699999999999995 0.0030699999999999998 0.011266999999999999 0.0051279999999999997 0.024138 0 0.030841 0.00090799999999999995 0.00041400000000000003 0.0016570000000000001 0.002885 0.044992000000000025 0.020593999999999987 0.009608999999999996 0 1
148 linear 1 15 0.25987700000000002 1.209951528640743 1 66 0.147429 0.0063359999999999996 0.083819000000000005 0.0033309999999999998 0.00070399999999999998 0.002846 0.010540000000000001 0.0059750000000000003 0.023993 0 0.027383000000000001 0.00082299999999999995 0.00041500000000000006 0.00142 0.0028209999999999997 0.044954999999999988 0.016563999999999992 0.0078340000000000059 0 2
148 linear 1 23 0.26102399999999998 1.2080802911899213 1 74 0.1444 0.0061349999999999998 0.08578100000000001 0.00398 0.000767 0.0028040000000000001 0.010139 0.0059870000000000001 0.023407000000000001 0 0.026773999999999999 0.00081700000000000002 0.000408 0.0012390000000000001 0.0029579999999999997 0.040879000000000006 0.019851999999999995 0.0087980000000000003 0 3
148 linear 2 0 0.50348800000000005 4.7925754979184001 1 94 0.217 0.013664000000000001 0.24425299999999991 0.0045860000000000007 0.001274 0.0029229999999999998 0.01123 0.057558999999999999 0.025118000000000001 0 0.029152000000000001 0.00082100000000000001 0.00062200000000000005 0.0011180000000000001 0.0034839999999999997 0.099775000000000044 0.034364999999999986 0.016168000000000002 0 0
148 linear 2 7 0.48001899999999997 4.1894226289219132 1 109 0.17463699999999999 0.013008 0.257878 0.0054559999999999999 0.001482 0.0030219999999999999 0.011639999999999999 0.0076039999999999996 0.024941000000000001 0 0.028205999999999998 0.00091799999999999998 0.00083699999999999996 0.0010510000000000001 0.0037070000000000007 0.11785400000000003 0.03974600000000001 0.018857999999999989 0 1
148 linear 2 15 0.43236400000000003 3.4748953203180042 1 118 0.16569300000000001 0.0097359999999999999 0.22029299999999993 0.0067359999999999998 0.0017439999999999999 0.0030200000000000001 0.011193 0.0076439999999999998 0.024369999999999999 0 0.029527000000000001 0.00081599999999999999 0.00059599999999999996 0.001183 0.0034039999999999999 0.097716000000000053 0.034096999999999975 0.017138999999999991 0 2
148 linear 2 23 0.42563200000000001 2.8877954191769493 1 110 0.16789999999999999 0.012092 0.20931800000000003 0.0057410000000000004 0.0015630000000000002 0.0029759999999999999 0.010923 0.007456 0.021359 0 0.028965999999999999 0.00089999999999999998 0.00079500000000000003 0.00095500000000000001 0.0037239999999999999 0.103932 0.032054999999999959 0.015151999999999995 0 3
148 linear 3 0 0.37270300000000001 1.3247671502126925 1 82 0.22934599999999999 0.009476 0.10388999999999998 0.0054279999999999997 0.001157 0.002993 0.011532000000000001 0.072648000000000004 0.023008000000000001 0 0.027269000000000002 0.00087500000000000002 0.00067500000000000004 0.0013309999999999999 0.0032750000000000006 0.050244999999999991 0.022291000000000016 0.0097359999999999999 0 0
148 linear 3 7 0.289524 1.3124403144128025 1 82 0.15610599999999999 0.0088780000000000005 0.095629999999999965 0.0046579999999999998 0.00097799999999999992 0.0027299999999999998 0.010912 0.0050939999999999996 0.021863 0 0.027459000000000001 0.00084800000000000001 0.00060100000000000008 0.0013270000000000001 0.0031210000000000005 0.045913000000000009 0.021752999999999995 0.0097320000000000063 0 1
148 linear 3 15 0.28760999999999998 1.2967048113553155 1 81 0.15143200000000001 0.0090749999999999997 0.099547000000000024 0.0043070000000000001 0.00081099999999999987 0.0027109999999999999 0.010436000000000001 0.0047980000000000002 0.021287 0 0.027317000000000001 0.000901 0.00059400000000000002 0.00099799999999999997 0.0029039999999999999 0.048540000000000007 0.023502000000000006 0.009608000000000002 0 2
148 linear 3 23 0.276335 1.2792734393956602 1 74 0.15004300000000001 0.0088669999999999999 0.091659000000000004 0.003947 0.00078899999999999999 0.0027599999999999999 0.010343 0.0046620000000000003 0.02145 0 0.026981000000000002 0.00081599999999999999 0.00062799999999999998 0.00099500000000000001 0.0029249999999999996 0.045554999999999971 0.020861999999999992 0.008798000000000002 0 3
148 linear 4 0 0.33597700000000003 1.0867666691831903 1 67 0.22035199999999999 0.0088299999999999993 0.082459999999999978 0.0038410000000000002 0.001054 0.0028519999999999999 0.011093 0.080822000000000005 0.011591000000000001 0 0.028924999999999999 0.00087299999999999997 0.00059199999999999997 0.0010950000000000001 0.0028619999999999995 0.041617999999999981 0.018196 0.007956000000000003 0 0
148 linear 4 7 0.28339199999999998 1.0874208611103611 1 67 0.156274 0.0085199999999999998 0.093925999999999982 0.0037690000000000002 0.00089799999999999993 0.0028400000000000001 0.010567999999999999 0.0048700000000000002 0.022008 0 0.028795000000000001 0.00089099999999999997 0.00064399999999999993 0.0010970000000000001 0.0029740000000000005 0.053813000000000007 0.017424999999999996 0.0079610000000000011 0 1
148 linear 4 15 0.269515 1.088261120808697 1 67 0.142682 0.0086060000000000008 0.094522000000000009 0.003679 0.00076099999999999996 0.002836 0.010621 0.0050749999999999997 0.011103 0 0.028480999999999999 0.000901 0.000611 0.0010740000000000001 0.0029260000000000006 0.053636999999999997 0.018084000000000006 0.007929000000000002 0 2
148 linear 4 23 0.27085300000000001 1.0892176455594544 1 67 0.154748 0.0083300000000000006 0.084207999999999977 0.0035469999999999998 0.000754 0.0027030000000000001 0.0099900000000000006 0.0050530000000000002 0.021368999999999999 0 0.028781999999999999 0.00088699999999999998 0.00058399999999999999 0.00091200000000000005 0.0028700000000000002 0.043408000000000002 0.018203999999999994 0.0079330000000000043 0 3
148 uniform 0 0 0.44797100000000001 6.3337341022493545 1 112 0.22523699999999999 0.010352999999999999 0.17998500000000006 0.0059449999999999998 0.0013690000000000002 0.0029589999999999998 0.011504 0.070331000000000005 0.022643 0 0.027040000000000002 0.000785 0.00067500000000000004 0.001227 0.003591 0.11909900000000009 0.042211000000000012 0 0 0
148 uniform 0 7 0.36738599999999999 6.3500166200252508 1 105 0.15954299999999999 0.0099979999999999999 0.16812799999999992 0.0048349999999999999 0.001145 0.0029940000000000001 0.011534000000000001 0.0074019999999999997 0.022366 0 0.026655000000000002 0.00092400000000000002 0.00064700000000000001 0.0011640000000000001 0.003408 0.111669 0.038843000000000003 0 0 1
148 uniform 0 15 0.383913 6.3108910499053597 1 105 0.162662 0.0098209999999999999 0.17967699999999995 0.0047420000000000006 0.0012200000000000002 0.0029680000000000002 0.011252 0.0076160000000000004 0.025954000000000001 0 0.028077000000000001 0.00087500000000000002 0.000638 0.00088400000000000002 0.0030789999999999993 0.12003400000000006 0.041665999999999967 0 0 2
148 uniform 0 23 0.35248000000000002 6.2084682655921002 1 89 0.163101 0.011193 0.15073599999999995 0.003947 0.0011719999999999999 0.0027130000000000001 0.011955 0.0079050000000000006 0.025623 0 0.027156 0.00086499999999999999 0.00064300000000000013 0.00083500000000000002 0.0029979999999999998 0.098664000000000043 0.036339000000000003 0 0 3
148 uniform 1 0 0.330063 1.2048459273245953 1 65 0.23808799999999999 0.0068770000000000003 0.065156000000000006 0.0028110000000000001 0.00084599999999999996 0.0031329999999999999 0.013089999999999999 0.085024000000000002 0.024752 0 0.028004999999999999 0.00076199999999999998 0.00046900000000000002 0.0018959999999999999 0.003437 0.039030000000000002 0.016149999999999994 0 0 0
148 uniform 1 7 0.23470099999999999 1.2062010177183937 1 57 0.15515799999999999 0.0067869999999999996 0.054804999999999979 0.0026650000000000003 0.00056799999999999993 0.0029329999999999998 0.011693 0.0052230000000000002 0.0253 0 0.028905 0.00084800000000000001 0.00039800000000000002 0.0016429999999999999 0.0031959999999999996 0.031228000000000002 0.014813 0 0 1
148 uniform 1 15 0.22569 1.2052730829478941 1 50 0.152642 0.0062740000000000001 0.051278000000000004 0.0021080000000000001 0.000495 0.0029979999999999998 0.010945999999999999 0.0060029999999999997 0.025267999999999999 0 0.028896000000000002 0.00081300000000000003 0.000415 0.001513 0.0028300000000000001 0.031266000000000009 0.012496999999999999 0 0 2
148 uniform 1 23 0.218636 1.2021892967786081 1 58 0.14152999999999999 0.0060819999999999997 0.053034000000000005 0.0025190000000000004 0.00059299999999999999 0.0026819999999999999 0.0098209999999999999 0.0056210000000000001 0.021642999999999999 0 0.026467000000000001 0.00079000000000000001 0.000435 0.0012780000000000001 0.0030809999999999995 0.029569000000000002 0.014761000000000003 0 0 3
148 uniform 2 0 0.40924500000000003 4.8614082882344691 1 94 0.21337500000000001 0.010296 0.15256699999999998 0.0038830000000000002 0.001142 0.0029250000000000001 0.011171 0.057597000000000002 0.022633 0 0.028774000000000001 0.00083299999999999997 0.00059999999999999995 0.0010460000000000001 0.0033540000000000002 0.099558000000000049 0.036732000000000035 0 0 0
148 uniform 2 7 0.39375900000000003 4.2862152785150887 1 109 0.170627 0.012876 0.17566799999999999 0.0053589999999999992 0.0013979999999999999 0.0028969999999999998 0.011296 0.0074939999999999998 0.022547999999999999 0 0.028034 0.00083799999999999999 0.00081300000000000003 0.0010250000000000001 0.0036329999999999999 0.11753900000000005 0.039945999999999968 0 0 1
148 uniform 2 15 0.34639300000000001 3.5790781174617177 1 110 0.164523 0.0097059999999999994 0.1389159999999999 0.0057939999999999997 0.001255 0.0030920000000000001 0.011346999999999999 0.0078200000000000006 0.021871000000000002 0 0.029675 0.00080199999999999998 0.00061799999999999995 0.0011770000000000001 0.0034240000000000004 0.091849999999999946 0.029840000000000005 0 0 2
148 uniform 2 23 0.37210100000000002 2.9312213587242342 1 110 0.17135300000000001 0.012393 0.15263699999999994 0.0052589999999999998 0.0016489999999999999 0.003009 0.010676 0.0073099999999999997 0.026176000000000001 0 0.029020000000000001 0.00089400000000000005 0.00081899999999999985 0.00096199999999999996 0.003604 0.10351399999999998 0.031905999999999997 0 0 3
148 uniform 3 0 0.325571 1.3230281220226885 1 66 0.226128 0.0092750000000000003 0.068149000000000015 0.0032890000000000003 0.00084999999999999995 0.0030539999999999999 0.011653 0.072679999999999995 0.022679999999999999 0 0.027245999999999999 0.00077899999999999996 0.00063699999999999998 0.0012149999999999999 0.0034209999999999996 0.040208999999999995 0.018055999999999996 0 0 0
148 uniform 3 7 0.24951599999999999 1.3109948955992434 1 66 0.156997 0.0088929999999999999 0.061529999999999981 0.0031030000000000003 0.00085199999999999989 0.002882 0.011051999999999999 0.005071 0.021857999999999999 0 0.027297999999999999 0.00082100000000000001 0.00063299999999999999 0.001261 0.0032080000000000008 0.033886000000000013 0.017745999999999998 0 0 1
148 uniform 3 15 0.26539099999999999 1.2958203311489733 1 73 0.158694 0.0090849999999999993 0.07434300000000002 0.0032910000000000001 0.00092299999999999999 0.0028670000000000002 0.010692999999999999 0.0046959999999999997 0.021454000000000001 0 0.032938000000000002 0.00083100000000000003 0.00064500000000000007 0.001181 0.0030039999999999997 0.04195299999999999 0.021449999999999993 0 0 2
148 uniform 3 23 0.236377 1.2791905493899118 1 58 0.15076000000000001 0.0086910000000000008 0.058032000000000014 0.0024769999999999996 0.00066199999999999994 0.0028530000000000001 0.010286999999999999 0.0050179999999999999 0.021371999999999999 0 0.027304999999999999 0.00082799999999999996 0.00062199999999999994 0.0010759999999999999 0.0028240000000000001 0.033093000000000011 0.016239000000000003 0 0 3
148 uniform 4 0 0.29756700000000003 1.087086506466526 1 51 0.218502 0.0088229999999999992 0.052608999999999989 0.0022269999999999998 0.00073600000000000011 0.0029380000000000001 0.011096999999999999 0.076925999999999994 0.013589 0 0.028735 0.00083100000000000003 0.00057600000000000001 0.0011000000000000001 0.0029160000000000002 0.032115999999999992 0.012839000000000008 0 0 0
148 uniform 4 7 0.243538 1.0877667620357905 1 51 0.15401400000000001 0.0085640000000000004 0.059826000000000018 0.0025440000000000003 0.0006559999999999999 0.0029060000000000002 0.010389000000000001 0.005195 0.023449000000000001 0 0.028032000000000001 0.00085599999999999999 0.00062100000000000002 0.001029 0.0028750000000000004 0.039123000000000012 0.013027000000000002 0 0 1
148 uniform 4 15 0.227851 1.0886435286335296 1 51 0.145034 0.0083400000000000002 0.056943000000000001 0.0023400000000000001 0.00062100000000000002 0.002872 0.010895999999999999 0.0050670000000000003 0.012123999999999999 0 0.030731000000000001 0.00089400000000000005 0.00060099999999999997 0.0010939999999999999 0.0027660000000000002 0.035898000000000013 0.013406 0 0 2
148 uniform 4 23 0.22998399999999999 1.0896449649716706 1 51 0.152536 0.0083280000000000003 0.05182599999999999 0.0023480000000000003 0.00059099999999999995 0.0026819999999999999 0.0099600000000000001 0.0049659999999999999 0.024348999999999999 0 0.028757000000000001 0.00093899999999999995 0.00060799999999999993 0.001026 0.0028210000000000002 0.031273000000000002 0.012913999999999997 0 0 3
149 linear 0 0 0.53309499999999999 139.31513151122644 1 59 0.38350200000000001 0.011450999999999999 0.11751599999999998 0.0035239999999999998 0.00092899999999999992 0.003124 0.011597 0.171788 0.076790999999999998 0 0.027442000000000001 0.000776 0.000852 0.0010510000000000001 0.0034580000000000001 0.054404999999999995 0.027797000000000006 0.0059490000000000012 0 0
149 linear 0 7 0.55950800000000001 159.53284785467952 1 59 0.276028 0.010985999999999999 0.25161499999999998 0.0034170000000000003 0.00091199999999999994 0.002862 0.010947999999999999 0.049863999999999999 0.097524 0 0.026304999999999999 0.000901 0.00081099999999999998 0.001039 0.0035119999999999995 0.19145799999999999 0.024986999999999999 0.0059310000000000022 0 1
149 linear 0 15 0.529281 181.02863277286684 1 59 0.23766999999999999 0.010749999999999999 0.26054199999999994 0.0033210000000000002 0.000843 0.0027420000000000001 0.010351000000000001 0.051063999999999998 0.06225 0 0.026187999999999999 0.00078200000000000003 0.0008160000000000001 0.0010380000000000001 0.0033750000000000004 0.19667700000000002 0.02467999999999999 0.0059500000000000013 0 2
149 linear 0 23 0.51669200000000004 200.47194374500933 1 59 0.236486 0.011029000000000001 0.24836200000000003 0.003552 0.00077999999999999999 0.002686 0.010118 0.048718999999999998 0.061772000000000001 0 0.026076999999999999 0.00072000000000000005 0.00080799999999999991 0.0011100000000000001 0.003369 0.18814000000000003 0.025135000000000005 0.0059410000000000027 0 3
149 linear 1 0 52.520719999999997 432.16035101334074 1 74 52.172545999999997 0.014997999999999999 0.29730199999999984 0.0061860000000000005 0.0011849999999999999 0.0027590000000000002 0.010652 0.17603199999999999 0.26270300000000002 51.562694999999998 0.085125999999999993 3.1999999999999999e-05 0.00083900000000000001 0.001506 0.0041409999999999997 0.20874399999999996 0.044334999999999972 0.0086720000000000009 0 0
149 linear 1 7 55.894950999999999 367.76254359882711 1 74 55.520735000000002 0.015231 0.33297399999999999 0.0047970000000000009 0.0012340000000000001 0.0046389999999999999 0.012259000000000001 0.052672999999999998 0.26384400000000002 55.018408999999998 0.091581999999999997 3.3000000000000003e-05 0.00083400000000000011 0.0015629999999999999 0.0041440000000000001 0.24648500000000009 0.044669999999999967 0.0087150000000000023 0 1
149 linear 1 15 54.316526000000003 295.21408426363899 1 74 53.939404000000003 0.015737999999999999 0.33545500000000011 0.0046320000000000007 0.0012239999999999998 0.0034770000000000001 0.013247 0.05271 0.26327699999999998 53.430384000000004 0.088677000000000006 3.1999999999999999e-05 0.001132 0.001704 0.0042960000000000003 0.24685200000000002 0.044484999999999962 0.0095859999999999973 0 2
149 linear 1 23 0.71344300000000005 224.72740758839001 1 82 0.36205900000000002 0.013247999999999999 0.31187299999999996 0.0046750000000000003 0.0013310000000000002 0.0032940000000000001 0.011900000000000001 0.051423000000000003 0.179145 0 0.026893 0.00091600000000000004 0.00083100000000000003 0.0011150000000000001 0.0034299999999999995 0.22478800000000007 0.044026000000000003 0.0086599999999999976 0 3
149 linear 2 0 0.52108900000000002 9.276490722250637 1 53 0.35049599999999997 0.0098069999999999997 0.13807600000000003 0.004176 0.00081299999999999992 0.0031459999999999999 0.011696 0.17959 0.043421000000000001 0 0.026717000000000001 0.00086200000000000003 0.00060899999999999995 0.001387 0.0032199999999999998 0.076211000000000001 0.016970000000000002 0.0044139999999999995 0 0
149 linear 2 7 0.47410200000000002 9.2773663492573686 1 53 0.296267 0.0094669999999999997 0.14609500000000003 0.003601 0.00069799999999999994 0.0028679999999999999 0.010436000000000001 0.051192000000000001 0.12310400000000001 0 0.026304999999999999 0.00083699999999999996 0.00057600000000000001 0.001237 0.0030900000000000003 0.085180999999999979 0.016325999999999993 0.0044080000000000005 0 1
149 linear 2 15 0.39769900000000002 9.2783672745425321 1 53 0.21049999999999999 0.0092940000000000002 0.15628800000000001 0.0033280000000000002 0.00064800000000000003 0.002562 0.0097459999999999995 0.051118999999999998 0.042741000000000001 0 0.025838 0.00075699999999999997 0.00059500000000000004 0.0011169999999999999 0.0030949999999999997 0.095524000000000026 0.016493000000000001 0.0044010000000000004 0 2
149 linear 2 23 0.37254999999999999 9.2793684221981305 1 53 0.19858100000000001 0.009273 0.14339899999999997 0.0031779999999999998 0.00062200000000000005 0.002483 0.0094699999999999993 0.051000999999999998 0.032754999999999999 0 0.025808999999999999 0.00088199999999999997 0.00060800000000000003 0.0011410000000000001 0.0030739999999999995 0.082818000000000044 0.016322 0.0044070000000000003 0 3
149 linear 3 0 0.64260200000000001 128.34303025966423 1 83 0.43138900000000002 0.01576 0.16179300000000002 0.005424 0.001155 0.002856 0.011025 0.17571300000000001 0.118176 0 0.027026000000000001 0.000861 0.00096600000000000017 0.000834 0.0036379999999999997 0.079246000000000025 0.037437000000000012 0.008661000000000002 0 0
149 linear 3 7 0.728433 133.2157981919938 1 83 0.29916599999999999 0.015167 0.38129200000000002 0.0050530000000000002 0.00095199999999999994 0.0030730000000000002 0.011008 0.051475 0.11494500000000001 0 0.026543000000000001 0.00081400000000000005 0.0010280000000000001 0.00082200000000000003 0.0034919999999999999 0.29880299999999999 0.03755 0.0086580000000000042 0 1
149 linear 3 15 0.74617100000000003 139.75023469494269 1 83 0.303367 0.014869 0.39537899999999981 0.0050819999999999997 0.00098299999999999993 0.0027460000000000002 0.0099419999999999994 0.051022999999999999 0.124874 0 0.026148000000000001 0.000745 0.00096599999999999995 0.00079199999999999995 0.003473 0.30865699999999996 0.041600000000000005 0.0086770000000000024 0 2
149 linear 3 23 0.80384199999999995 147.76846435584346 1 99 0.28246900000000003 0.014803999999999999 0.467671 0.0062840000000000005 0.0011010000000000002 0.0026410000000000001 0.0095329999999999998 0.050969 0.10530399999999999 0 0.025621999999999999 0.00071699999999999997 0.0009720000000000001 0.00069499999999999998 0.003431 0.36827199999999988 0.046196000000000008 0.010445000000000001 0 3
149 linear 4 0 0.56120700000000001 2.9926759712748789 1 61 0.396094 0.0084499999999999992 0.13223799999999999 0.0036749999999999999 0.0008699999999999999 0.0029220000000000001 0.010258 0.16097600000000001 0.113895 0 0.026277999999999999 0.00073200000000000001 0.00060599999999999998 0.0012819999999999999 0.0031639999999999997 0.050733 0.022223 0.004517000000000001 0 0
149 linear 4 7 0.51968499999999995 2.9926376454946042 1 61 0.24025299999999999 0.0082950000000000003 0.24671000000000004 0.0035959999999999998 0.00081300000000000003 0.002738 0.009861 0.051050999999999999 0.072395000000000001 0 0.02588 0.00080099999999999995 0.00064600000000000009 0.0012830000000000001 0.0031689999999999999 0.16577000000000006 0.022120999999999991 0.004522 0 1
149 linear 4 15 0.54378499999999996 2.9925938481312921 1 61 0.26001000000000002 0.0083719999999999992 0.25002399999999997 0.0038630000000000001 0.00084000000000000003 0.0026340000000000001 0.0095429999999999994 0.051052 0.091879000000000002 0 0.025749000000000001 0.00077999999999999999 0.00059900000000000003 0.001108 0.0030839999999999999 0.16813600000000009 0.022915000000000001 0.0045240000000000011 0 2
149 linear 4 23 0.551956 2.9925500545525048 1 61 0.27790199999999998 0.0083420000000000005 0.23644099999999996 0.0038749999999999995 0.00076099999999999996 0.002761 0.0096509999999999999 0.047819 0.111405 0 0.025159000000000001 0.000785 0.00066500000000000001 0.0011169999999999999 0.0034079999999999996 0.15364899999999992 0.022317999999999994 0.0046409999999999984 0 3
149 uniform 0 0 0.499616 141.45176067020193 1 59 0.37781399999999998 0.012486000000000001 0.088240000000000013 0.0032950000000000002 0.00087100000000000003 0.0028180000000000002 0.010158 0.17367199999999999 0.075677999999999995 0 0.026037000000000001 0.00075799999999999999 0.00086299999999999994 0.001116 0.003725 0.054121000000000002 0.024962000000000002 0 0 0
149 uniform 0 7 0.54063600000000001 159.2246634080889 1 59 0.27385599999999999 0.012375000000000001 0.23394100000000001 0.0028409999999999998 0.00082899999999999998 0.0025230000000000001 0.010676 0.051323000000000001 0.096657999999999994 0 0.025867000000000001 0.00080400000000000003 0.00080100000000000006 0.0010280000000000001 0.0037060000000000001 0.19932200000000003 0.025449999999999997 0 0 1
149 uniform 0 15 0.49514599999999998 178.01219662011269 1 59 0.23396400000000001 0.010662 0.23079100000000002 0.0027200000000000002 0.00074100000000000001 0.002271 0.0093629999999999998 0.051130000000000002 0.062211000000000002 0 0.025753000000000002 0.00069399999999999996 0.00080600000000000008 0.001039 0.003362 0.19726199999999991 0.024696999999999993 0 0 2
149 uniform 0 23 0.48679800000000001 195.07332787071826 1 59 0.22930800000000001 0.016476999999999999 0.22133899999999995 0.0026179999999999997 0.00065499999999999998 0.002346 0.0091470000000000006 0.048718999999999998 0.061823000000000003 0 0.025536 0.00070799999999999997 0.00081300000000000003 0.00099599999999999992 0.0032490000000000002 0.18749999999999992 0.025008000000000002 0 0 3
149 uniform 1 0 52.497636999999997 439.8358340807992 1 74 52.178458999999997 0.014874 0.27631 0.0046760000000000005 0.00115 0.002418 0.010087 0.17578199999999999 0.26058100000000001 51.573076 0.084245 2.8e-05 0.00086700000000000004 0.0014350000000000001 0.004045 0.21416200000000007 0.044918999999999987 0 0 0
149 uniform 1 7 55.886088999999998 380.3318721363475 1 74 55.495747999999999 0.015065 0.34825599999999995 0.004627 0.0011250000000000001 0.004568 0.011976000000000001 0.052594000000000002 0.26543 54.993930000000006 0.089910999999999991 2.5000000000000001e-05 0.00085599999999999988 0.001616 0.0041130000000000003 0.28217900000000012 0.047338999999999964 0 0 1
149 uniform 1 15 54.055017999999997 311.89235884541239 1 74 53.711368 0.015476 0.30135800000000007 0.0046360000000000004 0.001199 0.0044600000000000004 0.011745 0.052684000000000002 0.26709899999999998 53.203617000000001 0.088574 2.0999999999999999e-05 0.00093300000000000002 0.0016069999999999999 0.0042759999999999994 0.24053500000000003 0.046865999999999998 0 0 2
149 uniform 1 23 0.66045600000000004 242.48882345613379 1 74 0.36914599999999997 0.013313999999999999 0.25399299999999997 0.0036389999999999999 0.001121 0.0034770000000000001 0.012028 0.051407000000000001 0.179698 0 0.032920999999999999 0.00077499999999999997 0.00083300000000000008 0.0010950000000000001 0.0034260000000000002 0.20377899999999996 0.03880999999999999 0 0 3
149 uniform 2 0 0.44343700000000003 9.2764982789569235 1 37 0.34998099999999999 0.0099039999999999996 0.06846300000000001 0.0020870000000000003 0.00066900000000000011 0.003251 0.011675 0.179205 0.043286999999999999 0 0.026814000000000001 0.00085800000000000004 0.00060800000000000003 0.001312 0.0032500000000000003 0.051516999999999993 0.011318000000000003 0 0 0
149 uniform 2 7 0.40482499999999999 9.2773739060891049 1 37 0.29732999999999998 0.0094979999999999995 0.083017000000000021 0.001967 0.00053499999999999999 0.002696 0.010486000000000001 0.051201999999999998 0.12673899999999999 0 0.02615 0.00084400000000000002 0.00058900000000000001 0.001199 0.0031259999999999999 0.06647900000000001 0.010940999999999999 0 0 1
149 uniform 2 15 0.31919900000000001 9.2783748315884029 1 37 0.21075099999999999 0.0092960000000000004 0.084571999999999994 0.001869 0.00051699999999999999 0.0025500000000000002 0.0097000000000000003 0.051055000000000003 0.043179000000000002 0 0.025689 0.00082299999999999995 0.000602 0.001122 0.0030949999999999997 0.067937000000000011 0.011103 0 0 2
149 uniform 2 23 0.30090499999999998 9.2793759795257493 1 37 0.198187 0.0093650000000000001 0.078994000000000009 0.0018149999999999998 0.00048299999999999998 0.0023549999999999999 0.0094680000000000007 0.051054000000000002 0.033316999999999999 0 0.02572 0.00086200000000000003 0.00060799999999999993 0.0010499999999999999 0.0030840000000000004 0.06244400000000002 0.011004000000000003 0 0 3
149 uniform 3 0 0.58597999999999995 128.84406615721323 1 67 0.43462699999999999 0.015790999999999999 0.10968500000000005 0.0035600000000000002 0.00099899999999999989 0.0029429999999999999 0.010966999999999999 0.17902799999999999 0.11822199999999999 0 0.027026000000000001 0.00075799999999999999 0.0010009999999999999 0.00085099999999999998 0.0035260000000000001 0.070019000000000026 0.029649999999999999 0 0 0
149 uniform 3 7 0.61886699999999994 133.83465857370493 1 67 0.302346 0.015349 0.27506400000000003 0.0035170000000000002 0.00087900000000000001 0.0028760000000000001 0.010411 0.051249000000000003 0.11662500000000001 0 0.025904 0.00080199999999999998 0.0010299999999999999 0.00074399999999999998 0.0034640000000000001 0.23541499999999996 0.029570000000000009 0 0 1
149 uniform 3 15 0.629131 140.56555390200054 1 67 0.30490899999999999 0.014975 0.28352799999999989 0.0033559999999999996 0.001 0.002601 0.010076 0.051085999999999999 0.124921 0 0.025856000000000001 0.00073399999999999995 0.0010009999999999999 0.00076300000000000001 0.0034979999999999994 0.24461799999999995 0.028830999999999985 0 0 2
149 uniform 3 23 0.60849900000000001 148.90263886135816 1 67 0.28584799999999999 0.014775999999999999 0.28224100000000008 0.0033830000000000002 0.00082600000000000002 0.0024819999999999998 0.0091640000000000003 0.050985000000000003 0.104395 0 0.029843999999999999 0.00079900000000000001 0.001023 0.00072000000000000005 0.0035329999999999997 0.24210999999999999 0.029538000000000005 0 0 3
149 uniform 4 0 0.48245900000000003 2.9926759772968943 1 45 0.39345000000000002 0.0084679999999999998 0.063052999999999998 0.0022729999999999998 0.00065000000000000008 0.0028869999999999998 0.010276 0.158668 0.11360000000000001 0 0.026227 0.000767 0.00061900000000000008 0.001279 0.0031820000000000004 0.040377000000000003 0.015926999999999993 0 0 0
149 uniform 4 7 0.40197899999999998 2.9926376515156572 1 45 0.24284500000000001 0.0083059999999999991 0.13298699999999999 0.0022330000000000002 0.00063199999999999997 0.0026280000000000001 0.0097450000000000002 0.051043999999999999 0.076128000000000001 0 0.025692 0.00077899999999999996 0.00064199999999999999 0.0012229999999999999 0.0031740000000000002 0.11044600000000002 0.015750999999999998 0 0 1
149 uniform 4 15 0.41644599999999998 2.9925938541520898 1 45 0.25785200000000003 0.0082249999999999997 0.13261700000000001 0.0022939999999999996 0.0005930000000000001 0.002604 0.0093720000000000001 0.051087 0.091893000000000002 0 0.025772 0.00079000000000000001 0.00063699999999999998 0.0010330000000000001 0.0030759999999999997 0.10918699999999996 0.016478000000000003 0 0 2
149 uniform 4 23 0.427784 2.9925500605743824 1 45 0.27764100000000003 0.0080780000000000001 0.12452800000000001 0.0022580000000000005 0.00055199999999999997 0.0023969999999999998 0.0095499999999999995 0.047943 0.112258 0 0.025475000000000001 0.00078200000000000003 0.00066200000000000005 0.00097900000000000005 0.0030309999999999998 0.10197499999999998 0.015660999999999991 0 0 3
150 linear 0 0 0.73458500000000004 24.505093610945121 1 121 0.36456499999999997 0.0084010000000000005 0.32271799999999978 0.0094280000000000006 0.001274 0.0029940000000000001 0.011148 0.085151000000000004 0.022592000000000001 0 0.028204 0.00079900000000000001 0.12308599999999999 0.0011770000000000001 0.0033629999999999997 0.12136500000000003 0.053442000000000024 0.023530999999999993 0 0
150 linear 0 7 0.62499099999999996 24.248715537717167 1 114 0.267316 0.0083149999999999995 0.30966899999999997 0.0089110000000000005 0.00117 0.0029369999999999999 0.011287999999999999 0.0068999999999999999 0.022435 0 0.030362 0.00086499999999999999 0.10211200000000001 0.0010399999999999999 0.0032969999999999996 0.116968 0.05110099999999991 0.023240000000000014 0 1
150 linear 0 15 0.55317899999999998 23.624658793885839 1 114 0.17791199999999999 0.0092890000000000004 0.32146000000000019 0.0088999999999999999 0.0011670000000000001 0.003019 0.012588 0.0072950000000000003 0.025485000000000001 0 0.027449000000000001 0.00095299999999999996 0.0097860000000000013 0.00099500000000000001 0.0032199999999999998 0.12320600000000002 0.051751999999999909 0.023354000000000014 0 2
150 linear 0 23 0.478717 22.635561316586625 1 107 0.17607100000000001 0.0090270000000000003 0.25777099999999997 0.0073420000000000004 0.0011349999999999999 0.0029689999999999999 0.012342000000000001 0.0076059999999999999 0.025513999999999998 0 0.028729999999999999 0.00099400000000000009 0.0097139999999999987 0.00077499999999999997 0.0029070000000000003 0.10371 0.04490499999999991 0.021566000000000016 0 3
150 linear 1 0 0.38280599999999998 1.1833737385770173 1 74 0.24795300000000001 0.0067539999999999996 0.10271800000000005 0.0045659999999999997 0.00098700000000000003 0.0030720000000000001 0.01176 0.10324 0.022321000000000001 0 0.027619000000000001 0.000834 0.00046000000000000001 0.002052 0.0030779999999999996 0.051693000000000024 0.026068999999999998 0.008774000000000004 0 0
150 linear 1 7 0.28947800000000001 1.1962978137575162 1 74 0.14447299999999999 0.006535 0.112974 0.0047099999999999998 0.00089999999999999998 0.0028860000000000001 0.011044999999999999 0.0061260000000000004 0.021847999999999999 0 0.026914 0.00076099999999999996 0.00046200000000000001 0.0016310000000000001 0.002885 0.063702999999999996 0.024213999999999996 0.0087900000000000009 0 1
150 linear 1 15 0.27834999999999999 1.2073463348172209 1 66 0.14192299999999999 0.0062729999999999999 0.10789199999999999 0.0034799999999999996 0.00068400000000000004 0.0028410000000000002 0.010754 0.0048219999999999999 0.022331 0 0.026789 0.00068400000000000004 0.00042400000000000001 0.00147 0.0029199999999999999 0.064055999999999974 0.02149100000000001 0.007845000000000003 0 2
150 linear 1 23 0.28034599999999998 1.2150980380363847 1 74 0.13731299999999999 0.0059290000000000002 0.11260099999999997 0.0039390000000000007 0.00079799999999999999 0.0025300000000000001 0.0098099999999999993 0.0048840000000000003 0.021742000000000001 0 0.026426999999999999 0.00065200000000000002 0.00040699999999999997 0.0013569999999999999 0.0028089999999999999 0.064200000000000007 0.023394999999999985 0.0088060000000000065 0 3
150 linear 2 0 0.37868000000000002 1.115667299643021 1 68 0.25641599999999998 0.0088710000000000004 0.088127999999999998 0.0041449999999999994 0.001 0.002709 0.010484 0.11179699999999999 0.021867999999999999 0 0.026988999999999999 0.00073200000000000001 0.00059900000000000003 0.001224 0.0029990000000000008 0.041183999999999991 0.023976999999999988 0.0080820000000000024 0 0
150 linear 2 7 0.29527900000000001 1.1160840463462753 1 68 0.14610100000000001 0.0087829999999999991 0.11530000000000003 0.0039240000000000004 0.00085400000000000005 0.0026189999999999998 0.010370000000000001 0.0052639999999999996 0.021170999999999999 0 0.026356000000000001 0.00071900000000000002 0.00061899999999999998 0.001098 0.0029980000000000002 0.069010999999999975 0.023302999999999994 0.0080620000000000015 0 1
150 linear 2 15 0.28640700000000002 1.1148633064470335 1 68 0.14535000000000001 0.0086160000000000004 0.10784700000000003 0.0037849999999999997 0.00080900000000000004 0.0024120000000000001 0.0093650000000000001 0.0059800000000000001 0.021364999999999999 0 0.026724000000000001 0.00067500000000000004 0.00061600000000000001 0.00099599999999999992 0.0030179999999999998 0.060521000000000026 0.024446999999999986 0.0080700000000000008 0 2
150 linear 2 23 0.28378999999999999 1.1118510400452373 1 68 0.14502100000000001 0.0085830000000000004 0.10577000000000002 0.0038149999999999998 0.00079699999999999997 0.0023240000000000001 0.0090930000000000004 0.0062830000000000004 0.021350999999999998 0 0.026297000000000001 0.00076099999999999996 0.00062100000000000002 0.000919 0.0030079999999999998 0.05960300000000001 0.023164999999999974 0.0080770000000000026 0 3
150 linear 3 0 0.357182 1.0989814824841895 1 61 0.245866 0.0085489999999999993 0.077941000000000038 0.0038689999999999996 0.00085899999999999995 0.0022910000000000001 0.0090150000000000004 0.106652 0.021514999999999999 0 0.026665999999999999 0.00068800000000000003 0.00059999999999999995 0.0010579999999999999 0.0030749999999999996 0.037051000000000001 0.020310999999999985 0.007229000000000001 0 0
150 linear 3 7 0.27365899999999999 1.0981913796626339 1 61 0.14579400000000001 0.0085220000000000001 0.095035999999999995 0.00362 0.00080399999999999992 0.0023730000000000001 0.0095739999999999992 0.005398 0.021538999999999999 0 0.026522 0.00081899999999999996 0.00058699999999999996 0.00106 0.0030189999999999995 0.054564000000000001 0.019849999999999989 0.0072320000000000032 0 1
150 linear 3 15 0.274177 1.0964347224627027 1 61 0.14534 0.011794000000000001 0.092887000000000025 0.0037160000000000001 0.000776 0.0024320000000000001 0.0087869999999999997 0.0062199999999999998 0.023060000000000001 0 0.026415000000000001 0.00079699999999999997 0.00060400000000000004 0.00099299999999999996 0.0029440000000000004 0.051424999999999998 0.020900999999999999 0.0072320000000000032 0 2
150 linear 3 23 0.28268500000000002 1.0939263316532033 1 61 0.14535400000000001 0.0080239999999999999 0.10532599999999999 0.0036160000000000003 0.00073999999999999999 0.0023389999999999999 0.0087030000000000007 0.0066490000000000004 0.022439000000000001 0 0.026526000000000001 0.00075799999999999999 0.00062399999999999999 0.0010139999999999999 0.0029119999999999997 0.064809999999999993 0.019861999999999991 0.007243000000000002 0 3
150 linear 4 0 0.57037000000000004 6.9640998645597483 1 111 0.23943999999999999 0.015733 0.27506899999999995 0.0074410000000000014 0.001642 0.0028530000000000001 0.01153 0.067233000000000001 0.022662999999999999 0 0.029175 0.00093199999999999999 0.00095600000000000004 0.00037399999999999998 0.0037469999999999999 0.11850799999999999 0.047221999999999972 0.018855999999999994 0 0
150 linear 4 7 0.55041600000000002 6.446614185813595 1 119 0.180397 0.015429999999999999 0.31255799999999995 0.0077939999999999988 0.0014970000000000003 0.0030959999999999998 0.011878 0.015979 0.022542 0 0.027713000000000002 0.00081700000000000002 0.0010580000000000001 0.00035300000000000002 0.0036020000000000006 0.14017699999999997 0.045014999999999993 0.018906999999999997 0 1
150 linear 4 15 0.49212299999999998 5.9499499783906993 1 103 0.18104799999999999 0.014749999999999999 0.26063599999999998 0.0059379999999999997 0.0011870000000000001 0.0029009999999999999 0.011212 0.018734000000000001 0.022530000000000001 0 0.028524999999999998 0.000901 0.00099599999999999992 0.000339 0.0035329999999999997 0.115999 0.044153999999999992 0.017194000000000015 0 2
150 linear 4 23 0.50769799999999998 5.5299977048721347 1 111 0.180394 0.014803999999999999 0.27534199999999986 0.0065319999999999996 0.001225 0.0027810000000000001 0.010912 0.019155999999999999 0.023258999999999998 0 0.028549999999999999 0.00083299999999999997 0.001021 0.000357 0.003421 0.12489400000000005 0.043255999999999961 0.016358000000000001 0 3
150 uniform 0 0 0.61268100000000003 22.932390997044298 1 121 0.36898399999999998 0.0086269999999999993 0.19373500000000007 0.0083349999999999987 0.0012819999999999999 0.0030100000000000001 0.011601999999999999 0.085078000000000001 0.025107999999999998 0 0.028464 0.00081800000000000004 0.12273200000000001 0.0013090000000000001 0.0034610000000000001 0.11914900000000005 0.052847000000000054 0 0 0
150 uniform 0 7 0.48879699999999998 22.764289232683566 1 114 0.26201999999999998 0.0082170000000000003 0.18181899999999995 0.0073920000000000001 0.0010890000000000001 0.0029489999999999998 0.011233999999999999 0.0068100000000000001 0.024202000000000001 0 0.027088999999999998 0.000825 0.101965 0.00089899999999999995 0.0030249999999999999 0.112187 0.049040000000000007 0 0 1
150 uniform 0 15 0.397868 22.351012452582285 1 114 0.16925499999999999 0.0081270000000000005 0.18458599999999989 0.0069689999999999995 0.0010760000000000001 0.0027980000000000001 0.010666 0.0072560000000000003 0.023720000000000001 0 0.026953000000000001 0.00091100000000000003 0.0097210000000000022 0.00090600000000000001 0.0030219999999999999 0.11479800000000001 0.049200000000000008 0 0 2
150 uniform 0 23 0.36928299999999997 21.682014746750163 1 107 0.17182600000000001 0.0078919999999999997 0.15565799999999991 0.0065059999999999996 0.001054 0.002957 0.011041 0.0065250000000000004 0.022856999999999999 0 0.028565 0.0010009999999999999 0.0097399999999999987 0.00084900000000000004 0.0028340000000000001 0.093185000000000018 0.043248000000000009 0 0 3
150 uniform 1 0 0.34111900000000001 1.1851400695461269 1 58 0.24790499999999999 0.0067099999999999998 0.06879600000000001 0.0026760000000000004 0.00068999999999999997 0.0030690000000000001 0.011923 0.10287399999999999 0.022197000000000001 0 0.028028999999999998 0.00082100000000000001 0.00043500000000000006 0.0019530000000000001 0.0030990000000000002 0.039581999999999999 0.020555999999999998 0 0 0
150 uniform 1 7 0.24657299999999999 1.1947705692884691 1 58 0.14518700000000001 0.0063670000000000003 0.077477999999999977 0.002395 0.00062800000000000009 0.0028 0.011039 0.0059969999999999997 0.022044000000000001 0 0.027167 0.00076099999999999996 0.00043800000000000002 0.0018630000000000001 0.0028579999999999999 0.049508999999999991 0.019282999999999998 0 0 1
150 uniform 1 15 0.25172699999999998 1.2021949748432321 1 58 0.13994300000000001 0.0062430000000000003 0.088250999999999968 0.002313 0.00069300000000000004 0.0026350000000000002 0.010324 0.0048139999999999997 0.02181 0 0.026915000000000001 0.000696 0.00042200000000000001 0.001503 0.0028359999999999995 0.060202000000000006 0.019385000000000006 0 0 2
150 uniform 1 23 0.24634800000000001 1.2068842205760317 1 58 0.14003199999999999 0.0062589999999999998 0.082311000000000009 0.002758 0.00063600000000000006 0.0024689999999999998 0.010116999999999999 0.0046940000000000003 0.021687000000000001 0 0.026544000000000002 0.00064999999999999997 0.00040099999999999999 0.0016930000000000001 0.0028959999999999997 0.054955999999999977 0.018703000000000001 0 0 3
150 uniform 2 0 0.34423199999999998 1.1168620205521314 1 52 0.25512099999999999 0.0090650000000000001 0.06136500000000001 0.002908 0.00075199999999999996 0.0027829999999999999 0.011006 0.108144 0.021874999999999999 0 0.02734 0.000745 0.00061300000000000005 0.0012589999999999999 0.003058 0.034662999999999992 0.018902999999999996 0 0 0
150 uniform 2 7 0.25897999999999999 1.1174043684840604 1 52 0.15057899999999999 0.0087620000000000007 0.081460000000000005 0.0025280000000000003 0.00069899999999999997 0.0025119999999999999 0.014919999999999999 0.0048710000000000003 0.021104000000000001 0 0.026700999999999999 0.00077399999999999995 0.00060400000000000004 0.0012130000000000001 0.003058 0.055240000000000011 0.018342000000000004 0 0 1
150 uniform 2 15 0.249005 1.1162636796188314 1 52 0.144625 0.0086470000000000002 0.077879999999999977 0.0023410000000000002 0.00067699999999999998 0.002415 0.0094420000000000007 0.0057660000000000003 0.021451000000000001 0 0.026374000000000002 0.00070299999999999996 0.0006249999999999999 0.00099799999999999997 0.0029500000000000004 0.050641000000000005 0.019441000000000003 0 0 2
150 uniform 2 23 0.242725 1.1132124242262287 1 52 0.14351900000000001 0.0085310000000000004 0.073086999999999999 0.002464 0.00066399999999999999 0.0023189999999999999 0.0090089999999999996 0.0061999999999999998 0.021238 0 0.026395999999999999 0.00074200000000000004 0.0005979999999999999 0.00098900000000000008 0.0029880000000000002 0.047058999999999983 0.018195999999999993 0 0 3
150 uniform 3 0 0.32383600000000001 1.0996347471767645 1 45 0.24604599999999999 0.0084480000000000006 0.051860999999999984 0.002212 0.00068800000000000003 0.0022330000000000002 0.008914 0.106394 0.021654 0 0.026485999999999999 0.00068999999999999997 0.00061299999999999994 0.00117 0.0030420000000000004 0.029932000000000007 0.015163000000000008 0 0 0
150 uniform 3 7 0.232657 1.0988644992658543 1 45 0.14197799999999999 0.0085229999999999993 0.064788999999999999 0.0022099999999999997 0.00065799999999999995 0.0023119999999999998 0.0088929999999999999 0.0052110000000000004 0.021170999999999999 0 0.026009999999999998 0.00078399999999999997 0.00058900000000000001 0.001096 0.002996 0.043399 0.014650999999999996 0 0 1
150 uniform 3 15 0.23377600000000001 1.0971008053702485 1 45 0.14624599999999999 0.0086619999999999996 0.061151000000000004 0.0024330000000000003 0.00061499999999999999 0.0022769999999999999 0.0087659999999999995 0.0060020000000000004 0.021375000000000002 0 0.026443000000000001 0.00071900000000000002 0.00060300000000000002 0.001042 0.0031330000000000004 0.038785999999999994 0.015585000000000003 0 0 2
150 uniform 3 23 0.24279999999999999 1.0945509140650522 1 45 0.14344899999999999 0.0082690000000000003 0.073840000000000017 0.0023159999999999999 0.00059400000000000002 0.0022950000000000002 0.0088450000000000004 0.0065110000000000003 0.020952999999999999 0 0.025973 0.00070399999999999998 0.00062699999999999995 0.0010200000000000001 0.0030219999999999999 0.051910000000000019 0.015155 0 0 3
150 uniform 4 0 0.48410300000000001 7.0047551331900246 1 111 0.24082400000000001 0.015838000000000001 0.188664 0.0061540000000000006 0.0015390000000000002 0.0028140000000000001 0.011483999999999999 0.067040000000000002 0.02104 0 0.029715999999999999 0.00093199999999999999 0.00098399999999999985 0.00032400000000000001 0.0036870000000000002 0.12103599999999996 0.048650999999999993 0 0 0
150 uniform 4 7 0.45422200000000001 6.4782503149438275 1 119 0.18764600000000001 0.015633000000000001 0.20948600000000006 0.0068629999999999984 0.0015 0.0027899999999999999 0.011594 0.016303000000000002 0.023973000000000001 0 0.029881999999999999 0.00090300000000000005 0.001018 0.00035399999999999999 0.0035829999999999994 0.14351900000000006 0.046247999999999984 0 0 1
150 uniform 4 15 0.45298699999999997 5.9743421183833698 1 119 0.19197900000000001 0.016171999999999999 0.204375 0.0063210000000000002 0.0014089999999999999 0.0029299999999999999 0.011538 0.019088000000000001 0.023959000000000001 0 0.030452 0.00097499999999999996 0.0009859999999999999 0.00028899999999999998 0.0036319999999999998 0.1354830000000001 0.049153999999999934 0 0 2
150 uniform 4 23 0.41387400000000002 5.5494080169881075 1 111 0.17783199999999999 0.014586999999999999 0.18540399999999996 0.0052969999999999996 0.001322 0.002552 0.010677000000000001 0.018998000000000001 0.020650000000000002 0 0.028763 0.00081099999999999998 0.00098600000000000011 0.000319 0.0036509999999999993 0.12449899999999994 0.043262999999999961 0 0 3
151 linear 0 0 0.34631699999999999 20.537704741835075 1 52 0.24404500000000001 0.0088400000000000006 0.074542000000000011 0.0034819999999999999 0.000892 0.0029619999999999998 0.011259999999999999 0.092274999999999996 0.022324 0 0.027774 0.00099799999999999997 0.00062500000000000001 0.0013860000000000001 0.0033549999999999995 0.041630999999999987 0.015061999999999999 0.0062360000000000037 0 0
151 linear 0 7 0.30073899999999998 20.175789399049297 1 52 0.16398099999999999 0.0085970000000000005 0.109945 0.0031580000000000002 0.00079200000000000006 0.0028939999999999999 0.011117 0.016941999999999999 0.022126 0 0.026932000000000001 0.000883 0.00058799999999999998 0.0012960000000000001 0.0031110000000000001 0.07813299999999998 0.014033 0.0061919999999999996 0 1
151 linear 0 15 0.281358 19.729987107954919 1 52 0.15035100000000001 0.0083619999999999996 0.10473800000000003 0.0030209999999999998 0.00078200000000000003 0.0026410000000000001 0.010323000000000001 0.0066610000000000003 0.021114999999999998 0 0.026653 0.000834 0.00061900000000000008 0.001042 0.0030669999999999994 0.073356999999999992 0.013746000000000001 0.0061710000000000011 0 2
151 linear 0 23 0.29247899999999999 19.254817041965637 1 52 0.161304 0.0082500000000000004 0.10541099999999998 0.0026760000000000004 0.00074100000000000001 0.0025349999999999999 0.0097549999999999998 0.020556000000000001 0.021045000000000001 0 0.026605 0.00082899999999999998 0.00061399999999999996 0.0010460000000000001 0.0029909999999999997 0.073696999999999985 0.014159999999999997 0.0061680000000000033 0 3
151 linear 1 0 0.69789500000000004 50.44497611835839 1 82 0.51347699999999996 0.013018 0.13890100000000002 0.0059690000000000003 0.001096 0.0026069999999999999 0.011102000000000001 0.13183400000000001 0.021861999999999999 0 0.027045 0.00085999999999999998 0.22570299999999999 0.001194 0.0037540000000000004 0.071844000000000005 0.031428999999999992 0.013428000000000008 0 0
151 linear 1 7 0.56340000000000001 44.59505361468544 1 74 0.27339400000000003 0.012468 0.249975 0.0047560000000000007 0.0010800000000000002 0.0029680000000000002 0.011204 0.018249999999999999 0.021586999999999999 0 0.026959 0.00076199999999999998 0.100235 0.001041 0.003545 0.19565900000000003 0.025092999999999987 0.010552999999999996 0 1
151 linear 1 15 0.57458100000000001 37.381883514586917 1 74 0.284914 0.012057999999999999 0.25054999999999999 0.0044130000000000003 0.0012179999999999999 0.0026710000000000002 0.010558 0.017516 0.020846 0 0.026606999999999999 0.000776 0.11659399999999999 0.001036 0.0033670000000000002 0.19621400000000006 0.025111999999999995 0.010584 0 2
151 linear 1 23 0.71455000000000002 30.031603362515611 1 74 0.429703 0.01213 0.24588300000000002 0.0042269999999999999 0.0012979999999999999 0.0027079999999999999 0.010410000000000001 0.017402999999999998 0.022405999999999999 0 0.026945 0.00082600000000000002 0.26143900000000003 0.000919 0.0031540000000000001 0.19083399999999998 0.026201000000000006 0.010567000000000002 0 3
151 linear 2 0 0.59358200000000005 44.449426991989384 1 105 0.38084600000000002 0.014944000000000001 0.15863900000000009 0.0066699999999999997 0.0017339999999999999 0.0026640000000000001 0.010609 0.121806 0.023113999999999999 0 0.026037999999999999 0.00072999999999999996 0.101544 0.00078200000000000003 0.0035699999999999998 0.079933999999999991 0.038099000000000008 0.015058 0 0
151 linear 2 7 0.73886200000000002 47.589713628615335 1 105 0.37220799999999998 0.015240999999999999 0.31068799999999991 0.0073029999999999987 0.0015839999999999999 0.0026689999999999999 0.010545000000000001 0.018967000000000001 0.022099000000000001 0 0.026113999999999998 0.00080000000000000004 0.19320599999999999 0.00078600000000000002 0.0037770000000000004 0.23219699999999999 0.037505999999999984 0.015040000000000008 0 1
151 linear 2 15 0.75739800000000002 52.292031906534895 1 105 0.37231999999999998 0.015106 0.33002900000000013 0.0069060000000000007 0.0015890000000000001 0.0027409999999999999 0.010525 0.022620000000000001 0.022835999999999999 0 0.030404 0.00081099999999999998 0.18768799999999999 0.00074100000000000001 0.0036530000000000004 0.25394899999999998 0.035459999999999978 0.015096 0 2
151 linear 2 23 0.73901499999999998 59.939497442159762 1 89 0.43215500000000001 0.012407 0.26131799999999994 0.0054749999999999998 0.001193 0.002643 0.010232 0.024413000000000001 0.022946999999999999 0 0.026089000000000001 0.00082899999999999998 0.25868599999999997 0.001083 0.0033549999999999999 0.19550199999999995 0.030374999999999999 0.013047999999999999 0 3
151 linear 3 0 0.42841000000000001 3.3605687000731117 1 61 0.31378200000000001 0.0085780000000000006 0.081214999999999982 0.0038830000000000002 0.000977 0.003019 0.011565000000000001 0.16307099999999999 0.022393 0 0.027796000000000001 0.00088999999999999995 0.00068300000000000001 0.0012329999999999999 0.0031250000000000002 0.042885 0.017749999999999998 0.0072470000000000043 0 0
151 linear 3 7 0.36292200000000002 3.3985828789704615 1 61 0.195995 0.0083250000000000008 0.13369500000000001 0.0040169999999999997 0.00080100000000000006 0.0028700000000000002 0.010769000000000001 0.045670000000000002 0.021284000000000001 0 0.027342000000000002 0.00084900000000000004 0.00059899999999999992 0.001207 0.0029679999999999997 0.093696000000000015 0.019519999999999999 0.0072350000000000018 0 1
151 linear 3 15 0.367344 3.4485026363920839 1 61 0.18761700000000001 0.0080800000000000004 0.14729999999999999 0.0037470000000000003 0.000754 0.002617 0.0099979999999999999 0.047126000000000001 0.021375000000000002 0 0.026547999999999999 0.00080599999999999997 0.000602 0.001052 0.0030070000000000001 0.107096 0.019612999999999995 0.0072490000000000028 0 2
151 linear 3 23 0.338833 3.5084684001734994 1 61 0.186584 0.0081189999999999995 0.119865 0.003692 0.00075699999999999997 0.00247 0.0095370000000000003 0.048462999999999999 0.021129999999999999 0 0.026252999999999999 0.00081999999999999998 0.00061399999999999996 0.00097000000000000005 0.0030620000000000001 0.079626000000000016 0.019637999999999992 0.007256000000000002 0 3
151 linear 4 0 0.33628000000000002 9.6623096634827768 1 53 0.24127299999999999 0.0081880000000000008 0.065432000000000018 0.0032430000000000002 0.00078899999999999999 0.0027889999999999998 0.010789999999999999 0.096117999999999995 0.021824 0 0.026696000000000001 0.000825 0.00061700000000000004 0.0011789999999999999 0.0029970000000000001 0.032453000000000003 0.015127999999999997 0.0063090000000000038 0 0
151 linear 4 7 0.32275900000000002 9.6666488365592542 1 53 0.15706400000000001 0.0081650000000000004 0.13522800000000004 0.0036060000000000003 0.00071800000000000011 0.0027039999999999998 0.010196999999999999 0.016662 0.021137 0 0.026119 0.00082799999999999996 0.00059800000000000001 0.0011869999999999999 0.0031040000000000004 0.102118 0.015053999999999994 0.0062970000000000014 0 1
151 linear 4 15 0.318415 9.673228161372748 1 53 0.152224 0.0081539999999999998 0.13645099999999999 0.0033579999999999999 0.00066999999999999991 0.0027299999999999998 0.010512000000000001 0.010470999999999999 0.021500999999999999 0 0.026714999999999999 0.000834 0.00061600000000000001 0.0010449999999999999 0.0030379999999999999 0.102912 0.015572000000000001 0.0062820000000000011 0 2
151 linear 4 23 0.32951599999999998 9.6816903493137687 1 53 0.146923 0.0080990000000000003 0.15324499999999999 0.0031939999999999998 0.00062500000000000001 0.0026159999999999998 0.0095049999999999996 0.0096240000000000006 0.020954 0 0.026713000000000001 0.00089999999999999998 0.00059599999999999996 0.0011039999999999999 0.0029250000000000005 0.11975599999999996 0.015583999999999999 0.0062900000000000031 0 3
151 uniform 0 0 0.32201600000000002 19.929442052754528 1 52 0.23467299999999999 0.0085649999999999997 0.061302999999999989 0.0028119999999999998 0.00085200000000000011 0.0025360000000000001 0.010142 0.092133999999999994 0.021728000000000001 0 0.026734000000000001 0.00078799999999999996 0.00061600000000000001 0.0010430000000000001 0.0029259999999999998 0.038299000000000007 0.015144999999999997 0 0 0
151 uniform 0 7 0.28297299999999997 19.561712968639835 1 52 0.15724399999999999 0.0085179999999999995 0.099981000000000014 0.0025150000000000003 0.00069399999999999996 0.002415 0.0096539999999999994 0.016959999999999999 0.021731 0 0.026172999999999998 0.00085800000000000004 0.00059600000000000007 0.0010169999999999999 0.0029489999999999998 0.078089999999999993 0.014091999999999995 0 0 1
151 uniform 0 15 0.26814500000000002 19.121057261117365 1 52 0.14854700000000001 0.0082769999999999996 0.094450000000000006 0.0025139999999999997 0.00065399999999999996 0.0023270000000000001 0.0096629999999999997 0.0062880000000000002 0.021000000000000001 0 0.029425 0.000767 0.00060700000000000012 0.00094600000000000001 0.0028799999999999997 0.073076000000000002 0.013593000000000001 0 0 2
151 uniform 0 23 0.28341499999999997 18.662114788082292 1 52 0.16355900000000001 0.0081949999999999992 0.094953999999999997 0.0023640000000000002 0.00060900000000000006 0.002336 0.010015 0.020140999999999999 0.021048000000000001 0 0.026429999999999999 0.00089800000000000004 0.00062199999999999994 0.001077 0.0029429999999999994 0.073067000000000007 0.014113000000000009 0 0 3
151 uniform 1 0 0.68430000000000002 51.943673293249105 1 82 0.518598 0.014218 0.11912399999999999 0.0053029999999999996 0.0010560000000000001 0.0026840000000000002 0.011094 0.12804699999999999 0.023732 0 0.028901 0.000852 0.22940899999999997 0.0010499999999999999 0.0038049999999999994 0.072796 0.031965 0 0 0
151 uniform 1 7 0.55397099999999999 46.596746584991728 1 74 0.27683999999999997 0.013807 0.23604200000000003 0.0040529999999999993 0.0010580000000000001 0.0026329999999999999 0.011906999999999999 0.019514 0.024559999999999998 0 0.026381000000000002 0.00080000000000000004 0.10056299999999999 0.0009859999999999999 0.0037550000000000005 0.19802 0.025747000000000003 0 0 1
151 uniform 1 15 0.56487299999999996 39.568844148707214 1 74 0.29345399999999999 0.01209 0.23316399999999995 0.0040859999999999994 0.00098200000000000002 0.0025630000000000002 0.011471 0.018624999999999999 0.024268999999999999 0 0.026152999999999999 0.00079600000000000005 0.11935799999999999 0.0010169999999999999 0.0033370000000000001 0.19600199999999998 0.025293999999999994 0 0 2
151 uniform 1 23 0.70112600000000003 31.651132432269538 1 74 0.42968899999999999 0.012194999999999999 0.23287799999999992 0.0041150000000000006 0.0010379999999999999 0.002421 0.010304000000000001 0.017368999999999999 0.021353 0 0.027149 0.00082799999999999996 0.258658 0.00097199999999999999 0.0032259999999999997 0.194714 0.02627299999999998 0 0 3
151 uniform 2 0 0.57086800000000004 44.667627446826373 1 105 0.38373299999999999 0.015007 0.13253700000000002 0.0065830000000000003 0.0016660000000000002 0.0026970000000000002 0.010813 0.12212199999999999 0.021207 0 0.026824000000000001 0.000892 0.101502 0.00073899999999999997 0.0036400000000000004 0.077421999999999977 0.038203999999999974 0 0 0
151 uniform 2 7 0.66832599999999998 47.89642340910131 1 97 0.371118 0.015067000000000001 0.24494199999999999 0.0061030000000000008 0.0012719999999999999 0.0025860000000000002 0.01005 0.019126000000000001 0.020671999999999999 0 0.026124999999999999 0.00080599999999999997 0.192911 0.00078200000000000003 0.0036719999999999995 0.19687299999999996 0.032499999999999994 0 0 1
151 uniform 2 15 0.72816400000000003 52.824857876778211 1 105 0.36577399999999999 0.014678 0.30895200000000012 0.0058989999999999997 0.0013619999999999999 0.0026450000000000002 0.010045999999999999 0.022647 0.020743000000000001 0 0.027029999999999998 0.00081700000000000002 0.18782399999999999 0.00071699999999999997 0.0034140000000000004 0.25629200000000002 0.035485999999999983 0 0 2
151 uniform 2 23 0.71393600000000002 61.021706764361049 1 89 0.429867 0.012189999999999999 0.23968300000000001 0.0047340000000000004 0.001176 0.0024559999999999998 0.0098770000000000004 0.024244999999999999 0.023046000000000001 0 0.026282 0.00081499999999999997 0.25688499999999992 0.0011820000000000001 0.0031810000000000002 0.19514699999999999 0.030169999999999999 0 0 3
151 uniform 3 0 0.398677 3.3627431164071071 1 45 0.31840000000000002 0.0084989999999999996 0.053811000000000005 0.0024780000000000002 0.00074299999999999995 0.0028969999999999998 0.011140000000000001 0.16207099999999999 0.029804000000000001 0 0.026745999999999999 0.00079600000000000005 0.00068400000000000004 0.0012080000000000001 0.0031589999999999995 0.034094000000000006 0.012888000000000007 0 0 0
151 uniform 3 7 0.30320799999999998 3.4013469250374242 1 45 0.19367699999999999 0.0084530000000000004 0.082744000000000012 0.0025660000000000001 0.00068399999999999993 0.0028080000000000002 0.010359999999999999 0.045762999999999998 0.024031 0 0.026773999999999999 0.00092599999999999996 0.00061199999999999991 0.001201 0.0032890000000000003 0.061550000000000007 0.014387999999999996 0 0 1
151 uniform 3 15 0.31093399999999999 3.4522781356332253 1 45 0.191135 0.008071 0.093700000000000019 0.0024369999999999999 0.00064000000000000005 0.0025699999999999998 0.010755000000000001 0.047107999999999997 0.02419 0 0.026357999999999999 0.00077099999999999998 0.00059000000000000003 0.0010790000000000001 0.003114 0.072410999999999989 0.014516000000000001 0 0 2
151 uniform 3 23 0.30101499999999998 3.5139331127933717 1 45 0.19316800000000001 0.0081189999999999995 0.081974000000000033 0.0023740000000000002 0.00058200000000000005 0.0024840000000000001 0.01008 0.04854 0.023732 0 0.026006999999999999 0.00073999999999999999 0.00061800000000000006 0.00097099999999999997 0.0030499999999999998 0.060641 0.01456 0 0 3
151 uniform 4 0 0.30765799999999999 9.6728473122537668 1 37 0.24440999999999999 0.0082970000000000006 0.040419999999999991 0.0018289999999999997 0.00056099999999999998 0.0027109999999999999 0.010848 0.094076000000000007 0.023425000000000001 0 0.028958999999999999 0.00084599999999999996 0.00064199999999999999 0.0010499999999999999 0.0030880000000000005 0.024436999999999997 0.010406999999999998 0 0 0
151 uniform 4 7 0.270013 9.6778945942609962 1 37 0.161188 0.0080730000000000003 0.086120000000000002 0.0018269999999999998 0.00052800000000000004 0.0026549999999999998 0.010085 0.016648 0.022776999999999999 0 0.029087999999999999 0.00087399999999999999 0.00059699999999999998 0.0010449999999999999 0.0030610000000000004 0.069884000000000016 0.010696000000000002 0 0 1
151 uniform 4 15 0.256382 9.6853633897165867 1 37 0.14926300000000001 0.0080029999999999997 0.084670999999999982 0.0018420000000000001 0.00051800000000000001 0.0024940000000000001 0.0097380000000000001 0.010484 0.021061 0 0.025825000000000001 0.000843 0.00061499999999999999 0.001008 0.0029600000000000004 0.068328 0.010765999999999996 0 0 2
151 uniform 4 23 0.27321899999999999 9.6948103293135137 1 37 0.14646899999999999 0.0083370000000000007 0.10326599999999998 0.0020740000000000003 0.00055100000000000006 0.0023470000000000001 0.0097099999999999999 0.006796 0.020864000000000001 0 0.026613999999999999 0.00084099999999999995 0.00059599999999999996 0.0011050000000000001 0.0030150000000000003 0.086996999999999991 0.010694999999999994 0 0 3
152 linear 0 0 17.709868 5.0599410646658276 1 66 17.317989000000001 0.011119 0.35182600000000003 0.0050020000000000004 0.0011379999999999999 0.0030300000000000001 0.011364000000000001 0.19988 0.26438800000000001 16.682383999999999 0.087785000000000002 3.4e-05 0.0021989999999999996 0.00098499999999999998 0.0037569999999999999 0.10207000000000002 0.045319000000000012 0.014349000000000006 0 0
152 linear 0 7 0.52155700000000005 5.0215011878092684 1 73 0.16464500000000001 0.011514 0.31456000000000012 0.0047020000000000005 0.0011019999999999999 0.0046150000000000002 0.012253999999999999 0.0094660000000000005 0.013896 0 0.028943 0.00094200000000000002 0.0019740000000000001 0.00079199999999999995 0.0037490000000000002 0.099137000000000003 0.033242999999999988 0.014414999999999997 0 1
152 linear 0 15 0.474074 4.9150781596469182 1 80 0.16268299999999999 0.0098359999999999993 0.27607699999999996 0.0042710000000000005 0.001057 0.00313 0.011604 0.0089599999999999992 0.022432000000000001 0 0.028603 0.00088599999999999996 0.001856 0.00073200000000000001 0.0031119999999999993 0.092310000000000003 0.029441999999999982 0.013696000000000002 0 2
152 linear 0 23 0.46807799999999999 4.73978648617011 1 80 0.17336399999999999 0.010185 0.25970999999999994 0.0040550000000000004 0.00094399999999999996 0.0028839999999999998 0.01093 0.024076 0.022599000000000001 0 0.027489 0.00084000000000000003 0.0018439999999999999 0.00072999999999999996 0.0030920000000000001 0.093834000000000015 0.033472999999999982 0.017245999999999997 0 3
152 linear 1 0 0.68020099999999994 1.0097785286375069 1 87 0.42198200000000002 0.0099290000000000003 0.21850299999999986 0.005241 0.00089300000000000002 0.0031350000000000002 0.011354 0.19315499999999999 0.093801999999999996 0 0.027231999999999999 0.00084699999999999999 0.0031640000000000001 0.001261 0.0039899999999999996 0.082109000000000029 0.031953999999999996 0.0075530000000000033 0 0
152 linear 1 7 0.42093999999999998 1.0093077486131636 1 87 0.17602899999999999 0.0099489999999999995 0.20667999999999992 0.0048419999999999999 0.00089999999999999998 0.0030730000000000002 0.011302 0.019477999999999999 0.021655000000000001 0 0.026013999999999999 0.00083699999999999996 0.0034020000000000001 0.0012700000000000001 0.0039300000000000003 0.079282000000000019 0.027730999999999981 0.0069040000000000021 0 1
152 linear 1 15 0.39918399999999998 1.008789889934296 1 87 0.16666300000000001 0.0096159999999999995 0.19516499999999992 0.0046170000000000004 0.00079699999999999997 0.0030170000000000002 0.010597000000000001 0.015855999999999999 0.022363000000000001 0 0.026109 0.00085700000000000001 0.0031059999999999998 0.001114 0.003555 0.061790999999999999 0.029332999999999988 0.0096219999999999986 0 2
152 linear 1 23 0.40069300000000002 1.0083016529127224 1 87 0.167659 0.0092379999999999997 0.19644600000000001 0.0043479999999999994 0.00079299999999999998 0.0029060000000000002 0.010681 0.019574999999999999 0.021715999999999999 0 0.026394999999999998 0.00083500000000000002 0.003019 0.0010349999999999999 0.0033750000000000004 0.066219000000000014 0.029354999999999968 0.0068200000000000031 0 3
152 linear 2 0 0.61608399999999996 1.010211722822181 1 73 0.44043300000000002 0.0093609999999999995 0.14153500000000002 0.0037109999999999999 0.000852 0.0028679999999999999 0.01094 0.19586999999999999 0.11570900000000001 0 0.027276999999999999 0.00084500000000000005 0.0024010000000000004 0.001072 0.0032500000000000003 0.092161999999999994 0.022250999999999983 0.0092450000000000015 0 0
152 linear 2 7 0.33572400000000002 1.0097152586289249 1 73 0.1595 0.0091310000000000002 0.14164000000000007 0.004333 0.00073700000000000002 0.0027720000000000002 0.010688 0.0088520000000000005 0.021523 0 0.028132000000000001 0.00079799999999999999 0.0023810000000000003 0.0010740000000000001 0.003339 0.092277000000000067 0.022571999999999977 0.0089549999999999994 0 1
152 linear 2 15 0.33193 1.0092096462815743 1 80 0.15424099999999999 0.0068900000000000003 0.14495299999999997 0.0041849999999999995 0.00087700000000000007 0.0028879999999999999 0.011258000000000001 0.011949 0.021682 0 0.027713999999999999 0.00083199999999999995 0.0010380000000000001 0.0012979999999999999 0.0029350000000000005 0.091774000000000008 0.024011999999999967 0.010052000000000004 0 2
152 linear 2 23 0.357435 1.0087167321382069 1 73 0.15684699999999999 0.0065719999999999997 0.17046900000000004 0.0036150000000000002 0.00077999999999999999 0.0028110000000000001 0.010768 0.014036 0.023784 0 0.027961 0.00088800000000000001 0.001021 0.0010889999999999999 0.0028830000000000001 0.084702999999999945 0.021039999999999982 0.009676000000000004 0 3
152 linear 3 0 0.59807500000000002 1.0045661118391702 1 73 0.45230199999999998 0.0092809999999999993 0.11269399999999999 0.0035659999999999997 0.00093399999999999993 0.0028540000000000002 0.010829 0.195967 0.12639400000000001 0 0.028028000000000001 0.00086799999999999996 0.0025360000000000001 0.00106 0.0033490000000000004 0.063150000000000012 0.023047999999999978 0.0090819999999999998 0 0
152 linear 3 7 0.31803799999999999 1.0043620414906305 1 73 0.16100600000000001 0.0090209999999999995 0.12366699999999997 0.003885 0.00084500000000000005 0.0026719999999999999 0.010543 0.011273 0.022738999999999999 0 0.026901999999999999 0.00083699999999999996 0.0025999999999999999 0.001101 0.0033899999999999998 0.073121999999999993 0.021433999999999984 0.011950000000000004 0 1
152 linear 3 15 0.31304500000000002 1.0041463413558982 1 73 0.16781499999999999 0.0087340000000000004 0.11296699999999996 0.0034970000000000001 0.00073700000000000002 0.0026489999999999999 0.010792 0.017905999999999998 0.023175999999999999 0 0.027654999999999999 0.00078899999999999999 0.0025869999999999999 0.00095 0.003199 0.065036000000000024 0.022162999999999981 0.0090649999999999984 0 2
152 linear 3 23 0.31160399999999999 1.0039462777474268 1 66 0.166847 0.0087259999999999994 0.114175 0.0031199999999999999 0.000745 0.0024919999999999999 0.010319 0.017479000000000001 0.023465 0 0.028027 0.00073800000000000005 0.0025630000000000002 0.00097000000000000005 0.0032940000000000001 0.071048000000000014 0.019852999999999989 0.0081470000000000015 0 3
152 linear 4 0 3.2574700000000001 1.6562483057757691 1 59 3.1422560000000002 0.010434000000000001 0.081153000000000017 0.0037269999999999994 0.000959 0.0030639999999999999 0.010858 0.200074 0.26726699999999998 2.5366040000000001 0.055386000000000005 0.00097000000000000005 0.001967 0.0015280000000000001 0.0040720000000000001 0.037976999999999997 0.018332000000000001 0.0084100000000000043 0 0
152 linear 4 7 0.29852000000000001 1.6913676444046664 1 59 0.18820999999999999 0.0099240000000000005 0.080128999999999992 0.0033029999999999999 0.00085800000000000004 0.0046569999999999997 0.011839000000000001 0.027002999999999999 0.025697999999999999 0 0.027199999999999998 0.00092900000000000003 0.0017230000000000001 0.0012279999999999999 0.0037290000000000005 0.035083000000000003 0.020581999999999989 0.0076410000000000037 0 1
152 linear 4 15 0.272013 1.7267294090123453 1 59 0.177568 0.0085839999999999996 0.068174999999999986 0.0026969999999999997 0.00079799999999999999 0.0044000000000000003 0.010931 0.022785 0.024764999999999999 0 0.026828999999999999 0.00083100000000000003 0.001701 0.001155 0.00329 0.032703999999999997 0.015231999999999999 0.0069830000000000014 0 2
152 linear 4 23 0.25903700000000002 1.7549230062423522 1 59 0.16850899999999999 0.0083800000000000003 0.064662999999999998 0.002565 0.00074899999999999999 0.0029450000000000001 0.011044999999999999 0.021961000000000001 0.021961999999999999 0 0.027084 0.00082700000000000004 0.001684 0.0010970000000000001 0.0030970000000000004 0.028920999999999999 0.015611000000000003 0.0070199999999999993 0 3
152 uniform 0 0 17.587716 4.7355260840553166 1 82 17.343081999999999 0.011617000000000001 0.19929800000000006 0.0059960000000000005 0.0012719999999999999 0.0029220000000000001 0.011320999999999999 0.20320099999999999 0.26382800000000001 16.698164999999999 0.089561000000000002 3.4999999999999997e-05 0.0021879999999999998 0.0010430000000000001 0.0039519999999999998 0.13542500000000002 0.044146999999999978 0 0 0
152 uniform 0 7 0.32849800000000001 4.7111525355668551 1 73 0.166853 0.010048 0.12852400000000003 0.0035789999999999997 0.0010059999999999999 0.0047140000000000003 0.013011999999999999 0.0097699999999999992 0.014692 0 0.029683999999999999 0.00093000000000000005 0.0018830000000000001 0.00081300000000000003 0.0032959999999999995 0.085703000000000029 0.030515999999999995 0 0 1
152 uniform 0 15 0.33177200000000001 4.6426213761265096 1 80 0.16031999999999999 0.0097780000000000002 0.13740900000000006 0.0036030000000000003 0.0010020000000000001 0.0028909999999999999 0.01095 0.0090279999999999996 0.023328000000000002 0 0.027903000000000001 0.00083299999999999997 0.0017899999999999999 0.00079699999999999997 0.0030110000000000002 0.091518000000000002 0.029226999999999968 0 0 2
152 uniform 0 23 0.34699200000000002 4.5274950350753782 1 80 0.172878 0.010095 0.140046 0.003421 0.00091799999999999998 0.0027239999999999999 0.010592000000000001 0.023695000000000001 0.024042999999999998 0 0.027484999999999999 0.00080699999999999999 0.0017869999999999997 0.00069200000000000002 0.0030360000000000001 0.092905000000000015 0.033387000000000014 0 0 3
152 uniform 1 0 0.56998199999999999 1.0098266232298285 1 71 0.42497600000000002 0.0099810000000000003 0.112876 0.0032910000000000001 0.00071699999999999997 0.0031180000000000001 0.011356 0.19288 0.095375000000000001 0 0.027243 0.00084900000000000004 0.003215 0.001238 0.0041769999999999993 0.069991000000000012 0.032457000000000007 0 0 0
152 uniform 1 7 0.30616599999999999 1.0093509128606775 1 71 0.17344999999999999 0.0094769999999999993 0.10277399999999999 0.0027919999999999998 0.00060800000000000003 0.0029689999999999999 0.011370999999999999 0.019508000000000001 0.023168999999999999 0 0.025746999999999999 0.00080400000000000003 0.0031799999999999997 0.001323 0.0037880000000000006 0.069154999999999994 0.023671999999999992 0 0 1
152 uniform 1 15 0.28387099999999998 1.0088248735048584 1 71 0.16648099999999999 0.0092610000000000001 0.088137000000000007 0.0025469999999999998 0.00055800000000000001 0.002941 0.010678999999999999 0.015733 0.023845000000000002 0 0.026157 0.00077200000000000001 0.0030210000000000002 0.0011039999999999999 0.0035560000000000001 0.05276299999999999 0.025450999999999991 0 0 2
152 uniform 1 23 0.29082200000000002 1.008329826398656 1 71 0.168216 0.0090399999999999994 0.09191400000000001 0.002565 0.00062700000000000006 0.0027139999999999998 0.010264000000000001 0.019637000000000002 0.023515999999999999 0 0.026318999999999999 0.00079900000000000001 0.0028210000000000002 0.0010989999999999999 0.0034589999999999994 0.056842999999999984 0.025093999999999984 0 0 3
152 uniform 2 0 0.57884899999999995 1.0102279158577752 1 57 0.44311099999999998 0.0093460000000000001 0.10833500000000001 0.0024850000000000002 0.00060500000000000007 0.0027950000000000002 0.010999 0.19533600000000001 0.11783200000000001 0 0.027583 0.000794 0.0024589999999999998 0.0011800000000000001 0.0033399999999999997 0.081710999999999978 0.018070999999999997 0 0 0
152 uniform 2 7 0.29849100000000001 1.0097308252218462 1 57 0.16267799999999999 0.0088900000000000003 0.10923499999999996 0.0023439999999999997 0.00052700000000000002 0.0029239999999999999 0.01095 0.0087019999999999997 0.024501999999999999 0 0.028757999999999999 0.00077800000000000005 0.0022590000000000002 0.0010610000000000001 0.0031810000000000002 0.08273399999999996 0.017922999999999991 0 0 1
152 uniform 2 15 0.29162399999999999 1.0092283215932709 1 64 0.155198 0.0068339999999999998 0.11149900000000003 0.0023 0.00066799999999999997 0.002545 0.010826000000000001 0.011955 0.021921 0 0.028348000000000002 0.00079199999999999995 0.001005 0.001312 0.0029620000000000002 0.082396999999999998 0.019490999999999988 0 0 2
152 uniform 2 23 0.27520099999999997 1.00872432010803 1 57 0.15411900000000001 0.0064989999999999996 0.098286999999999999 0.0020999999999999999 0.00051400000000000003 0.0027100000000000002 0.010598 0.013638000000000001 0.021982999999999999 0 0.027951 0.00082799999999999996 0.001059 0.001073 0.0028140000000000001 0.073078000000000004 0.016627000000000003 0 0 3
152 uniform 3 0 0.56201000000000001 1.0045724517567907 1 57 0.44978400000000002 0.0096290000000000004 0.085284000000000013 0.0024820000000000003 0.00063000000000000003 0.002826 0.010684000000000001 0.195266 0.12540599999999999 0 0.027733000000000001 0.00086399999999999997 0.002513 0.001114 0.0032889999999999998 0.058168999999999985 0.018570000000000003 0 0 0
152 uniform 3 7 0.27460200000000001 1.0043676440983733 1 57 0.1595 0.0088629999999999994 0.089299000000000031 0.0021350000000000002 0.00054600000000000004 0.0026440000000000001 0.01057 0.01125 0.021163000000000001 0 0.027973999999999999 0.000834 0.0025700000000000002 0.001073 0.0033089999999999999 0.063877000000000017 0.016880000000000003 0 0 1
152 uniform 3 15 0.271123 1.0041514916890812 1 57 0.16406799999999999 0.0086929999999999993 0.081670999999999994 0.0020790000000000001 0.00047199999999999998 0.0024889999999999999 0.010560999999999999 0.017690000000000001 0.020853 0 0.027504000000000001 0.00079199999999999995 0.0025560000000000001 0.00092100000000000005 0.0032209999999999999 0.055498000000000006 0.017624999999999991 0 0 2
152 uniform 3 23 0.27211200000000002 1.0039513191066323 1 50 0.163801 0.0088079999999999999 0.084514999999999993 0.0018529999999999998 0.000486 0.0024459999999999998 0.010059999999999999 0.017250000000000001 0.021590999999999999 0 0.02777 0.00079199999999999995 0.0025819999999999997 0.00092800000000000001 0.0032179999999999995 0.061639000000000006 0.015348000000000001 0 0 3
152 uniform 4 0 3.2667440000000001 1.6622301040468301 1 51 3.1792470000000002 0.010477999999999999 0.058373000000000015 0.002771 0.00080900000000000004 0.0031029999999999999 0.010773 0.201853 0.26234400000000002 2.577645 0.057342999999999998 0.00093899999999999995 0.002 0.001495 0.0040759999999999998 0.031927999999999998 0.016804999999999997 0 0 0
152 uniform 4 7 0.27730300000000002 1.6979154767907494 1 51 0.191192 0.0099590000000000008 0.058591999999999991 0.0022349999999999996 0.00063100000000000005 0.0045779999999999996 0.011322 0.027106000000000002 0.025930000000000002 0 0.027323 0.00092900000000000003 0.0018779999999999999 0.0013209999999999999 0.0036170000000000004 0.032302000000000004 0.015819 0 0 1
152 uniform 4 15 0.26391799999999999 1.7338795858410934 1 51 0.17852899999999999 0.0097820000000000008 0.057025999999999993 0.0021690000000000004 0.00060099999999999997 0.0043889999999999997 0.011061 0.022755999999999998 0.024511999999999999 0 0.027118 0.00088400000000000002 0.001719 0.001212 0.0035759999999999993 0.032502000000000003 0.014725999999999998 0 0 2
152 uniform 4 23 0.27309099999999997 1.7625778050064569 1 59 0.17524000000000001 0.0095510000000000005 0.068421999999999983 0.0026829999999999996 0.00076400000000000003 0.0041460000000000004 0.010888 0.023387000000000002 0.024420000000000001 0 0.026877999999999999 0.00087000000000000001 0.001761 0.0011169999999999999 0.0034889999999999995 0.034049999999999997 0.017580999999999996 0 0 3
153 linear 0 0 0.86931400000000003 276.33679274191496 1 140 0.528165 0.013179 0.28360500000000011 0.0080520000000000001 0.002183 0.0042909999999999997 0.010998000000000001 0.14028599999999999 0.022416999999999999 0 0.027060000000000001 0.00084099999999999995 0.22698899999999997 0.0012229999999999999 0.003803 0.13249800000000003 0.056953999999999991 0.023957999999999997 0 0
153 linear 0 7 0.86658999999999997 280.28687933195584 1 140 0.388876 0.012924 0.42286200000000002 0.0074499999999999992 0.0018259999999999997 0.0029910000000000002 0.011279000000000001 0.027314999999999999 0.024535000000000001 0 0.027678999999999999 0.00084800000000000001 0.20096 0.0011509999999999999 0.0038050000000000002 0.26909399999999989 0.056111000000000029 0.023075000000000005 0 1
153 linear 0 15 0.76017100000000004 279.7161849314536 1 133 0.29006999999999999 0.012718 0.41542599999999991 0.0070860000000000012 0.0018389999999999999 0.0031089999999999998 0.010991000000000001 0.021958999999999999 0.021649000000000002 0 0.027039000000000001 0.00085599999999999999 0.114522 0.001011 0.0034690000000000003 0.27072599999999997 0.052638000000000018 0.022199999999999994 0 2
153 linear 0 23 0.87645499999999998 273.85226111024087 1 133 0.38325599999999999 0.015410999999999999 0.43619299999999994 0.0071270000000000005 0.0017100000000000001 0.0027759999999999998 0.010617 0.021838 0.023324999999999999 0 0.026027999999999999 0.00085300000000000003 0.20724600000000001 0.0010480000000000001 0.0035850000000000001 0.29263999999999996 0.051854000000000011 0.022237999999999987 0 3
153 linear 1 0 0.475879 2.5567821736435206 1 83 0.33222000000000002 0.011492 0.10074899999999998 0.0054190000000000002 0.0013669999999999999 0.0031099999999999999 0.011106 0.172764 0.023729 0 0.026731999999999999 0.00086499999999999999 0.0022260000000000001 0.001067 0.0036910000000000003 0.042900999999999981 0.029787000000000001 0.0098320000000000022 0 0
153 linear 1 7 0.37620300000000001 2.7642098655896641 1 83 0.200235 0.011091 0.13396100000000002 0.0051570000000000001 0.0013450000000000001 0.0029480000000000001 0.01044 0.046379999999999998 0.022988999999999999 0 0.026641000000000001 0.00086200000000000003 0.0021329999999999999 0.0010139999999999999 0.0035090000000000004 0.078834999999999988 0.027158999999999999 0.0098649999999999953 0 1
153 linear 1 15 0.38377899999999998 3.002639349916453 1 90 0.195628 0.011270000000000001 0.14437699999999998 0.0050170000000000006 0.001359 0.0026740000000000002 0.010102 0.043970000000000002 0.023470000000000001 0 0.026162000000000001 0.00079199999999999995 0.0021589999999999999 0.00092000000000000003 0.0034449999999999997 0.08304899999999997 0.031189000000000008 0.010676000000000005 0 2
153 linear 1 23 0.38358399999999998 3.2407449055830426 1 90 0.19466900000000001 0.011219 0.14522099999999999 0.005313 0.0012949999999999999 0.0027160000000000001 0.0093489999999999997 0.045201999999999999 0.023488999999999999 0 0.025843999999999999 0.00081700000000000002 0.0020829999999999998 0.00096599999999999995 0.003326 0.082383999999999985 0.030591999999999987 0.010674000000000001 0 3
153 linear 2 0 0.80819799999999997 156.91155479346759 1 133 0.461731 0.015868 0.28731600000000002 0.0076880000000000004 0.0020890000000000001 0.0028670000000000002 0.011228999999999999 0.113603 0.024181999999999999 0 0.028275999999999999 0.000919 0.17968699999999999 0.00057899999999999998 0.0038369999999999993 0.13601900000000003 0.055691000000000004 0.022374000000000005 0 0
153 linear 2 7 0.76648000000000005 129.0430037113278 1 111 0.403063 0.015164 0.30652600000000008 0.0068040000000000002 0.0016330000000000001 0.002859 0.0109 0.010918000000000001 0.023349000000000002 0 0.028185000000000002 0.00092800000000000001 0.22685499999999997 0.00063900000000000003 0.0038070000000000005 0.17994499999999991 0.045250999999999986 0.017907999999999997 0 1
153 linear 2 15 0.69761200000000001 109.30852055883055 1 119 0.31018899999999999 0.015291000000000001 0.32745200000000002 0.0075089999999999992 0.0016769999999999997 0.0027360000000000002 0.011317000000000001 0.0094240000000000001 0.021392999999999999 0 0.027619000000000001 0.000959 0.13718700000000003 0.00060300000000000002 0.0038209999999999997 0.19390399999999999 0.049425999999999998 0.018922999999999995 0 2
153 linear 2 23 0.76220600000000005 96.794084479305511 1 118 0.38756499999999999 0.015335 0.31305200000000005 0.0069390000000000007 0.0017800000000000001 0.0027899999999999999 0.011075 0.016149 0.021486999999999999 0 0.028469000000000001 0.00095299999999999996 0.20918099999999998 0.00055999999999999995 0.0037399999999999998 0.18166199999999988 0.048093000000000011 0.018821999999999992 0 3
153 linear 3 0 0.52306399999999997 3.7044367100474709 1 107 0.33315800000000001 0.014255 0.13292700000000002 0.0072459999999999998 0.0013760000000000003 0.0030230000000000001 0.011716000000000001 0.16675100000000001 0.021641000000000001 0 0.027404000000000001 0.00087299999999999997 0.0045750000000000001 0.00069999999999999999 0.0036479999999999998 0.059090000000000011 0.037857000000000009 0.012743999999999997 0 0
153 linear 3 7 0.44289800000000001 3.7445929077074984 1 107 0.20507800000000001 0.013436999999999999 0.18044199999999996 0.00643 0.0012340000000000001 0.0028240000000000001 0.010576 0.045344000000000002 0.020652 0 0.026432000000000001 0.00084599999999999996 0.0045900000000000003 0.00068300000000000001 0.0035459999999999997 0.10617200000000004 0.038288999999999997 0.012740000000000001 0 1
153 linear 3 15 0.437865 3.7970887614124083 1 107 0.198213 0.013276 0.18510500000000002 0.0062830000000000004 0.0012329999999999999 0.0025360000000000001 0.009776 0.043084999999999998 0.020743999999999999 0 0.026214000000000001 0.00077200000000000001 0.004359 0.00065799999999999995 0.0034270000000000004 0.11277399999999996 0.036141000000000013 0.012685999999999996 0 2
153 linear 3 23 0.43285600000000002 3.858102729978079 1 107 0.19452800000000001 0.013143 0.18378000000000014 0.006404 0.0013510000000000002 0.0025409999999999999 0.0098239999999999994 0.039743000000000001 0.020441999999999998 0 0.026662000000000002 0.00080400000000000003 0.0044290000000000006 0.00069499999999999998 0.0033650000000000004 0.10451099999999998 0.040273999999999976 0.015619000000000004 0 3
153 linear 4 0 0.48902899999999999 55.354157550645944 1 59 0.35610999999999998 0.010153000000000001 0.100869 0.0036849999999999999 0.00093300000000000002 0.0028739999999999998 0.011039 0.117856 0.022043 0 0.027171000000000001 0.00077999999999999999 0.088075000000000001 0.001276 0.0034359999999999994 0.057210000000000011 0.019890000000000012 0.0087850000000000029 0 0
153 linear 4 7 0.72904000000000002 56.451181240139704 1 59 0.37318600000000002 0.011287999999999999 0.32191100000000011 0.0035980000000000001 0.00090299999999999994 0.00299 0.011207 0.015644999999999999 0.021770000000000001 0 0.026669000000000002 0.00096500000000000004 0.20981999999999998 0.0012160000000000001 0.003556999999999999 0.26000399999999996 0.029148000000000028 0.009805999999999997 0 1
153 linear 4 15 0.57432099999999997 57.706965253819959 1 44 0.35635699999999998 0.011110999999999999 0.1882900000000001 0.0028759999999999997 0.00063999999999999994 0.0028939999999999999 0.011246000000000001 0.025884000000000001 0.024066000000000001 0 0.026988000000000002 0.00083600000000000005 0.18178499999999997 0.0011789999999999999 0.0034459999999999998 0.15240000000000001 0.016603999999999994 0.0072149999999999957 0 2
153 linear 4 23 0.61600999999999995 58.965803459727177 1 51 0.36787500000000001 0.010992 0.21712200000000006 0.003075 0.00063100000000000005 0.0024510000000000001 0.011115 0.023948000000000001 0.027144000000000001 0 0.026258 0.00075000000000000002 0.19640200000000002 0.0011590000000000001 0.0034529999999999999 0.17556100000000005 0.019311999999999992 0.0081039999999999949 0 3
153 uniform 0 0 0.78253700000000004 271.96865836934489 1 132 0.52640100000000001 0.01336 0.20238000000000009 0.0065430000000000011 0.0018489999999999999 0.0024650000000000002 0.010114 0.13907700000000001 0.022328000000000001 0 0.026734999999999998 0.00083000000000000001 0.22916699999999998 0.001235 0.0037779999999999997 0.12746700000000002 0.052548999999999985 0 0 0
153 uniform 0 7 0.79113500000000003 274.310184182824 1 140 0.38460100000000003 0.012729000000000001 0.35214099999999976 0.0067689999999999998 0.0017259999999999999 0.0027560000000000002 0.010730999999999999 0.027178999999999998 0.022075000000000001 0 0.027463999999999999 0.00086300000000000005 0.20086699999999996 0.0010790000000000001 0.0036819999999999999 0.27242500000000008 0.056146000000000008 0 0 1
153 uniform 0 15 0.68775699999999995 272.93220736567258 1 133 0.28759299999999999 0.012789999999999999 0.34623000000000004 0.0063929999999999994 0.0017159999999999999 0.002666 0.010987 0.022005 0.021842 0 0.027198 0.00084400000000000002 0.11180599999999999 0.00087799999999999998 0.0035259999999999996 0.2704379999999999 0.052795000000000002 0 0 2
153 uniform 0 23 0.804921 267.32270675650557 1 133 0.38549099999999997 0.012145 0.36650199999999999 0.0062140000000000008 0.0016419999999999998 0.0025699999999999998 0.010704 0.021766000000000001 0.021361000000000002 0 0.026116 0.00081099999999999998 0.20763000000000001 0.00099299999999999996 0.0034029999999999998 0.29188500000000006 0.051922999999999976 0 0 3
153 uniform 1 0 0.43867200000000001 2.7115944984309395 1 67 0.33428099999999999 0.011671000000000001 0.06841699999999995 0.003725 0.00098499999999999998 0.003009 0.011050000000000001 0.17261399999999999 0.023803999999999999 0 0.026644999999999999 0.00080099999999999995 0.002232 0.0010740000000000001 0.0036099999999999995 0.034532 0.023829000000000003 0 0 0
153 uniform 1 7 0.332957 2.9185361614181491 1 67 0.20133599999999999 0.011304 0.096264999999999976 0.00332 0.0010379999999999999 0.0028909999999999999 0.010467000000000001 0.044829000000000001 0.023050000000000001 0 0.026773999999999999 0.00080999999999999996 0.0020769999999999994 0.0011169999999999999 0.0035869999999999999 0.064144000000000007 0.022082000000000011 0 0 1
153 uniform 1 15 0.33743699999999999 3.1490402258646641 1 74 0.19638600000000001 0.011271 0.10424600000000001 0.00332 0.001031 0.002823 0.010258 0.043839000000000003 0.022512000000000001 0 0.026464000000000001 0.00082100000000000001 0.0022269999999999998 0.00099700000000000006 0.0035149999999999999 0.067513000000000004 0.025688000000000006 0 0 2
153 uniform 1 23 0.33422499999999999 3.372912160056861 1 74 0.19751199999999999 0.010949 0.10043500000000001 0.0033820000000000005 0.00096400000000000001 0.002588 0.0093220000000000004 0.045137999999999998 0.023668999999999999 0 0.025864999999999999 0.000776 0.002081 0.0010349999999999999 0.0033100000000000004 0.064332999999999974 0.025066000000000012 0 0 3
153 uniform 2 0 0.73190900000000003 161.68344467224009 1 133 0.46013399999999999 0.015692000000000001 0.21286700000000014 0.0073619999999999988 0.001926 0.0028969999999999998 0.010822999999999999 0.11355999999999999 0.024330999999999998 0 0.027810999999999999 0.00096500000000000004 0.17982200000000004 0.00058200000000000005 0.0038940000000000003 0.13477500000000003 0.05559300000000001 0 0 0
153 uniform 2 7 0.71018599999999998 131.89186285200029 1 111 0.41050999999999999 0.015074000000000001 0.24326299999999995 0.0063350000000000004 0.0014840000000000001 0.0029260000000000002 0.010848 0.010932000000000001 0.023630000000000002 0 0.028094999999999998 0.00096699999999999998 0.22662899999999997 0.00058600000000000004 0.0041030000000000007 0.17927899999999999 0.04534599999999999 0 0 1
153 uniform 2 15 0.63738499999999998 110.459424651673 1 119 0.31106499999999998 0.015122 0.26758899999999997 0.0064850000000000003 0.001534 0.002892 0.01158 0.009417 0.022665000000000001 0 0.027487999999999999 0.00092000000000000003 0.13567399999999999 0.00065499999999999998 0.0037650000000000006 0.19352199999999989 0.054171999999999977 0 0 2
153 uniform 2 23 0.69063200000000002 97.486573327169609 1 118 0.38548900000000003 0.015138 0.24891099999999999 0.0062739999999999992 0.0013090000000000001 0.0027820000000000002 0.010695 0.015705 0.021409000000000001 0 0.027910000000000001 0.00093899999999999995 0.20946299999999998 0.00052400000000000005 0.0036950000000000004 0.18121699999999996 0.048095999999999993 0 0 3
153 uniform 3 0 0.46013700000000002 3.7102312466744549 1 75 0.33668300000000001 0.014069 0.080280000000000032 0.0040499999999999998 0.0012080000000000001 0.0030690000000000001 0.011514 0.16875799999999999 0.02128 0 0.027286999999999999 0.00085599999999999999 0.004614 0.00074100000000000001 0.0037819999999999998 0.042179999999999995 0.026744999999999988 0 0 0
153 uniform 3 7 0.35894599999999999 3.7512657949469497 1 75 0.20385800000000001 0.013398 0.11307600000000001 0.0038839999999999994 0.00095600000000000004 0.0028189999999999999 0.010351000000000001 0.045197000000000001 0.020902 0 0.026346000000000001 0.00076000000000000004 0.0045639999999999995 0.00070799999999999997 0.0035319999999999995 0.075332999999999997 0.026467999999999998 0 0 1
153 uniform 3 15 0.36384 3.8050513180640451 1 75 0.20313200000000001 0.013353 0.11914800000000002 0.0038829999999999997 0.00099299999999999996 0.002447 0.0098440000000000003 0.043341999999999999 0.020905 0 0.026137000000000001 0.00078600000000000002 0.0043710000000000008 0.00072199999999999999 0.0034619999999999998 0.083040000000000003 0.024782999999999979 0 0 2
153 uniform 3 23 0.356632 3.8677918904160564 1 75 0.193631 0.013053 0.12184399999999998 0.0038300000000000001 0.00094700000000000003 0.0023449999999999999 0.0092399999999999999 0.039513 0.020504000000000001 0 0.026429000000000001 0.00073300000000000004 0.0044309999999999992 0.00067199999999999996 0.0034230000000000003 0.082869000000000012 0.027734000000000009 0 0 3
153 uniform 4 0 0.47644399999999998 55.445170408320784 1 59 0.35549199999999997 0.01025 0.089181000000000024 0.0032929999999999999 0.00091699999999999995 0.0028869999999999998 0.011023 0.11773599999999999 0.022238000000000001 0 0.027337 0.00082299999999999995 0.087985999999999995 0.0013439999999999999 0.0034250000000000001 0.059628 0.019945999999999995 0 0 0
153 uniform 4 7 0.652061 56.552965858835051 1 59 0.37412699999999999 0.0098809999999999992 0.24668399999999999 0.0030959999999999998 0.00082399999999999997 0.0026419999999999998 0.010713 0.015739 0.021642000000000002 0 0.027359999999999999 0.00095799999999999998 0.210093 0.0012130000000000001 0.0032690000000000002 0.21685499999999996 0.020212000000000015 0 0 1
153 uniform 4 15 0.55110199999999998 57.823548047308165 1 44 0.35238900000000001 0.0097149999999999997 0.17192000000000002 0.00233 0.00055800000000000001 0.0025400000000000002 0.010128 0.024493000000000001 0.021069000000000001 0 0.027168999999999999 0.00087000000000000001 0.183475 0.0011559999999999999 0.0031469999999999996 0.14816700000000002 0.016093 0 0 2
153 uniform 4 23 0.59242799999999995 59.100703100044747 1 51 0.35946800000000001 0.011049 0.203485 0.0025010000000000002 0.00060400000000000004 0.0024629999999999999 0.0097070000000000004 0.022383 0.021257999999999999 0 0.026727000000000001 0.00077999999999999999 0.19587399999999999 0.001142 0.0033800000000000002 0.17555799999999999 0.019255000000000012 0 0 3
154 linear 0 0 0.51352699999999996 1394.7068374292483 1 67 0.334337 0.014903 0.13998099999999997 0.0040260000000000001 0.0012449999999999998 0.0028839999999999998 0.011863 0.176119 0.025336000000000001 0 0.026550000000000001 0.00090499999999999999 0.00082399999999999986 0.001031 0.003764 0.073427999999999993 0.021552999999999996 0.0067359999999999955 0 0
154 linear 0 7 0.50370599999999999 1381.5298814802763 1 67 0.20397999999999999 0.014189999999999999 0.26177300000000003 0.0037100000000000002 0.00098700000000000003 0.002715 0.011198 0.051596999999999997 0.024629999999999999 0 0.025689 0.00082600000000000002 0.00079200000000000006 0.001 0.0037289999999999997 0.19563000000000003 0.021179000000000014 0.0067209999999999978 0 1
154 linear 0 15 0.49351699999999998 1337.2491838379271 1 67 0.20096 0.013028 0.255303 0.0039489999999999994 0.001013 0.002464 0.0095849999999999998 0.049646000000000003 0.024886999999999999 0 0.026814999999999999 0.00080099999999999995 0.0007890000000000001 0.0010200000000000001 0.0034670000000000005 0.19041299999999994 0.021267000000000005 0.0065560000000000011 0 2
154 linear 0 23 0.49980400000000003 1265.529992627859 1 67 0.19201199999999999 0.012459 0.27224999999999999 0.0034220000000000001 0.00086499999999999988 0.002317 0.0092610000000000001 0.048537999999999998 0.021586999999999999 0 0.025892999999999999 0.00078100000000000001 0.00078300000000000006 0.00089099999999999997 0.0032840000000000005 0.20821400000000015 0.020646000000000001 0.0065570000000000021 0 3
154 linear 1 0 0.53800499999999996 2085.1883778158704 1 59 0.37621399999999999 0.012463 0.129436 0.0030709999999999999 0.00074899999999999999 0.0023800000000000002 0.0093189999999999992 0.18699199999999999 0.032632000000000001 0 0.026075999999999998 0.00080099999999999995 0.030453000000000001 0.001062 0.0033350000000000012 0.076522999999999994 0.018398999999999999 0.0061020000000000015 0 0
154 linear 1 7 0.48521900000000001 2072.5487740602889 1 59 0.223773 0.012225 0.22912799999999997 0.0029799999999999996 0.00070799999999999986 0.002248 0.0091070000000000005 0.051107 0.031808999999999997 0 0.025484 0.00075900000000000002 0.018905000000000002 0.00089599999999999999 0.003307 0.17588500000000001 0.018519000000000011 0.0060630000000000015 0 1
154 linear 1 15 0.477238 2029.1513981078406 1 59 0.23469899999999999 0.011807 0.21127499999999994 0.0027920000000000002 0.00071400000000000001 0.002235 0.009044 0.052585 0.020993999999999999 0 0.02494 0.00074899999999999999 0.042094000000000006 0.00094399999999999996 0.0031999999999999997 0.15813100000000002 0.018869000000000011 0.0060550000000000014 0 2
154 linear 1 23 0.50577899999999998 1957.9331261206482 1 59 0.25896400000000003 0.012267 0.21516400000000008 0.0026870000000000002 0.00070999999999999991 0.0022420000000000001 0.0087390000000000002 0.051077999999999998 0.031274999999999997 0 0.024638 0.00072999999999999996 0.057586999999999999 0.00093899999999999995 0.003189 0.16176199999999991 0.019146999999999994 0.0060530000000000011 0 3
154 linear 2 0 1.0181899999999999 2679.0529794609024 1 120 0.65361000000000002 0.013398999999999999 0.30900299999999997 0.0081309999999999993 0.001668 0.0022469999999999999 0.0094789999999999996 0.186198 0.118465 0 0.02572 0.00085499999999999997 0.21883399999999997 0.0011709999999999999 0.0037560000000000007 0.15637999999999996 0.071184000000000025 0.018963000000000008 0 0
154 linear 2 7 0.99384499999999998 2690.3132188539039 1 120 0.47661999999999999 0.013029000000000001 0.46314399999999989 0.0070670000000000004 0.0014689999999999998 0.0027659999999999998 0.010609 0.051131999999999997 0.097679000000000002 0 0.025804000000000001 0.00083600000000000005 0.19937099999999999 0.0011410000000000001 0.0035989999999999998 0.31311099999999986 0.069249000000000116 0.018989000000000002 0 1
154 linear 2 15 0.99856599999999995 2686.7108789785816 1 120 0.482684 0.012673 0.46326099999999998 0.0066389999999999999 0.0014790000000000001 0.002503 0.0095090000000000001 0.051110999999999997 0.106714 0 0.025760999999999999 0.00077800000000000005 0.19916200000000001 0.0011590000000000001 0.0034979999999999998 0.310504 0.067264000000000046 0.018483000000000003 0 2
154 linear 2 23 0.93146600000000002 2674.4289017940596 1 104 0.48861700000000002 0.012374 0.39750499999999994 0.0052460000000000015 0.001268 0.002444 0.0094820000000000008 0.050978000000000002 0.116366 0 0.025169 0.000754 0.19948900000000003 0.00095600000000000004 0.0034320000000000006 0.25777100000000008 0.060424000000000012 0.016540000000000003 0 3
154 linear 3 0 0.46266299999999999 47.526425021173822 1 53 0.32302599999999998 0.009476 0.10717699999999998 0.0041450000000000002 0.00073799999999999994 0.0024710000000000001 0.010626999999999999 0.17363200000000001 0.021829000000000001 0 0.026502999999999999 0.00085499999999999997 0.00060700000000000001 0.001307 0.0033980000000000004 0.050941 0.017421999999999993 0.004902000000000001 0 0
154 linear 3 7 0.42381999999999997 47.521492631135025 1 53 0.18504100000000001 0.0088909999999999996 0.20801600000000003 0.0034039999999999999 0.00062699999999999995 0.002728 0.010008 0.043880000000000002 0.021208000000000001 0 0.026203000000000001 0.00086700000000000004 0.00062799999999999998 0.001155 0.0031380000000000002 0.15256600000000001 0.016892000000000001 0.0048770000000000011 0 1
154 linear 3 15 0.406005 47.515870207043172 1 53 0.18043400000000001 0.009018 0.19531599999999999 0.0032240000000000003 0.00061200000000000002 0.0024239999999999999 0.0091369999999999993 0.040467999999999997 0.021062999999999998 0 0.025679 0.00081700000000000002 0.00060899999999999995 0.0010449999999999999 0.0031179999999999997 0.13918900000000003 0.017233999999999992 0.0048600000000000015 0 2
154 linear 3 23 0.40863500000000003 47.510263303651477 1 53 0.177838 0.0086779999999999999 0.20118400000000003 0.0029989999999999999 0.00060000000000000006 0.00232 0.0091489999999999991 0.044018000000000002 0.020945999999999999 0 0.025242000000000001 0.00078799999999999996 0.00060999999999999997 0.00097000000000000005 0.0030469999999999998 0.14580899999999999 0.016659999999999994 0.0048669999999999989 0 3
154 linear 4 0 0.62728899999999999 1.9375679520943807 1 61 0.47786800000000001 0.0084410000000000006 0.11683799999999998 0.0036200000000000008 0.00098900000000000008 0.0028869999999999998 0.011297 0.17113900000000001 0.042695999999999998 0 0.025647 0.000843 0.13635 0.001194 0.0031280000000000001 0.065516999999999992 0.022896999999999987 0.0067990000000000021 0 0
154 linear 4 7 0.57385900000000001 1.937920321686748 1 61 0.32245699999999999 0.0083510000000000008 0.21781900000000004 0.0042490000000000002 0.00085800000000000004 0.0027309999999999999 0.010470999999999999 0.040918000000000003 0.031413000000000003 0 0.025094999999999999 0.00085499999999999997 0.130464 0.001152 0.0029779999999999997 0.16618300000000003 0.023549999999999991 0.0067710000000000001 0 1
154 linear 4 15 0.45691300000000001 1.9383238322271308 1 61 0.19705900000000001 0.0082150000000000001 0.22705199999999998 0.0036970000000000002 0.00082200000000000003 0.002892 0.0097370000000000009 0.049077999999999997 0.030973000000000001 0 0.025055999999999998 0.00071100000000000004 0.0024450000000000001 0.0010529999999999999 0.0029639999999999996 0.17548100000000005 0.023471999999999996 0.006767000000000003 0 2
154 linear 4 23 0.45585500000000001 1.9387282015591489 1 61 0.19932800000000001 0.0079780000000000007 0.22416999999999992 0.0035120000000000004 0.000834 0.0025409999999999999 0.0091940000000000008 0.044394000000000003 0.041103000000000001 0 0.024865000000000002 0.000727 0.0025389999999999996 0.001065 0.0029399999999999999 0.17337800000000006 0.022758999999999991 0.0067580000000000019 0 3
154 uniform 0 0 0.47134500000000001 1366.342905400561 1 67 0.32996799999999998 0.013584000000000001 0.10396300000000001 0.0037179999999999995 0.0011349999999999999 0.0028050000000000002 0.010728 0.17621200000000001 0.02172 0 0.026169999999999999 0.00088099999999999995 0.00080900000000000004 0.001109 0.0035150000000000008 0.072540999999999994 0.021054999999999987 0 0 0
154 uniform 0 7 0.47336099999999998 1341.4569172778604 1 67 0.20897099999999999 0.014064 0.22660300000000005 0.0035820000000000001 0.00086399999999999997 0.0027590000000000002 0.011554999999999999 0.051811000000000003 0.024743999999999999 0 0.026270000000000002 0.000825 0.0007719999999999999 0.001057 0.0037550000000000001 0.19520400000000004 0.021037 0 0 1
154 uniform 0 15 0.46784100000000001 1291.1303074319101 1 67 0.20522499999999999 0.013073 0.22663900000000001 0.0031680000000000002 0.000919 0.002751 0.011108 0.050737999999999998 0.023434 0 0.027451 0.00077899999999999996 0.00078100000000000001 0.00090799999999999995 0.003594 0.19470200000000001 0.021653000000000009 0 0 2
154 uniform 0 23 0.477406 1220.8957188390464 1 67 0.19876099999999999 0.012895 0.24305800000000005 0.0030139999999999998 0.00081200000000000011 0.002457 0.0093819999999999997 0.050037999999999999 0.024341999999999999 0 0.027241000000000001 0.00076000000000000004 0.00081399999999999994 0.000959 0.0036679999999999998 0.21203800000000009 0.020896999999999989 0 0 3
154 uniform 1 0 0.508969 2042.8755138426945 1 59 0.37410300000000002 0.012304000000000001 0.10344799999999998 0.0026610000000000002 0.00075799999999999999 0.0023449999999999999 0.0092910000000000006 0.18532699999999999 0.032447999999999998 0 0.026138000000000002 0.00081700000000000002 0.030398999999999999 0.001 0.0033209999999999997 0.076233999999999982 0.018333999999999996 0 0 0
154 uniform 1 7 0.457868 2015.6299714710892 1 59 0.22304599999999999 0.012036 0.20343599999999995 0.0025629999999999997 0.00067100000000000005 0.002434 0.0090699999999999999 0.051063999999999998 0.031802999999999998 0 0.025405 0.00076000000000000004 0.018846999999999999 0.00094399999999999996 0.0033210000000000002 0.17606800000000003 0.018456000000000011 0 0 1
154 uniform 1 15 0.45452199999999998 1962.641671739917 1 59 0.23805299999999999 0.011795999999999999 0.18542099999999995 0.0026120000000000002 0.00067599999999999995 0.00232 0.0089940000000000003 0.050923999999999997 0.020933 0 0.025172 0.00081499999999999997 0.046731000000000002 0.00082299999999999995 0.003202 0.15772899999999998 0.018849000000000005 0 0 2
154 uniform 1 23 0.48009200000000002 1889.3194981057568 1 59 0.25950600000000001 0.012208999999999999 0.18943500000000005 0.0024840000000000001 0.00068000000000000005 0.0021840000000000002 0.0088959999999999994 0.051006999999999997 0.031475999999999997 0 0.024760000000000001 0.00072199999999999999 0.057676999999999999 0.00087600000000000004 0.0031599999999999996 0.16155999999999998 0.019034000000000006 0 0 3
154 uniform 2 0 0.92477200000000004 2950.2965134741889 1 104 0.651003 0.013337 0.22559200000000004 0.0062920000000000007 0.0013470000000000001 0.002343 0.0094769999999999993 0.18321499999999999 0.120018 0 0.025579000000000001 0.00077999999999999999 0.21917500000000004 0.0010399999999999999 0.003705 0.14378900000000008 0.063921000000000019 0 0 0
154 uniform 2 7 0.85863999999999996 2969.0087136716447 1 104 0.47750700000000001 0.012696000000000001 0.3352509999999998 0.0053010000000000002 0.0011839999999999999 0.0026250000000000002 0.010612 0.051309 0.097068000000000002 0 0.025170000000000001 0.00078299999999999995 0.20302900000000002 0.0011119999999999999 0.0035360000000000001 0.25327500000000014 0.063913999999999999 0 0 1
154 uniform 2 15 0.87148700000000001 2963.6411700392887 1 104 0.48328300000000002 0.012652999999999999 0.34240700000000002 0.0053420000000000004 0.00115 0.00249 0.0099089999999999994 0.051274 0.10634399999999999 0 0.025669000000000001 0.00074700000000000005 0.20141000000000003 0.0010740000000000001 0.003424 0.26252400000000009 0.061963999999999957 0 0 2
154 uniform 2 23 0.87054900000000002 2944.2931384958461 1 104 0.48758699999999999 0.012529 0.33790799999999993 0.0052139999999999999 0.0011050000000000001 0.0023479999999999998 0.0094879999999999999 0.050984000000000002 0.116796 0 0.024641 0.000727 0.19926000000000002 0.001034 0.0033569999999999997 0.25772400000000001 0.062077000000000007 0 0 3
154 uniform 3 0 0.393843 47.526469464223801 1 37 0.31809799999999999 0.0094619999999999999 0.051611999999999991 0.001934 0.00057900000000000009 0.0024810000000000001 0.010211 0.17198099999999999 0.023441 0 0.026442 0.00083600000000000005 0.00059500000000000004 0.001212 0.0032409999999999995 0.034257999999999997 0.011761000000000002 0 0 0
154 uniform 3 7 0.34617399999999998 47.521536981117549 1 37 0.18950500000000001 0.0088090000000000009 0.13297100000000003 0.001828 0.00054100000000000003 0.0024949999999999998 0.0098480000000000009 0.044159999999999998 0.022890000000000001 0 0.026459 0.00082399999999999997 0.00061200000000000002 0.0010950000000000001 0.0032819999999999989 0.11559199999999997 0.011770999999999997 0 0 1
154 uniform 3 15 0.324403 47.515914451027811 1 37 0.18202199999999999 0.0089639999999999997 0.11875899999999999 0.0019 0.000484 0.0024190000000000001 0.0093460000000000001 0.040524999999999999 0.023375 0 0.026273999999999999 0.00086399999999999997 0.00063600000000000006 0.0011050000000000001 0.0031209999999999996 0.101247 0.011907999999999998 0 0 2
154 uniform 3 23 0.32717299999999999 47.5103074419699 1 37 0.179954 0.0086400000000000001 0.12427200000000002 0.001781 0.00047599999999999997 0.0022290000000000001 0.0087899999999999992 0.043979999999999998 0.023042 0 0.025420000000000002 0.00080199999999999998 0.00060399999999999994 0.0010460000000000001 0.0030839999999999999 0.10729999999999998 0.011348000000000006 0 0 3
154 uniform 4 0 0.57793799999999995 1.9375685620738428 1 45 0.47734900000000002 0.0083649999999999992 0.074785000000000018 0.0022300000000000002 0.00072999999999999996 0.0028509999999999998 0.011228 0.17099200000000001 0.042574000000000001 0 0.029033 0.00085700000000000001 0.13616700000000001 0.0012210000000000001 0.0030750000000000005 0.050002999999999992 0.017971999999999995 0 0 0
154 uniform 4 7 0.50555300000000003 1.937920933549887 1 45 0.321774 0.0083999999999999995 0.15686700000000006 0.0025829999999999998 0.00065900000000000008 0.0026589999999999999 0.010255999999999999 0.040791000000000001 0.031363000000000002 0 0.025329999999999998 0.00078600000000000002 0.13055800000000001 0.0011310000000000001 0.0031199999999999999 0.131601 0.018420000000000006 0 0 1
154 uniform 4 15 0.387797 1.9383244462476454 1 45 0.195461 0.0081460000000000005 0.16653100000000004 0.0022440000000000003 0.00063400000000000001 0.0027920000000000002 0.010500000000000001 0.045565000000000001 0.030856000000000001 0 0.024875999999999999 0.00072599999999999997 0.0024810000000000001 0.0010679999999999999 0.0030119999999999999 0.14143800000000001 0.018266999999999985 0 0 2
154 uniform 4 23 0.39156000000000002 1.9387288177513431 1 45 0.200077 0.0080820000000000006 0.16588600000000006 0.0022620000000000001 0.00059900000000000003 0.0024989999999999999 0.0093659999999999993 0.044531000000000001 0.041133000000000003 0 0.024947 0.00066 0.002526 0.001132 0.0030099999999999997 0.141518 0.017575999999999998 0 0 3
155 linear 0 0 0.95213400000000004 8.7041700711269723 1 123 0.58748699999999998 0.017136999999999999 0.30665999999999999 0.0070080000000000003 0.0017090000000000002 0.003039 0.011178 0.19167999999999999 0.021183 0 0.026263000000000002 0.00088999999999999995 0.22950999999999999 0.000861 0.0049009999999999991 0.09789700000000004 0.04441500000000001 0.014177999999999998 0 0
155 linear 0 7 0.775528 9.2001164832833648 1 123 0.39524799999999999 0.016667000000000001 0.32361000000000012 0.0064839999999999993 0.001485 0.0030270000000000002 0.011223 0.024052 0.020923000000000001 0 0.024837000000000001 0.00086200000000000003 0.20316199999999998 0.000812 0.0048960000000000002 0.10965199999999997 0.04790800000000002 0.014210000000000002 0 1
155 linear 0 15 0.677176 9.8432563757454901 1 130 0.21110200000000001 0.019115 0.3983839999999999 0.0069489999999999986 0.0015579999999999999 0.0029949999999999998 0.011039 0.026443000000000001 0.020811 0 0.026209 0.00080099999999999995 0.013051 0.00055800000000000001 0.0047569999999999999 0.13326699999999997 0.068688000000000041 0.016914000000000005 0 2
155 linear 0 23 0.71870100000000003 10.591226216431631 1 102 0.393368 0.017422 0.27029400000000009 0.0071849999999999995 0.001542 0.0029399999999999999 0.011945000000000001 0.025366 0.024299000000000001 0 0.023983000000000001 0.00086300000000000005 0.19835800000000001 0.00076599999999999997 0.0058300000000000001 0.11761499999999997 0.049375999999999989 0.016649000000000001 0 3
155 linear 1 0 0.56428699999999998 33.450771225945822 1 73 0.35290899999999997 0.010755000000000001 0.17701999999999998 0.0037470000000000003 0.001119 0.0029640000000000001 0.012437 0.19179099999999999 0.025177999999999999 0 0.027522000000000001 0.00091600000000000004 0.0027759999999999998 0.00097000000000000005 0.0033060000000000003 0.081528000000000003 0.030974999999999961 0.012525999999999999 0 0
155 linear 1 7 0.56901299999999999 34.499337846286672 1 73 0.363873 0.0089619999999999995 0.17285200000000003 0.003735 0.00092199999999999997 0.0027899999999999999 0.010962 0.017654 0.022280999999999999 0 0.027578999999999999 0.00091799999999999998 0.19662499999999999 0.00081400000000000005 0.0030430000000000001 0.080974000000000018 0.028674999999999985 0.012268000000000008 0 1
155 linear 1 15 0.38632300000000003 35.107302779490624 1 73 0.17739099999999999 0.0091210000000000006 0.17595599999999992 0.0040799999999999994 0.00092900000000000003 0.0025490000000000001 0.015758999999999999 0.021465999999999999 0.021707000000000001 0 0.027175999999999999 0.00085999999999999998 0.0027929999999999999 0.00078700000000000005 0.003124 0.08213800000000003 0.030200999999999974 0.012421 0 2
155 linear 1 23 0.374946 35.103048502558948 1 73 0.16855899999999999 0.0088839999999999995 0.17459900000000003 0.0035959999999999998 0.00079600000000000005 0.0027820000000000002 0.010640999999999999 0.018293 0.021687000000000001 0 0.027362000000000001 0.00085300000000000003 0.0029160000000000002 0.00077899999999999996 0.0031289999999999998 0.083309000000000022 0.028226999999999992 0.012317000000000003 0 3
155 linear 2 0 0.77776299999999998 5.0520356907363828 1 118 0.47883199999999998 0.012496 0.24714999999999995 0.0077390000000000002 0.0015329999999999999 0.0029350000000000001 0.011417 0.177121 0.021774000000000002 0 0.029142000000000001 0.00091500000000000001 0.13883599999999999 0.001175 0.0040330000000000001 0.10612200000000005 0.052726000000000002 0.018106000000000004 0 0
155 linear 2 7 0.509907 5.2194372140056524 1 109 0.18677199999999999 0.010345 0.28063899999999997 0.0054339999999999996 0.0013200000000000002 0.002947 0.011291000000000001 0.022350999999999999 0.022221999999999999 0 0.026974999999999999 0.00099299999999999996 0.010781000000000001 0.0012620000000000001 0.0037430000000000007 0.12050600000000002 0.046460999999999968 0.017958000000000002 0 1
155 linear 2 15 0.629104 5.415083349684406 1 109 0.272005 0.0098809999999999992 0.31550000000000006 0.005174999999999999 0.001343 0.002823 0.010904 0.021477 0.021913999999999999 0 0.027193999999999999 0.00085599999999999999 0.099782999999999997 0.0012489999999999999 0.0037420000000000005 0.126914 0.045476999999999955 0.016368999999999991 0 2
155 linear 2 23 0.66562299999999996 5.6217770684900499 1 125 0.29748200000000002 0.0097900000000000001 0.32000800000000013 0.0066299999999999996 0.0015890000000000001 0.0027629999999999998 0.010919999999999999 0.021180000000000001 0.022901999999999999 0 0.026269000000000001 0.00089599999999999999 0.12501099999999998 0.0011640000000000001 0.0036679999999999998 0.12985700000000003 0.049592000000000032 0.017395000000000001 0 3
155 linear 3 0 0.637401 14.50733196842687 1 110 0.349107 0.015632 0.23295000000000007 0.0070699999999999982 0.0016589999999999999 0.002859 0.011089999999999999 0.17718600000000001 0.023559 0 0.028124 0.00091699999999999995 0.0025869999999999999 0.00065099999999999999 0.003901 0.10978599999999998 0.039746999999999977 0.015954999999999997 0 0
155 linear 3 7 0.57934799999999997 13.363708220297921 1 110 0.28815000000000002 0.014997 0.23762499999999998 0.006337999999999999 0.0014190000000000001 0.0029489999999999998 0.011309 0.021794999999999998 0.022662999999999999 0 0.02751 0.00093199999999999999 0.10100400000000001 0.00057499999999999999 0.00379 0.11863900000000002 0.039130999999999964 0.015904999999999996 0 1
155 linear 3 15 0.63172899999999998 12.250984296962125 1 110 0.31279400000000002 0.014314 0.26710099999999992 0.0061770000000000011 0.0013219999999999998 0.002715 0.010711999999999999 0.017610000000000001 0.022585000000000001 0 0.027865000000000001 0.00089700000000000001 0.133441 0.00046900000000000002 0.0036940000000000007 0.14163300000000004 0.041745999999999991 0.015960999999999999 0 2
155 linear 3 23 0.67139800000000005 11.30266025322822 1 160 0.28128900000000001 0.011735000000000001 0.3246440000000001 0.01189 0.0017929999999999997 0.002643 0.010428 0.021212000000000002 0.023827999999999998 0 0.027400999999999998 0.00094499999999999998 0.10255399999999999 0.00095 0.003441 0.17554199999999986 0.05198400000000003 0.020948999999999999 0 3
155 linear 4 0 0.442577 4.2481234679604087 1 60 0.33739000000000002 0.0088620000000000001 0.074174000000000004 0.0040010000000000002 0.00086499999999999999 0.0029810000000000001 0.011117999999999999 0.18398300000000001 0.023911000000000002 0 0.02673 0.000892 0.0018569999999999997 0.0012489999999999999 0.0030790000000000001 0.037841999999999987 0.015739999999999994 0.0071260000000000021 0 0
155 linear 4 7 0.30961 4.3501628753437522 1 76 0.172542 0.0084690000000000008 0.101498 0.0049699999999999996 0.00098299999999999993 0.0028579999999999999 0.010625000000000001 0.021222999999999999 0.021328 0 0.027158999999999999 0.00090700000000000004 0.0017689999999999997 0.0011349999999999999 0.0031770000000000001 0.056265000000000016 0.019611999999999987 0.0090290000000000023 0 1
155 linear 4 15 0.31456800000000001 4.4727576770136128 1 76 0.16917599999999999 0.0082509999999999997 0.11087600000000002 0.0046420000000000003 0.00083599999999999994 0.002673 0.010489 0.021054 0.021708999999999999 0 0.027781 0.00085499999999999997 0.001717 0.00099799999999999997 0.0029559999999999994 0.065349999999999991 0.019993999999999991 0.009020000000000002 0 2
155 linear 4 23 0.27434799999999998 4.6020216648143988 1 53 0.1651 0.0083110000000000007 0.079277 0.003437 0.00071100000000000004 0.002516 0.010101000000000001 0.020709000000000002 0.021333000000000001 0 0.027422999999999999 0.00079600000000000005 0.001738 0.00099599999999999992 0.0029799999999999991 0.047236 0.013951999999999994 0.0062950000000000029 0 3
155 uniform 0 0 0.80203400000000002 8.7113223077636484 1 123 0.58233500000000005 0.017059999999999999 0.162881 0.006143 0.001549 0.002892 0.010877 0.192246 0.021340999999999999 0 0.026218999999999999 0.000941 0.22558600000000001 0.00075600000000000005 0.0048139999999999997 0.098080000000000028 0.044505999999999997 0 0 0
155 uniform 0 7 0.62116300000000002 9.2137301301481571 1 123 0.39050600000000002 0.016386000000000001 0.17541800000000002 0.0055019999999999999 0.0014190000000000001 0.0029750000000000002 0.011013999999999999 0.023897000000000002 0.021063999999999999 0 0.024886999999999999 0.00088199999999999997 0.20011899999999999 0.00086700000000000004 0.0049620000000000003 0.10898100000000002 0.047672000000000006 0 0 1
155 uniform 0 15 0.49954700000000002 9.8644745042010999 1 130 0.213537 0.018992999999999999 0.22377200000000005 0.0062050000000000004 0.0016989999999999998 0.0028519999999999999 0.010933 0.026367999999999999 0.02068 0 0.025878000000000002 0.00079000000000000001 0.013036000000000001 0.00065499999999999998 0.004895 0.13356200000000004 0.06896300000000008 0 0 2
155 uniform 0 23 0.60019999999999996 10.616722021117994 1 102 0.38100899999999999 0.015708 0.17047200000000004 0.0046410000000000002 0.0012510000000000002 0.0027620000000000001 0.010630000000000001 0.024254999999999999 0.021502 0 0.023601 0.00076800000000000002 0.19722300000000001 0.000794 0.0042699999999999995 0.10749200000000002 0.045785999999999979 0 0 3
155 uniform 1 0 0.50511399999999995 33.00744956134389 1 73 0.34849599999999997 0.009221 0.12387300000000002 0.0038059999999999999 0.00094299999999999994 0.002751 0.010657 0.19232199999999999 0.022339000000000001 0 0.027219 0.00091 0.002797 0.0010200000000000001 0.0031700000000000001 0.081367000000000023 0.03009199999999998 0 0 0
155 uniform 1 7 0.526389 33.776931398250923 1 73 0.36479400000000001 0.010262 0.12797000000000003 0.0034370000000000004 0.00083799999999999999 0.0028530000000000001 0.010649 0.017236000000000001 0.022384999999999999 0 0.027453000000000002 0.00082700000000000004 0.19691999999999998 0.000812 0.0032300000000000002 0.084238999999999994 0.030416000000000002 0 0 1
155 uniform 1 15 0.34218300000000001 34.214729946591795 1 73 0.182341 0.010123 0.12691400000000003 0.0033059999999999999 0.00075199999999999996 0.0027420000000000001 0.011475000000000001 0.027369999999999998 0.024398 0 0.027033000000000001 0.00082399999999999997 0.0026159999999999998 0.00084000000000000003 0.0032600000000000003 0.083393999999999996 0.03063600000000001 0 0 2
155 uniform 1 23 0.33022400000000002 34.21070298699923 1 73 0.17175499999999999 0.0090670000000000004 0.12561699999999998 0.0031740000000000002 0.00073700000000000002 0.0026749999999999999 0.011617000000000001 0.019001000000000001 0.024279999999999999 0 0.026405999999999999 0.000776 0.0028539999999999998 0.00074200000000000004 0.0031129999999999999 0.084145999999999971 0.028732000000000004 0 0 3
155 uniform 2 0 0.69426600000000005 5.073762247366048 1 102 0.48702899999999999 0.012522 0.16339199999999995 0.0050200000000000002 0.0013880000000000003 0.0029889999999999999 0.012605999999999999 0.17838499999999999 0.025381000000000001 0 0.027198 0.00088800000000000001 0.14090800000000001 0.0011659999999999999 0.0040660000000000002 0.098755999999999955 0.048177999999999985 0 0 0
155 uniform 2 7 0.406138 5.2428494557927365 1 109 0.183944 0.010068000000000001 0.181197 0.0045929999999999999 0.0012999999999999999 0.0030249999999999999 0.010961 0.021736999999999999 0.021833999999999999 0 0.026244 0.00091500000000000001 0.01082 0.0012080000000000001 0.0036100000000000004 0.11706499999999992 0.046711000000000003 0 0 1
155 uniform 2 15 0.50190500000000005 5.4374402637692025 1 109 0.27185900000000002 0.0097029999999999998 0.18968399999999999 0.0044459999999999994 0.0012220000000000002 0.002836 0.010580000000000001 0.021354000000000001 0.021471000000000001 0 0.027095000000000001 0.00086300000000000005 0.10197199999999999 0.001256 0.0036510000000000002 0.12667600000000001 0.045493999999999965 0 0 2
155 uniform 2 23 0.51291200000000003 5.6431230733073008 1 109 0.29270400000000002 0.0096310000000000007 0.17993899999999999 0.0041200000000000004 0.0013130000000000001 0.0026450000000000002 0.010518 0.021033 0.021447999999999998 0 0.026762999999999999 0.00087000000000000001 0.12512899999999999 0.0011180000000000001 0.0037449999999999996 0.11713299999999993 0.045327999999999993 0 0 3
155 uniform 3 0 0.57115099999999996 14.595515520758154 1 110 0.350271 0.015355000000000001 0.16650800000000007 0.0064260000000000003 0.0014959999999999997 0.0029220000000000001 0.010626999999999999 0.180613 0.021656999999999999 0 0.028662 0.00089999999999999998 0.00264 0.00066500000000000001 0.003967 0.10935299999999998 0.039600000000000017 0 0 0
155 uniform 3 7 0.51249400000000001 13.428976530390177 1 110 0.28473999999999999 0.014983 0.17495999999999992 0.0058960000000000002 0.0013449999999999998 0.0029150000000000001 0.010900999999999999 0.021482000000000001 0.021274000000000001 0 0.027539000000000001 0.00089700000000000001 0.10101199999999999 0.00062699999999999995 0.0038599999999999997 0.11799299999999996 0.039233000000000011 0 0 1
155 uniform 3 15 0.58012300000000006 12.298495447740677 1 126 0.31661400000000001 0.014468999999999999 0.20707399999999984 0.0067420000000000006 0.001413 0.0025140000000000002 0.010371999999999999 0.017791999999999999 0.022904999999999998 0 0.032217999999999997 0.00089700000000000001 0.13342600000000002 0.00056599999999999999 0.0036530000000000004 0.14185799999999996 0.044754999999999996 0 0 2
155 uniform 3 23 0.606105 11.338211911160498 1 160 0.28211000000000003 0.011938000000000001 0.25844000000000006 0.011159000000000001 0.0018259999999999999 0.002663 0.01038 0.020678999999999999 0.023033000000000001 0 0.026928000000000001 0.00085999999999999998 0.10279500000000001 0.0010640000000000001 0.0037329999999999993 0.18071799999999993 0.052552000000000036 0 0 3
155 uniform 4 0 0.42099399999999998 4.2499749734545169 1 60 0.33493699999999998 0.0087220000000000006 0.057153999999999996 0.0033769999999999998 0.00081899999999999996 0.0029299999999999999 0.010977000000000001 0.182615 0.023293999999999999 0 0.026769000000000001 0.00079600000000000005 0.001859 0.001217 0.0031039999999999996 0.033787999999999999 0.014302 0 0 0
155 uniform 4 7 0.26315899999999998 4.3521942051865992 1 60 0.167602 0.0083409999999999995 0.067624000000000004 0.0030600000000000002 0.00070999999999999991 0.0027330000000000002 0.010383999999999999 0.021007000000000001 0.022662999999999999 0 0.026405000000000001 0.00080199999999999998 0.001691 0.0011050000000000001 0.0028960000000000001 0.043844999999999995 0.014744999999999998 0 0 1
155 uniform 4 15 0.27080199999999999 4.475006137192822 1 60 0.17002 0.0084259999999999995 0.072763000000000022 0.0030760000000000002 0.00076499999999999995 0.0025630000000000002 0.010163999999999999 0.020736999999999998 0.023043999999999999 0 0.027659 0.000803 0.0017209999999999999 0.0011119999999999999 0.0029519999999999993 0.048289999999999986 0.015468000000000001 0 0 2
155 uniform 4 23 0.23619100000000001 4.6044724788289857 1 37 0.16592499999999999 0.0083029999999999996 0.046262999999999999 0.0023760000000000001 0.00057899999999999998 0.0024520000000000002 0.0098980000000000005 0.020531000000000001 0.022897000000000001 0 0.026884000000000002 0.00078600000000000002 0.0017199999999999997 0.00093199999999999999 0.0028900000000000006 0.030876000000000001 0.0098050000000000012 0 0 3
156 linear 0 0 0.74931000000000003 12.034177321101467 1 95 0.47603499999999999 0.012813 0.22904599999999997 0.0055200000000000015 0.0014549999999999999 0.0031589999999999999 0.011325999999999999 0.18560299999999999 0.023661999999999999 0 0.026564000000000001 0.00078399999999999997 0.132494 0.0010820000000000001 0.0039229999999999994 0.10938600000000001 0.048409000000000001 0.013038999999999999 0 0
156 linear 0 7 0.68377399999999999 11.885684982619441 1 95 0.39535100000000001 0.012198000000000001 0.24566700000000002 0.0050589999999999993 0.001214 0.002784 0.010822999999999999 0.051223999999999999 0.023295 0 0.026492000000000002 0.00078100000000000001 0.19054499999999999 0.0011069999999999999 0.0038159999999999999 0.13028900000000002 0.046719000000000024 0.013077999999999992 0 1
156 linear 0 15 0.59299599999999997 11.709452630457738 1 95 0.31443500000000002 0.012237 0.23523700000000006 0.0048199999999999996 0.00114 0.0025790000000000001 0.009809 0.051164000000000001 0.021068 0 0.025336000000000001 0.00072900000000000005 0.11451500000000001 0.0010480000000000001 0.0036299999999999995 0.11881799999999998 0.048311999999999973 0.013096999999999999 0 2
156 linear 0 23 0.713947 11.526587529807543 1 95 0.42938399999999999 0.01197 0.24108300000000008 0.0049550000000000002 0.001147 0.002637 0.0097129999999999994 0.051378 0.021187999999999999 0 0.024969000000000002 0.00069899999999999997 0.23288000000000003 0.00098299999999999993 0.0036159999999999999 0.12350700000000003 0.048223999999999996 0.013020999999999998 0 3
156 linear 1 0 0.89108299999999996 613.88763508986585 1 127 0.53195400000000004 0.0075290000000000001 0.31089000000000006 0.007605999999999999 0.0018449999999999999 0.0031020000000000002 0.011115 0.167939 0.022499999999999999 0 0.026765000000000001 0.00087200000000000005 0.21384799999999998 0.0013979999999999999 0.003552 0.15282700000000007 0.061564999999999911 0.024534999999999994 0 0
156 linear 1 7 0.891679 649.75559122864308 1 134 0.39611400000000002 0.0074530000000000004 0.44671500000000025 0.0071060000000000003 0.001671 0.0028509999999999998 0.010388 0.036887999999999997 0.022564000000000001 0 0.026030000000000001 0.00084900000000000004 0.212701 0.0013270000000000001 0.0036100000000000004 0.28760100000000022 0.06096099999999996 0.026005999999999994 0 1
156 linear 1 15 0.90104799999999996 677.95173104642595 1 141 0.37181900000000001 0.0075129999999999997 0.48059799999999986 0.0068640000000000003 0.0018370000000000001 0.0026350000000000002 0.010401000000000001 0.035492999999999997 0.022249999999999999 0 0.026741999999999998 0.00083299999999999997 0.19016999999999998 0.0011800000000000001 0.0034169999999999999 0.30737700000000018 0.066714000000000079 0.027782999999999992 0 2
156 linear 1 23 0.85653500000000005 693.87748937132676 1 149 0.291072 0.0087819999999999999 0.51036200000000009 0.007601000000000001 0.001864 0.0027409999999999999 0.010612 0.026304000000000001 0.022120000000000001 0 0.027009999999999999 0.00084599999999999996 0.10773000000000002 0.001212 0.0052839999999999996 0.32592199999999999 0.07165199999999998 0.030361000000000023 0 3
156 linear 2 0 0.55329700000000004 5.7302669123284522 1 98 0.362373 0.016004999999999998 0.13682500000000003 0.0067630000000000008 0.001346 0.0030899999999999999 0.012508 0.18390500000000001 0.025409000000000001 0 0.029943999999999998 0.00081800000000000004 0.0055989999999999989 0.00073099999999999999 0.0041079999999999997 0.056000999999999995 0.04298099999999995 0.011713999999999999 0 0
156 linear 2 7 0.42209999999999998 5.8908806270021259 1 98 0.20414499999999999 0.013729 0.16788299999999992 0.0061110000000000001 0.0012130000000000001 0.0028319999999999999 0.011439 0.044831999999999997 0.021276 0 0.025899999999999999 0.00080800000000000002 0.0056260000000000008 0.000727 0.0035509999999999995 0.088523000000000018 0.042675999999999992 0.011455999999999997 0 1
156 linear 2 15 0.427591 6.1388704204399573 1 98 0.20300199999999999 0.013537 0.17349599999999993 0.0074600000000000005 0.0012719999999999999 0.002562 0.0098399999999999998 0.048382000000000001 0.021061 0 0.025274999999999999 0.00081999999999999998 0.0055730000000000007 0.00066 0.003503 0.094495999999999941 0.042545999999999987 0.011418000000000001 0 2
156 linear 2 23 0.52702499999999997 6.593402823923868 1 105 0.30105799999999999 0.011535 0.17944899999999989 0.0061009999999999997 0.00124 0.0025579999999999999 0.0095610000000000001 0.049931999999999997 0.020916000000000001 0 0.025708000000000002 0.00079100000000000004 0.106528 0.0010889999999999999 0.0034230000000000007 0.096622999999999973 0.043686000000000003 0.012245000000000002 0 3
156 linear 3 0 0.58048100000000002 3.1298611926822151 1 61 0.459511 0.0085299999999999994 0.087888999999999995 0.0039199999999999999 0.0008969999999999999 0.0028279999999999998 0.010817999999999999 0.17147499999999999 0.032614999999999998 0 0.026568000000000001 0.000825 0.12910199999999999 0.0013630000000000001 0.0032880000000000006 0.039434999999999984 0.024912000000000011 0.0070120000000000035 0 0
156 linear 3 7 0.47622300000000001 2.8952432107189607 1 61 0.324351 0.0082900000000000005 0.11901 0.0039310000000000005 0.00075999999999999993 0.0027100000000000002 0.010122000000000001 0.042397999999999998 0.032245000000000003 0 0.025760000000000002 0.00082100000000000001 0.131463 0.0011609999999999999 0.0031560000000000004 0.072787999999999992 0.022851999999999994 0.0070190000000000035 0 1
156 linear 3 15 0.34250999999999998 2.7158588993949788 1 61 0.197764 0.0081469999999999997 0.112207 0.0037459999999999998 0.00077000000000000007 0.0025240000000000002 0.0099360000000000004 0.045987 0.031709000000000001 0 0.025812000000000002 0.00080699999999999999 0.002006 0.001108 0.0029499999999999999 0.066425999999999999 0.022402999999999999 0.0070190000000000018 0 2
156 linear 3 23 0.323378 2.581871297783755 1 61 0.18026900000000001 0.0082480000000000001 0.11086299999999998 0.003607 0.000843 0.002408 0.0089449999999999998 0.042931999999999998 0.021024000000000001 0 0.025253999999999999 0.000745 0.0021299999999999999 0.001065 0.0029850000000000002 0.064663000000000012 0.022812999999999996 0.0070330000000000037 0 3
156 linear 4 0 0.78292499999999998 5.0167766055362764 1 107 0.554956 0.013531 0.17221799999999995 0.006718 0.0014610000000000001 0.002611 0.0097890000000000008 0.189219 0.023300999999999999 0 0.026259999999999999 0.00078100000000000001 0.210311 0.00075000000000000002 0.0034459999999999998 0.086298000000000041 0.04505799999999998 0.012466000000000001 0 0
156 linear 4 7 0.58923800000000004 5.0720265876910098 1 98 0.34890700000000002 0.013968 0.19051099999999996 0.0057979999999999993 0.0014269999999999999 0.0026029999999999998 0.010293 0.050348999999999998 0.022807000000000001 0 0.026263999999999999 0.000767 0.14066000000000001 0.00067400000000000001 0.0035640000000000008 0.11533399999999991 0.038044999999999975 0.011391000000000004 0 1
156 linear 4 15 0.56006100000000003 5.1393255211736291 1 98 0.322266 0.013608 0.18842599999999993 0.0054800000000000005 0.0015220000000000001 0.0024979999999999998 0.0099979999999999999 0.056354000000000001 0.022606000000000001 0 0.029628999999999999 0.00078299999999999995 0.10956400000000001 0.00078200000000000003 0.0035530000000000002 0.11161799999999997 0.039684999999999956 0.011384000000000002 0 2
156 linear 4 23 0.67840199999999995 5.2115520179272794 1 98 0.44149500000000003 0.013202999999999999 0.18831099999999995 0.0053189999999999999 0.001415 0.0023909999999999999 0.0092849999999999999 0.055714 0.02214 0 0.025097000000000001 0.00075699999999999997 0.23760899999999999 0.00067699999999999998 0.0035030000000000005 0.11214599999999995 0.038640999999999981 0.011391999999999999 0 3
156 uniform 0 0 0.68343799999999999 11.495696743114793 1 95 0.46831099999999998 0.012854000000000001 0.17151299999999992 0.0047390000000000002 0.0013080000000000001 0.002483 0.010037000000000001 0.18481400000000001 0.022981000000000001 0 0.026012 0.00071699999999999997 0.13236399999999998 0.0011529999999999999 0.0038500000000000001 0.10831099999999998 0.0482 0 0 0
156 uniform 0 7 0.625668 11.354154489627975 1 95 0.39144699999999999 0.012435 0.19227099999999994 0.0042639999999999996 0.0010249999999999999 0.0025149999999999999 0.0098029999999999992 0.051173999999999997 0.022613000000000001 0 0.025703 0.00078899999999999999 0.19003499999999998 0.0010920000000000001 0.0037230000000000002 0.13062499999999999 0.046658000000000033 0 0 1
156 uniform 0 15 0.54759000000000002 11.187699863117961 1 95 0.30979600000000002 0.012166 0.19077099999999991 0.004425000000000001 0.0011180000000000001 0.002379 0.0093469999999999994 0.050908000000000002 0.021184999999999999 0 0.024740000000000002 0.00072499999999999995 0.114095 0.00093000000000000005 0.0037959999999999999 0.12872100000000003 0.047067999999999971 0 0 2
156 uniform 0 23 0.67016799999999999 11.016843470564831 1 95 0.43154700000000001 0.012088 0.19645799999999994 0.0042149999999999991 0.0011149999999999999 0.0025790000000000001 0.010206 0.051240000000000001 0.02128 0 0.025354999999999999 0.00075699999999999997 0.23220099999999999 0.00089599999999999999 0.0035959999999999998 0.13465999999999997 0.046902000000000006 0 0 3
156 uniform 1 0 0.810168 607.79055444972971 1 119 0.537574 0.0073800000000000003 0.22894399999999998 0.005921 0.0015330000000000001 0.0031089999999999998 0.011198 0.16824700000000001 0.022651999999999999 0 0.026755999999999999 0.00086899999999999998 0.21340399999999998 0.001248 0.0034640000000000005 0.15066300000000007 0.056654999999999935 0 0 0
156 uniform 1 7 0.81917300000000004 635.35456691956858 1 134 0.39642699999999997 0.0072240000000000004 0.37510199999999994 0.0064619999999999999 0.001671 0.002856 0.010466 0.036908999999999997 0.022362 0 0.026542 0.00079299999999999998 0.21245800000000001 0.001271 0.0034770000000000001 0.28893999999999997 0.060869999999999924 0 0 1
156 uniform 1 15 0.82097500000000001 655.71429265597612 1 141 0.36954900000000002 0.0072519999999999998 0.40453299999999992 0.0058240000000000011 0.001769 0.002777 0.010421 0.033792999999999997 0.021982999999999999 0 0.026192 0.00082299999999999995 0.19026499999999996 0.00114 0.0034039999999999999 0.31181499999999995 0.066692999999999975 0 0 2
156 uniform 1 23 0.67141499999999998 666.49279864225343 1 133 0.28083599999999997 0.0073350000000000004 0.34273999999999966 0.0061810000000000007 0.001859 0.0024399999999999999 0.010300999999999999 0.026216 0.021648000000000001 0 0.027276999999999999 0.00073899999999999997 0.107284 0.001114 0.0033540000000000002 0.25628000000000006 0.062118000000000048 0 0 3
156 uniform 2 0 0.50517400000000001 5.7553289099580027 1 82 0.36113400000000001 0.015994000000000001 0.097137000000000001 0.0047989999999999994 0.0012439999999999999 0.0030609999999999999 0.012411 0.18726599999999999 0.025179 0 0.026807000000000001 0.00084900000000000004 0.0057139999999999995 0.00075699999999999997 0.0039919999999999999 0.049237000000000017 0.035213999999999981 0 0 0
156 uniform 2 7 0.37792399999999998 5.9243704634693062 1 82 0.21058199999999999 0.01515 0.122401 0.0040920000000000002 0.0010299999999999999 0.0027729999999999999 0.011577 0.044741999999999997 0.024829 0 0.026424 0.00083799999999999999 0.0056190000000000007 0.00075100000000000004 0.0037750000000000001 0.074837000000000015 0.034963999999999988 0 0 1
156 uniform 2 15 0.39064500000000002 6.1908253253059069 1 82 0.214283 0.013919000000000001 0.13346700000000003 0.0038950000000000005 0.0010170000000000001 0.0025959999999999998 0.0096530000000000001 0.050284000000000002 0.024233999999999999 0 0.026707999999999999 0.00078600000000000002 0.0055570000000000003 0.00064499999999999996 0.0067670000000000013 0.085718000000000003 0.034956000000000022 0 0 2
156 uniform 2 23 0.50172899999999998 6.7108791498655904 1 105 0.29997200000000002 0.011665999999999999 0.15557499999999994 0.0055060000000000005 0.001426 0.0023869999999999998 0.0090419999999999997 0.049926999999999999 0.020985 0 0.025627 0.00075100000000000004 0.106753 0.001073 0.0034019999999999996 0.096094000000000013 0.043806999999999992 0 0 3
156 uniform 3 0 0.5373 3.1707563990337211 1 45 0.45767999999999998 0.0085159999999999993 0.053247000000000003 0.002503 0.00070100000000000002 0.002696 0.010245000000000001 0.17170299999999999 0.032698999999999999 0 0.026290999999999998 0.00080199999999999998 0.12897999999999998 0.001358 0.0032540000000000004 0.029358999999999996 0.017086999999999998 0 0 0
156 uniform 3 7 0.425259 2.9177068089327358 1 45 0.32256299999999999 0.0084390000000000003 0.076679000000000011 0.0023509999999999998 0.00060700000000000001 0.0025590000000000001 0.0096579999999999999 0.042417999999999997 0.032030999999999997 0 0.025531999999999999 0.00080199999999999998 0.13153499999999999 0.0012210000000000001 0.0031220000000000002 0.054593000000000003 0.015330000000000003 0 0 1
156 uniform 3 15 0.29305199999999998 2.7298755665157262 1 45 0.19651099999999999 0.0082199999999999999 0.070396 0.0024450000000000001 0.00063500000000000004 0.0024620000000000002 0.0097300000000000008 0.046179999999999999 0.031650999999999999 0 0.025724 0.00077200000000000001 0.002114 0.001139 0.0030860000000000002 0.048376000000000009 0.015266000000000002 0 0 2
156 uniform 3 23 0.28110600000000002 2.5915336745114321 1 45 0.18647 0.0082780000000000006 0.068772000000000014 0.0023870000000000002 0.00056599999999999999 0.0024229999999999998 0.013807 0.043056999999999998 0.021315000000000001 0 0.025457 0.00079000000000000001 0.0020639999999999999 0.0010399999999999999 0.0029890000000000003 0.046453000000000008 0.015574000000000005 0 0 3
156 uniform 4 0 0.70147400000000004 5.0230131088257393 1 75 0.54796299999999998 0.013511 0.11151800000000003 0.0037889999999999998 0.0011390000000000003 0.0026090000000000002 0.010155000000000001 0.189051 0.021413000000000001 0 0.026214000000000001 0.00074899999999999999 0.20536100000000004 0.00074600000000000003 0.0034480000000000001 0.070165000000000019 0.030103999999999992 0 0 0
156 uniform 4 7 0.53224300000000002 5.0788607208034628 1 82 0.34756500000000001 0.01376 0.14157799999999998 0.004182 0.001111 0.002594 0.013724999999999999 0.050313999999999998 0.022752999999999999 0 0.026036 0.00076999999999999996 0.14041899999999999 0.00064999999999999997 0.0034710000000000001 0.098026000000000002 0.031262999999999992 0 0 1
156 uniform 4 15 0.50103200000000003 5.1469325359166893 1 82 0.31567499999999998 0.013493 0.14275900000000002 0.0040920000000000002 0.0012070000000000002 0.0024759999999999999 0.0095680000000000001 0.056286000000000003 0.022835999999999999 0 0.025208000000000001 0.00076800000000000002 0.10940900000000001 0.000678 0.0034640000000000005 0.096031000000000005 0.034435000000000021 0 0 2
156 uniform 4 23 0.62281200000000003 5.2200748211620001 1 82 0.44006200000000001 0.013153 0.140821 0.0038419999999999999 0.0011670000000000001 0.0023630000000000001 0.0092669999999999992 0.055468999999999997 0.022193000000000001 0 0.025406999999999999 0.00071599999999999995 0.237038 0.00054900000000000001 0.0033700000000000002 0.097281000000000006 0.031223999999999991 0 0 3
157 linear 0 0 0.87710600000000005 1.5454105587258733 1 110 0.55758700000000005 0.012612 0.26771599999999995 0.0076860000000000001 0.0014300000000000001 0.0030330000000000001 0.010175999999999999 0.19758200000000001 0.21157300000000001 0 0.026800000000000001 0.000843 0.012299000000000001 0.0011509999999999999 0.0043959999999999997 0.07727500000000001 0.044343999999999981 0.013743999999999992 0 0
157 linear 0 7 0.48826599999999998 1.5265104754737884 1 110 0.18343100000000001 0.012269 0.25455800000000006 0.0067349999999999997 0.0013159999999999999 0.0031779999999999998 0.0111 0.021607000000000001 0.023266999999999999 0 0.026255000000000001 0.00076800000000000002 0.0039150000000000001 0.0011000000000000001 0.0043129999999999991 0.081412999999999999 0.040244999999999961 0.012033000000000002 0 1
157 linear 0 15 0.498946 1.5058560636860854 1 117 0.18115200000000001 0.012569 0.26596500000000006 0.0066719999999999991 0.001338 0.002885 0.010852000000000001 0.021718999999999999 0.022526999999999998 0 0.026526999999999998 0.00075699999999999997 0.0040000000000000001 0.001034 0.0039360000000000003 0.087382999999999988 0.041655000000000025 0.012733000000000005 0 2
157 linear 0 23 0.59984099999999996 1.4861495954187816 1 117 0.280109 0.012326 0.26700999999999997 0.0067730000000000004 0.0015120000000000001 0.0028210000000000002 0.010463 0.021526 0.022761 0 0.025916999999999999 0.00077800000000000005 0.10322999999999999 0.0010920000000000001 0.0039269999999999999 0.084139000000000019 0.04698100000000003 0.012052999999999999 0 3
157 linear 1 0 0.62279899999999999 1.5417211010285061 1 102 0.35154999999999997 0.012408000000000001 0.22523399999999996 0.0057109999999999999 0.001165 0.0030469999999999998 0.011351999999999999 0.19030900000000001 0.021957999999999998 0 0.027543000000000002 0.00085899999999999995 0.0037139999999999994 0.00091699999999999995 0.0039430000000000003 0.067416000000000004 0.032761999999999979 0.0081080000000000024 0 0
157 linear 1 7 0.48425200000000002 1.5230682461157456 1 102 0.18287100000000001 0.012173 0.25503599999999993 0.0054390000000000003 0.0011919999999999999 0.0030699999999999998 0.010588999999999999 0.021512 0.020879999999999999 0 0.028178000000000002 0.00081099999999999998 0.0039459999999999999 0.00089499999999999996 0.0038560000000000001 0.086468000000000003 0.034105000000000003 0.0085070000000000007 0 1
157 linear 1 15 0.41540100000000002 1.5025537674829019 1 95 0.171708 0.0096460000000000001 0.20374900000000012 0.0051330000000000004 0.0011569999999999998 0.0027539999999999999 0.01047 0.022903 0.02128 0 0.027588999999999999 0.00079500000000000003 0.0024690000000000003 0.0011019999999999999 0.0034260000000000002 0.068538999999999975 0.026358999999999987 0.0075340000000000042 0 2
157 linear 1 23 0.41189700000000001 1.4829446025323501 1 95 0.175926 0.0093410000000000003 0.19665800000000003 0.0048799999999999998 0.001126 0.0028180000000000002 0.010428 0.022068999999999998 0.021923999999999999 0 0.028162 0.00078200000000000003 0.002591 0.0011050000000000001 0.0035589999999999997 0.062153 0.028497999999999978 0.0074690000000000025 0 3
157 linear 2 0 0.552871 1.4413438983469526 1 88 0.33229700000000001 0.0068729999999999998 0.18566799999999997 0.0044180000000000001 0.0010009999999999999 0.0029870000000000001 0.011421000000000001 0.18757399999999999 0.022280000000000001 0 0.027319 0.00087200000000000005 0.0010939999999999999 0.0016750000000000001 0.0031939999999999994 0.066312000000000024 0.028757000000000001 0.012669 0 0
157 linear 2 7 0.34228700000000001 1.4260706440137774 1 81 0.176092 0.0091680000000000008 0.12942199999999998 0.0047159999999999997 0.00094299999999999983 0.0027889999999999998 0.011148 0.022762999999999999 0.022044000000000001 0 0.027718 0.00087000000000000001 0.002454 0.001067 0.0033420000000000004 0.070852000000000026 0.027008000000000004 0.012395999999999999 0 1
157 linear 2 15 0.32923599999999997 1.4099211775202733 1 74 0.17354900000000001 0.0089040000000000005 0.12162700000000004 0.0041739999999999998 0.00092500000000000004 0.002862 0.011181999999999999 0.023258000000000001 0.021758 0 0.027515999999999999 0.00085400000000000005 0.0025920000000000001 0.0010640000000000001 0.0032330000000000006 0.071862999999999996 0.023402999999999986 0.0091040000000000027 0 2
157 linear 2 23 0.31880700000000001 1.3947577650483207 1 74 0.16635 0.0086490000000000004 0.119034 0.0039490000000000003 0.0009410000000000001 0.0026840000000000002 0.010854000000000001 0.020500999999999998 0.020971 0 0.026551999999999999 0.00085499999999999997 0.0027029999999999997 0.0010089999999999999 0.003222 0.069374999999999992 0.023325999999999993 0.0092490000000000037 0 3
157 linear 3 0 0.51726000000000005 1.3927746731923643 1 82 0.34314899999999998 0.0085330000000000007 0.13823700000000003 0.0047169999999999998 0.001052 0.0027160000000000001 0.010833000000000001 0.19156200000000001 0.021484 0 0.031081999999999999 0.00083000000000000001 0.0023709999999999998 0.000941 0.0032539999999999999 0.065438999999999983 0.029347000000000002 0.010022999999999999 0 0
157 linear 3 7 0.34548000000000001 1.3803645742122308 1 82 0.16572899999999999 0.0086400000000000001 0.14327699999999999 0.004646 0.0010059999999999999 0.0026189999999999998 0.010292000000000001 0.021488 0.021224 0 0.025666999999999999 0.00086700000000000004 0.0023929999999999997 0.0010009999999999999 0.0032959999999999995 0.076763000000000012 0.030187999999999996 0.010358999999999995 0 1
157 linear 3 15 0.35112900000000002 1.3668193458220013 1 82 0.17660899999999999 0.010175999999999999 0.13570999999999997 0.0050530000000000002 0.0010629999999999999 0.0026919999999999999 0.011509 0.022502999999999999 0.024604999999999998 0 0.027132 0.00083000000000000001 0.0024599999999999999 0.00099099999999999991 0.0033239999999999997 0.074233999999999981 0.029479999999999999 0.010443999999999998 0 2
157 linear 3 23 0.40381699999999998 1.353880374198535 1 82 0.23527699999999999 0.0089910000000000007 0.13150699999999999 0.0045440000000000003 0.0010400000000000001 0.0028549999999999999 0.011512 0.022675000000000001 0.024288000000000001 0 0.029172 0.00090899999999999998 0.060402999999999998 0.00098799999999999995 0.0032729999999999999 0.072848999999999997 0.029241000000000003 0.010168999999999997 0 3
157 linear 4 0 1.2848250000000001 4.1004124014181897 1 119 0.90624499999999997 0.015823 0.32245399999999991 0.0082430000000000003 0.0014349999999999999 0.003081 0.011159000000000001 0.20060500000000001 0.25855699999999998 0.18265000000000001 0.053092 0.00086600000000000002 0.11880300000000001 0.00084099999999999995 0.004346 0.13577300000000003 0.051890000000000033 0.020546999999999999 0 0
157 linear 4 7 0.70291899999999996 4.3586084168613963 1 119 0.31966 0.013979999999999999 0.33044400000000002 0.0067360000000000007 0.0012850000000000001 0.0032160000000000001 0.011793 0.027046000000000001 0.021911 0 0.026144000000000001 0.00079299999999999998 0.12809000000000001 0.00077200000000000001 0.0042340000000000008 0.14380399999999993 0.048774000000000019 0.020353999999999987 0 1
157 linear 4 15 0.69192200000000004 4.701822488634944 1 119 0.30935400000000002 0.013747000000000001 0.33070700000000003 0.0066629999999999997 0.0012109999999999998 0.0029099999999999998 0.010871 0.026195 0.021413000000000001 0 0.025554 0.00088699999999999998 0.123876 0.00070899999999999999 0.0040649999999999992 0.14553600000000008 0.049801000000000047 0.020204999999999994 0 2
157 linear 4 23 0.67924200000000001 5.1110331200318724 1 134 0.26052799999999998 0.013807 0.36245700000000003 0.0072109999999999987 0.00148 0.0028519999999999999 0.010881 0.026266000000000001 0.020889000000000001 0 0.025361999999999999 0.00081499999999999997 0.077294999999999989 0.00064800000000000003 0.0040010000000000002 0.16355800000000004 0.052825000000000059 0.023128999999999997 0 3
157 uniform 0 0 0.72850000000000004 1.5458314733150924 1 94 0.56247199999999997 0.012880000000000001 0.12266799999999997 0.0047760000000000007 0.0012569999999999999 0.0029859999999999999 0.010983 0.202546 0.20910400000000001 0 0.027172999999999999 0.00078799999999999996 0.012401000000000001 0.001168 0.0044420000000000006 0.069635000000000016 0.038915999999999944 0 0 0
157 uniform 0 7 0.34496300000000002 1.5269280995854704 1 94 0.18475 0.012225 0.117775 0.004287 0.0010510000000000001 0.0029759999999999999 0.011150999999999999 0.021763999999999999 0.023331999999999999 0 0.026419999999999999 0.00082799999999999996 0.0040260000000000001 0.0011230000000000001 0.0043690000000000005 0.069013000000000005 0.034965000000000003 0 0 1
157 uniform 0 15 0.35594500000000001 1.5063023894020435 1 101 0.18273200000000001 0.012429000000000001 0.12951000000000001 0.0041250000000000002 0.001078 0.0026359999999999999 0.010577 0.021694000000000001 0.022395000000000002 0 0.028924999999999999 0.00077099999999999998 0.0039459999999999999 0.001047 0.0040020000000000003 0.077869000000000008 0.036627999999999987 0 0 2
157 uniform 0 23 0.45031300000000002 1.4866679833387584 1 101 0.278922 0.012296 0.12720999999999999 0.0044949999999999999 0.0011870000000000001 0.002673 0.010248999999999999 0.021642999999999999 0.022071 0 0.026100999999999999 0.00079299999999999998 0.10311300000000001 0.001047 0.0040509999999999999 0.073744000000000018 0.038442999999999963 0 0 3
157 uniform 1 0 0.49384299999999998 1.5415044394437276 1 86 0.355126 0.012329 0.10063999999999998 0.0036049999999999997 0.00086300000000000005 0.0029420000000000002 0.011176 0.190136 0.023119000000000001 0 0.031116000000000001 0.00096900000000000003 0.0037440000000000004 0.00096699999999999998 0.0037579999999999992 0.060700000000000053 0.027746999999999994 0 0 0
157 uniform 1 7 0.33670600000000001 1.5228545789537713 1 86 0.17840400000000001 0.012315 0.11956500000000007 0.0033940000000000003 0.00093999999999999997 0.0027910000000000001 0.010078999999999999 0.021496999999999999 0.022362 0 0.028018000000000001 0.00080800000000000002 0.0038500000000000001 0.00085300000000000003 0.0036830000000000001 0.077831000000000011 0.029506999999999985 0 0 1
157 uniform 1 15 0.31606600000000001 1.5024257607039675 1 95 0.17177400000000001 0.0095409999999999991 0.10711999999999998 0.0043100000000000005 0.0011069999999999999 0.0025899999999999999 0.0097879999999999998 0.022793000000000001 0.022745999999999999 0 0.027508999999999999 0.00082200000000000003 0.0024130000000000002 0.001173 0.0034049999999999996 0.067303000000000016 0.026712999999999983 0 0 2
157 uniform 1 23 0.31241400000000003 1.4827618725741054 1 95 0.172458 0.0093650000000000001 0.10329000000000006 0.004182 0.0011070000000000001 0.0025460000000000001 0.0099220000000000003 0.021871000000000002 0.025937000000000002 0 0.027382 0.00076599999999999997 0.002421 0.00099200000000000004 0.0032330000000000002 0.062520000000000006 0.027725999999999976 0 0 3
157 uniform 2 0 0.45552900000000002 1.4413321951130853 1 72 0.33297599999999999 0.0069870000000000002 0.094300999999999996 0.0032260000000000006 0.00083200000000000006 0.002735 0.011065 0.18729999999999999 0.024066000000000001 0 0.026927 0.00084000000000000003 0.0011659999999999999 0.001549 0.0032260000000000001 0.059346000000000024 0.024104000000000014 0 0 0
157 uniform 2 7 0.30199399999999998 1.4260500713882791 1 65 0.174904 0.0092069999999999999 0.097956999999999975 0.002833 0.00075900000000000002 0.0030530000000000002 0.011186 0.022275 0.021708999999999999 0 0.028275999999999999 0.00097400000000000004 0.0025019999999999999 0.0010809999999999999 0.0033959999999999997 0.061487000000000014 0.026799 0 0 1
157 uniform 2 15 0.28666900000000001 1.4099038773627894 1 58 0.170959 0.0089029999999999995 0.089221000000000023 0.0024289999999999997 0.000669 0.002807 0.010848 0.02324 0.02111 0 0.027175000000000001 0.00077399999999999995 0.00264 0.0010139999999999999 0.0031979999999999995 0.062043000000000008 0.018519999999999991 0 0 2
157 uniform 2 23 0.27831400000000001 1.3947783054226011 1 58 0.16452600000000001 0.0086160000000000004 0.087918999999999997 0.0024190000000000001 0.00061499999999999999 0.002598 0.010581 0.020379999999999999 0.020760000000000001 0 0.026481000000000001 0.00079100000000000004 0.0026589999999999999 0.00097999999999999997 0.0031219999999999998 0.060070999999999999 0.019174999999999991 0 0 3
157 uniform 3 0 0.46274999999999999 1.3929474444528365 1 66 0.337862 0.0085819999999999994 0.096314999999999984 0.0028960000000000001 0.00078799999999999996 0.002581 0.01047 0.191686 0.021514999999999999 0 0.026567 0.00079199999999999995 0.0024710000000000001 0.001042 0.0031800000000000001 0.058966000000000018 0.027472999999999994 0 0 0
157 uniform 3 7 0.29708499999999999 1.3805304475374001 1 66 0.16827400000000001 0.0088669999999999999 0.099246999999999988 0.0033540000000000002 0.00076999999999999996 0.0025230000000000001 0.010257 0.021475000000000001 0.021359 0 0.025784000000000001 0.000883 0.002506 0.0010330000000000001 0.0032770000000000004 0.064510000000000026 0.024859999999999993 0 0 1
157 uniform 3 15 0.29207300000000003 1.3669854521133944 1 66 0.167546 0.008567 0.095863999999999963 0.0030010000000000002 0.00082399999999999997 0.0026979999999999999 0.010862 0.021260999999999999 0.020990000000000002 0 0.027535 0.00082700000000000004 0.0023439999999999997 0.00098799999999999995 0.0031579999999999993 0.062729000000000007 0.02323699999999999 0 0 2
157 uniform 3 23 0.35046500000000003 1.3540469122569625 1 66 0.22432299999999999 0.008763 0.097362999999999991 0.0028 0.00078799999999999996 0.0024740000000000001 0.010633999999999999 0.021189 0.021026 0 0.0275 0.00084199999999999998 0.060458999999999999 0.00096100000000000005 0.0031140000000000004 0.063718999999999984 0.023762999999999996 0 0 3
157 uniform 4 0 1.1624460000000001 4.1108192167018505 1 119 0.89376500000000003 0.016 0.20941800000000002 0.0079030000000000003 0.0014529999999999999 0.0028990000000000001 0.010652 0.199017 0.25442700000000001 0.17605299999999999 0.053031000000000002 0.00086799999999999996 0.118976 0.00085700000000000001 0.0046029999999999995 0.136825 0.052048000000000046 0 0 0
157 uniform 4 7 0.580758 4.3712813542056095 1 119 0.315301 0.013936 0.21299499999999996 0.0065599999999999999 0.0013029999999999999 0.0034169999999999999 0.011847 0.026908999999999999 0.021690999999999998 0 0.026155000000000001 0.00083600000000000005 0.123266 0.00074799999999999997 0.0043930000000000002 0.143621 0.04878699999999999 0 0 1
157 uniform 4 15 0.61185299999999998 4.7180271942150105 1 127 0.31388300000000002 0.01486 0.23940900000000004 0.0073269999999999984 0.0014350000000000001 0.0030379999999999999 0.011185 0.026190000000000001 0.021059000000000001 0 0.025801000000000001 0.00081599999999999999 0.12418799999999999 0.00074600000000000003 0.0041180000000000001 0.16251099999999999 0.053803999999999949 0 0 2
157 uniform 4 23 0.59320099999999998 5.132321940118957 1 134 0.27300099999999999 0.015296000000000001 0.26164700000000013 0.0070719999999999993 0.001454 0.0029320000000000001 0.011951 0.027543000000000002 0.023963000000000002 0 0.025947000000000001 0.00081599999999999999 0.077338000000000004 0.00070299999999999996 0.0042780000000000006 0.17721900000000007 0.05988399999999993 0 0 3
158 linear 0 0 0.76920900000000003 1.4508737397722105 1 117 0.42618099999999998 0.014330000000000001 0.29062900000000003 0.0063729999999999993 0.0017769999999999999 0.003209 0.012640999999999999 0.15700500000000001 0.024931999999999999 0 0.026825999999999999 0.00083100000000000003 0.10434099999999999 0.001142 0.0044520000000000002 0.086464999999999972 0.03268699999999998 0.011775999999999995 0 0
158 linear 0 7 0.60725099999999999 1.4590852993053611 1 117 0.27281300000000003 0.012644000000000001 0.28347400000000011 0.0063110000000000015 0.001588 0.003006 0.011122999999999999 0.018644000000000001 0.021625999999999999 0 0.026572999999999999 0.00085300000000000003 0.093966000000000008 0.0011659999999999999 0.0042779999999999997 0.088266000000000011 0.031998999999999979 0.011457 0 1
158 linear 0 15 0.50906700000000005 1.4665811759012459 1 117 0.182339 0.012198000000000001 0.27679199999999987 0.0058389999999999996 0.0016339999999999998 0.0028379999999999998 0.010898 0.023143 0.021314 0 0.026048999999999999 0.00081499999999999997 0.003088 0.001191 0.0040249999999999999 0.085098999999999994 0.030900999999999977 0.010874999999999999 0 2
158 linear 0 23 0.67395700000000003 1.4715128220688347 1 125 0.30434499999999998 0.011847999999999999 0.31738299999999986 0.0069160000000000003 0.0015149999999999999 0.0027599999999999999 0.013962 0.021738 0.020947 0 0.026061999999999998 0.00081999999999999998 0.12747700000000001 0.00099700000000000006 0.0038830000000000002 0.094515999999999975 0.038308999999999989 0.012691999999999997 0 3
158 linear 1 0 0.68802099999999999 10.950572958392938 1 81 0.458347 0.0093810000000000004 0.1926779999999999 0.004993 0.0011890000000000002 0.0029949999999999998 0.011065999999999999 0.14324799999999999 0.021777000000000001 0 0.027310999999999998 0.000941 0.162521 0.0010269999999999999 0.0033859999999999997 0.090114 0.02779599999999998 0.013443 0 0
158 linear 1 7 0.51824599999999998 10.821548512415585 1 81 0.293734 0.0091000000000000004 0.188744 0.0044910000000000002 0.0010549999999999999 0.0031289999999999998 0.010959 0.006594 0.022117999999999999 0 0.028358999999999999 0.00088800000000000001 0.13703800000000002 0.00075199999999999996 0.0029089999999999997 0.089113999999999971 0.025925999999999977 0.013295 0 1
158 linear 1 15 0.59149399999999996 10.510328204680075 1 81 0.36660900000000002 0.0090069999999999994 0.18953599999999995 0.0042789999999999998 0.00094299999999999994 0.0028189999999999999 0.011270000000000001 0.0062199999999999998 0.023529000000000001 0 0.027019000000000001 0.00091299999999999997 0.20780500000000002 0.00075100000000000004 0.0027659999999999998 0.091582000000000011 0.026393999999999987 0.013301 0 2
158 linear 1 23 0.61377499999999996 10.015933920586262 1 80 0.39748099999999997 0.0092870000000000001 0.18317199999999997 0.0036449999999999998 0.000959 0.0028019999999999998 0.010962 0.0059309999999999996 0.023368 0 0.026633 0.00093499999999999996 0.24208299999999999 0.00068199999999999999 0.0029859999999999995 0.085169000000000036 0.025052999999999957 0.013171 0 3
158 linear 2 0 0.52359500000000003 1.2933668156089979 1 88 0.297429 0.0068929999999999998 0.19125699999999987 0.0059890000000000004 0.0011220000000000002 0.0029610000000000001 0.011310000000000001 0.14827799999999999 0.024011000000000001 0 0.026758000000000001 0.00083799999999999999 0.0011900000000000001 0.0016130000000000001 0.0032349999999999996 0.075127999999999986 0.027752999999999986 0.011164 0 0
158 linear 2 7 0.39154099999999997 1.2939483270841539 1 81 0.17929700000000001 0.009325 0.16998199999999999 0.0050699999999999999 0.0010020000000000001 0.0029729999999999999 0.011398999999999999 0.021477 0.023215 0 0.028015000000000002 0.00084599999999999996 0.0025569999999999998 0.001323 0.0036260000000000003 0.080395999999999981 0.025931999999999997 0.010449000000000003 0 1
158 linear 2 15 0.34795900000000002 1.2992602305386642 1 74 0.173846 0.0091039999999999992 0.14131800000000003 0.0045299999999999993 0.00091199999999999994 0.0027620000000000001 0.01108 0.019472 0.023300999999999999 0 0.026979 0.00082299999999999995 0.001872 0.0012229999999999999 0.0035559999999999997 0.072803000000000007 0.020262000000000009 0.009250000000000003 0 2
158 linear 2 23 0.33099099999999998 1.3101968529835868 1 74 0.17504600000000001 0.0088959999999999994 0.12407799999999999 0.0041510000000000002 0.00089999999999999998 0.002771 0.010807000000000001 0.024233999999999999 0.023439999999999999 0 0.026100000000000002 0.00082100000000000001 0.0018050000000000002 0.001142 0.0035529999999999993 0.078073999999999991 0.019740999999999998 0.0092320000000000024 0 3
158 linear 3 0 0.56787900000000002 4.2888538168292012 1 82 0.41503600000000002 0.0092569999999999996 0.11655099999999996 0.0050989999999999994 0.0011999999999999999 0.0029859999999999999 0.011129999999999999 0.156699 0.023556000000000001 0 0.029857999999999999 0.00088699999999999998 0.103392 0.001088 0.0031120000000000002 0.063521000000000008 0.020996999999999998 0.011523000000000004 0 0
158 linear 3 7 0.438114 4.0826501324619686 1 82 0.27574300000000002 0.009077 0.12722699999999995 0.004359 0.0011200000000000001 0.0029329999999999998 0.011103 0.017772 0.023362000000000001 0 0.028029999999999999 0.00097900000000000005 0.106586 0.001175 0.003058 0.0746 0.021062999999999978 0.011530000000000002 0 1
158 linear 3 15 0.36543700000000001 3.8511728271015011 1 75 0.227934 0.0086700000000000006 0.10665600000000001 0.0039719999999999998 0.0010270000000000001 0.0026740000000000002 0.010451999999999999 0.019036000000000001 0.021250000000000002 0 0.02793 0.000883 0.063500000000000001 0.00074799999999999997 0.0026620000000000003 0.063672999999999993 0.017166999999999998 0.0088999999999999999 0 2
158 linear 3 23 0.43978600000000001 3.6303677951870057 1 75 0.29936600000000002 0.0084340000000000005 0.10979099999999996 0.0041400000000000005 0.001013 0.002575 0.010120000000000001 0.018284999999999999 0.021204000000000001 0 0.027213999999999999 0.00092100000000000005 0.13968900000000001 0.00065300000000000004 0.0026059999999999998 0.066681999999999991 0.017517999999999992 0.0088880000000000053 0 3
158 linear 4 0 0.79218100000000002 3.636433941934194 1 120 0.52205900000000005 0.011979999999999999 0.21808600000000006 0.007986 0.0015350000000000001 0.0027599999999999999 0.01051 0.164074 0.021505 0 0.026380000000000001 0.00087500000000000002 0.20300599999999996 0.00081099999999999998 0.0033730000000000001 0.10616299999999999 0.033558000000000004 0.015412000000000006 0 0
158 linear 4 7 0.67444800000000005 3.3950003296244167 1 129 0.40830699999999998 0.009044 0.21990700000000005 0.0072580000000000006 0.0016760000000000002 0.0027560000000000002 0.010633 0.029537999999999998 0.021558999999999998 0 0.02673 0.00085899999999999995 0.23020199999999999 0.00076400000000000003 0.0030389999999999996 0.12435800000000001 0.033600999999999957 0.015430999999999999 0 1
158 linear 4 15 0.63402199999999997 3.1587222107484694 1 129 0.37915199999999999 0.0089339999999999992 0.21011200000000002 0.0065919999999999998 0.001539 0.0026289999999999998 0.010758999999999999 0.023858000000000001 0.021068 0 0.027473999999999998 0.00090899999999999998 0.20911600000000002 0.00068000000000000005 0.0030720000000000001 0.12092600000000003 0.032734999999999993 0.015418999999999995 0 2
158 linear 4 23 0.55942499999999995 2.9562600686840192 1 113 0.335588 0.0087360000000000007 0.183334 0.0059190000000000006 0.0013529999999999998 0.0025920000000000001 0.010342 0.022492999999999999 0.020822 0 0.027698 0.00083500000000000002 0.16808399999999998 0.00062699999999999995 0.0031219999999999998 0.11185500000000002 0.029825999999999984 0.013485000000000004 0 3
158 uniform 0 0 0.60534900000000003 1.4291958742298039 1 117 0.41862100000000002 0.012710000000000001 0.136158 0.0058799999999999998 0.0017590000000000001 0.0029870000000000001 0.011472 0.15547 0.021817 0 0.026911000000000001 0.00086300000000000005 0.10426000000000001 0.001139 0.0042989999999999999 0.08584799999999998 0.033203000000000003 0 0 0
158 uniform 0 7 0.46415899999999999 1.4396117799477617 1 117 0.27232099999999998 0.013514999999999999 0.14064399999999996 0.0052280000000000009 0.001652 0.002908 0.012114 0.019963000000000002 0.025769 0 0.026710999999999999 0.000861 0.089354000000000003 0.0010839999999999999 0.0042399999999999998 0.089693999999999982 0.032656000000000004 0 0 1
158 uniform 0 15 0.39013199999999998 1.4510973205499988 1 125 0.185726 0.013523 0.15137199999999995 0.0058630000000000002 0.0015100000000000001 0.0027950000000000002 0.011899 0.024355000000000002 0.024830000000000001 0 0.025255 0.00079100000000000004 0.0029250000000000001 0.0010629999999999999 0.0041280000000000006 0.096658000000000036 0.03549699999999998 0 0 2
158 uniform 0 23 0.52063099999999995 1.4614242416889853 1 125 0.31487399999999999 0.013726 0.15346500000000007 0.0057429999999999998 0.0013549999999999999 0.0027950000000000002 0.011946 0.023205 0.024601000000000001 0 0.026408999999999998 0.00078899999999999999 0.12974499999999997 0.00106 0.0042649999999999997 0.095944999999999975 0.038945999999999995 0 0 3
158 uniform 1 0 0.62073999999999996 10.492789822914277 1 81 0.45496199999999998 0.0094090000000000007 0.13055099999999992 0.003885 0.0011559999999999999 0.0029970000000000001 0.011054 0.14382700000000001 0.021426000000000001 0 0.027477999999999999 0.00083199999999999995 0.16023799999999999 0.00097300000000000002 0.0031569999999999997 0.089050000000000032 0.027882999999999956 0 0 0
158 uniform 1 7 0.45769799999999999 10.403975919344759 1 81 0.295566 0.0090060000000000001 0.12799500000000003 0.0036809999999999998 0.0010119999999999999 0.0028389999999999999 0.014012 0.0064599999999999996 0.021593000000000001 0 0.028566000000000001 0.000892 0.13669000000000001 0.00071900000000000002 0.002859 0.088440999999999992 0.025994999999999976 0 0 1
158 uniform 1 15 0.52876599999999996 10.186820983477062 1 81 0.36107800000000001 0.0090030000000000006 0.13258200000000003 0.0041250000000000002 0.001031 0.0028609999999999998 0.010966999999999999 0.0057000000000000002 0.022179000000000001 0 0.026939000000000001 0.00091100000000000003 0.20787 0.00067900000000000002 0.0028899999999999998 0.092446999999999946 0.026561999999999978 0 0 2
158 uniform 1 23 0.54969000000000001 9.8321987469706187 1 80 0.39763799999999999 0.0091280000000000007 0.11946399999999999 0.0033480000000000003 0.00090799999999999995 0.0028159999999999999 0.010832 0.005718 0.021898999999999998 0 0.026991999999999999 0.00091399999999999999 0.24262400000000001 0.000696 0.003114 0.081115000000000034 0.024900999999999972 0 0 3
158 uniform 2 0 0.446546 1.3051098896841418 1 88 0.29573899999999997 0.0069719999999999999 0.11800699999999997 0.0044609999999999997 0.00099599999999999992 0.0028310000000000002 0.011199000000000001 0.14868600000000001 0.022117000000000001 0 0.027363999999999999 0.00085700000000000001 0.0011510000000000001 0.0015770000000000001 0.0032420000000000001 0.076964999999999992 0.027817999999999999 0 0 0
158 uniform 2 7 0.33082299999999998 1.302351968989111 1 81 0.17529 0.0093100000000000006 0.11808500000000001 0.0043599999999999993 0.00093900000000000006 0.002774 0.011194000000000001 0.021139999999999999 0.021547 0 0.027407000000000001 0.00079600000000000005 0.0025039999999999997 0.001281 0.0035239999999999998 0.080061000000000007 0.02586999999999998 0 0 1
158 uniform 2 15 0.31365399999999999 1.3049661818819578 1 74 0.17757600000000001 0.0091629999999999993 0.10383999999999999 0.0039100000000000003 0.00086899999999999998 0.0028379999999999998 0.011043000000000001 0.019220999999999999 0.023120000000000002 0 0.027001000000000001 0.00082399999999999997 0.0020039999999999997 0.001348 0.003617 0.072480999999999962 0.020031999999999998 0 0 2
158 uniform 2 23 0.319355 1.314471054256817 1 74 0.17696300000000001 0.0088929999999999999 0.10838900000000007 0.0035680000000000004 0.00077699999999999991 0.0027899999999999999 0.01106 0.024466999999999999 0.022929999999999999 0 0.026499000000000002 0.00083699999999999996 0.0018989999999999999 0.001155 0.0035139999999999998 0.077340000000000034 0.019685000000000008 0 0 3
158 uniform 3 0 0.54431600000000002 4.3166923415002341 1 82 0.41272900000000001 0.0090500000000000008 0.096797999999999981 0.004372 0.0011689999999999999 0.002983 0.010874 0.156779 0.022967999999999999 0 0.028510000000000001 0.00097499999999999996 0.103452 0.0011199999999999999 0.0030730000000000002 0.062691999999999998 0.021019999999999966 0 0 0
158 uniform 3 7 0.418041 4.1060821934958529 1 82 0.27535300000000001 0.0088819999999999993 0.10817299999999995 0.00415 0.0010819999999999998 0.0029199999999999999 0.010633 0.018031999999999999 0.023290000000000002 0 0.027902 0.001026 0.10651899999999999 0.0010139999999999999 0.0030220000000000004 0.073999999999999982 0.020999999999999994 0 0 1
158 uniform 3 15 0.34068500000000002 3.8703300797350222 1 67 0.22836400000000001 0.0086440000000000006 0.08425599999999997 0.0031410000000000001 0.00090299999999999994 0.0026909999999999998 0.010461 0.01917 0.022696999999999998 0 0.028070000000000001 0.00093700000000000001 0.061918000000000001 0.000678 0.0027139999999999998 0.059477000000000002 0.014702999999999997 0 0 2
158 uniform 3 23 0.42540699999999998 3.6460358890067921 1 75 0.30044700000000002 0.0085100000000000002 0.095052999999999971 0.0035199999999999997 0.00094399999999999996 0.002591 0.010215 0.018196 0.022408999999999998 0 0.027247 0.00088199999999999997 0.13971900000000001 0.00066600000000000003 0.002699 0.066388000000000003 0.017440999999999995 0 0 3
158 uniform 4 0 0.73231100000000005 3.6525285769435314 1 120 0.52392700000000003 0.011913999999999999 0.15771700000000005 0.0072089999999999993 0.001436 0.002712 0.010200000000000001 0.164599 0.023363999999999999 0 0.029749000000000001 0.00090499999999999999 0.20117600000000002 0.00075100000000000004 0.0033430000000000001 0.10564900000000001 0.033702000000000024 0 0 0
158 uniform 4 7 0.675176 3.4079560974424861 1 161 0.40872199999999997 0.0090639999999999991 0.21069400000000021 0.0097050000000000001 0.0017189999999999998 0.0026670000000000001 0.01065 0.029371999999999999 0.022710999999999999 0 0.026785 0.00078600000000000002 0.23039300000000001 0.00072800000000000002 0.0031040000000000004 0.14547399999999996 0.040995000000000052 0 0 1
158 uniform 4 15 0.59695699999999996 3.1688113470409518 1 129 0.37927499999999997 0.0088310000000000003 0.17399200000000009 0.0057120000000000001 0.0014889999999999999 0.0025999999999999999 0.010832 0.02366 0.020945999999999999 0 0.027699999999999999 0.00087100000000000003 0.20945 0.000745 0.0030690000000000005 0.12164199999999999 0.032731000000000003 0 0 2
158 uniform 4 23 0.555064 2.9643121041187817 1 129 0.33654600000000001 0.0086230000000000005 0.17551299999999995 0.0054190000000000002 0.0014410000000000002 0.002496 0.010284 0.022353999999999999 0.021055999999999998 0 0.027807999999999999 0.000754 0.169707 0.00067100000000000005 0.0029759999999999999 0.12301799999999999 0.032900999999999972 0 0 3
159 linear 0 0 0.41608400000000001 1.9721252887323499 1 80 0.23178699999999999 0.0094280000000000006 0.15071300000000004 0.004176 0.0010809999999999999 0.002944 0.011417 0.079885999999999999 0.022381999999999999 0 0.027879000000000001 0.00080599999999999997 0.00059500000000000004 0.001121 0.0031060000000000003 0.054006999999999986 0.022096999999999995 0.013770000000000001 0 0
159 linear 0 7 0.32996500000000001 1.905390823494201 1 80 0.156555 0.0090349999999999996 0.14074399999999992 0.0037900000000000008 0.00095500000000000001 0.0028410000000000002 0.011365999999999999 0.0065279999999999999 0.022005 0 0.027938000000000001 0.000852 0.00058199999999999994 0.0011230000000000001 0.0030070000000000001 0.052349 0.024648999999999987 0.013322000000000001 0 1
159 linear 0 15 0.34187899999999999 1.8246197829537156 1 88 0.15369099999999999 0.0089200000000000008 0.15253400000000003 0.0043479999999999994 0.0010460000000000001 0.0027650000000000001 0.010555999999999999 0.0063179999999999998 0.021628000000000001 0 0.028086 0.00080400000000000003 0.00063899999999999992 0.0010369999999999999 0.002862 0.060836000000000001 0.025638999999999992 0.013993000000000002 0 2
159 linear 0 23 0.34147300000000003 1.7364085497691732 1 88 0.15277199999999999 0.0088540000000000008 0.15230699999999991 0.0040990000000000002 0.0011940000000000002 0.002647 0.010444 0.0068019999999999999 0.021191999999999999 0 0.027782000000000001 0.00087799999999999998 0.000602 0.0010499999999999999 0.0028500000000000001 0.064561000000000021 0.028862999999999989 0.014662999999999995 0 3
159 linear 1 0 0.37124800000000002 1.8929332785210398 1 88 0.23536899999999999 0.0095200000000000007 0.102656 0.0035330000000000001 0.00133 0.0028419999999999999 0.010937000000000001 0.084370000000000001 0.022185 0 0.027779999999999999 0.00086600000000000002 0.00060400000000000004 0.0012639999999999999 0.0031579999999999998 0.049866999999999981 0.022947999999999972 0.010493000000000001 0 0
159 linear 1 7 0.277619 1.9596930937125765 1 87 0.14719699999999999 0.0072139999999999999 0.098909000000000039 0.0039569999999999996 0.0012589999999999999 0.0025839999999999999 0.010459 0.0067239999999999999 0.022006000000000001 0 0.026473 0.00088199999999999997 0.00041099999999999996 0.001794 0.0028849999999999995 0.047622999999999985 0.021927999999999996 0.010376000000000003 0 1
159 linear 1 15 0.27028400000000002 2.0103533123240531 1 87 0.144121 0.0065230000000000002 0.096289 0.0035820000000000001 0.0011670000000000001 0.0029069999999999999 0.011226999999999999 0.0047029999999999997 0.022315000000000002 0 0.027168999999999999 0.00097000000000000005 0.000417 0.001439 0.0028409999999999998 0.046567000000000018 0.020441999999999995 0.010352000000000005 0 2
159 linear 1 23 0.27231300000000003 2.0331174552306583 1 87 0.14134099999999999 0.0062989999999999999 0.10173699999999998 0.0035119999999999999 0.00097899999999999984 0.002679 0.010695 0.0050020000000000004 0.021856 0 0.026856999999999999 0.00091399999999999999 0.00042999999999999999 0.0012960000000000001 0.0027989999999999998 0.048316999999999985 0.020873999999999986 0.010523000000000005 0 3
159 linear 2 0 0.51349100000000003 5.1218954598204443 1 124 0.229214 0.012845000000000001 0.2269739999999999 0.0068160000000000009 0.001763 0.0028440000000000002 0.011395000000000001 0.066078999999999999 0.021892999999999999 0 0.028618000000000001 0.00085499999999999997 0.00082499999999999989 0.001054 0.0036620000000000003 0.11242599999999997 0.040563999999999996 0.019679000000000009 0 0
159 linear 2 7 0.44545800000000002 4.3743355165173892 1 109 0.17441400000000001 0.013908999999999999 0.22090399999999999 0.005720000000000002 0.0013889999999999998 0.0028310000000000002 0.012604000000000001 0.0051650000000000003 0.024938999999999999 0 0.028797 0.00091799999999999998 0.00090699999999999993 0.00098299999999999993 0.0037760000000000003 0.118723 0.031363999999999989 0.015494000000000003 0 1
159 linear 2 15 0.438556 3.7571434370418797 1 117 0.17057600000000001 0.013339 0.21496699999999999 0.0062060000000000006 0.0017260000000000001 0.002895 0.012526000000000001 0.0064580000000000002 0.0246 0 0.029059999999999999 0.00088199999999999997 0.00083199999999999995 0.00088599999999999996 0.003751 0.11168800000000001 0.033852999999999987 0.016418000000000002 0 2
159 linear 2 23 0.427176 3.2795203514638605 1 109 0.17833099999999999 0.011860000000000001 0.20151699999999997 0.0056480000000000002 0.001601 0.002562 0.012425 0.014921 0.024187 0 0.030280000000000001 0.00080199999999999998 0.00081899999999999996 0.00089499999999999996 0.003555 0.11327999999999998 0.031006999999999965 0.014031000000000004 0 3
159 linear 3 0 0.37804500000000002 1.5486188217407784 1 66 0.231568 0.0094000000000000004 0.11463999999999999 0.0039660000000000008 0.0010460000000000001 0.0027659999999999998 0.011717999999999999 0.076595999999999997 0.022051999999999999 0 0.029162 0.00084999999999999995 0.00059199999999999986 0.0011999999999999999 0.0031130000000000003 0.061490000000000003 0.023450999999999993 0.011691000000000003 0 0
159 linear 3 7 0.27781600000000001 1.5150944065462852 1 58 0.16007099999999999 0.0091400000000000006 0.089559 0.0032329999999999998 0.00069399999999999996 0.0030829999999999998 0.011795 0.010061 0.021221 0 0.029031999999999999 0.00081400000000000005 0.00058399999999999999 0.0011119999999999999 0.0029819999999999998 0.043986999999999984 0.018970999999999991 0.010635000000000002 0 1
159 linear 3 15 0.291796 1.4807954993614778 1 58 0.157086 0.0087559999999999999 0.10783900000000002 0.002957 0.00082599999999999991 0.0027260000000000001 0.010723 0.0093729999999999994 0.021009 0 0.028825 0.00088199999999999997 0.00058200000000000005 0.001013 0.0029420000000000002 0.058390000000000018 0.022110999999999999 0.010724000000000001 0 2
159 linear 3 23 0.31172499999999997 1.450028354384866 1 66 0.15732699999999999 0.0087060000000000002 0.12433699999999999 0.0034020000000000001 0.0010449999999999999 0.0026580000000000002 0.010416 0.0090139999999999994 0.021194000000000001 0 0.029027000000000001 0.00081700000000000002 0.00063299999999999999 0.00099599999999999992 0.0029119999999999997 0.071940999999999991 0.022787999999999989 0.011238999999999999 0 3
159 linear 4 0 0.35240199999999999 1.3340032707508322 1 68 0.23697599999999999 0.0090650000000000001 0.079974000000000017 0.0050179999999999999 0.00098200000000000002 0.0029009999999999999 0.011271 0.083627000000000007 0.021700000000000001 0 0.027803000000000001 0.00081800000000000004 0.00058499999999999991 0.0011720000000000001 0.0032979999999999997 0.038338999999999991 0.018400000000000007 0.0080539999999999987 0 0
159 linear 4 7 0.265988 1.3227570364355719 1 60 0.154665 0.0085780000000000006 0.07986600000000002 0.0038550000000000004 0.00072399999999999993 0.0029710000000000001 0.011273 0.0051619999999999999 0.021273 0 0.027810000000000001 0.00081700000000000002 0.00058100000000000003 0.0011869999999999999 0.0031619999999999999 0.043617000000000003 0.015862000000000005 0.0071220000000000025 0 1
159 linear 4 15 0.27102300000000001 1.3098429467214963 1 60 0.155635 0.0085800000000000008 0.08419900000000001 0.0034970000000000001 0.00076599999999999997 0.0026480000000000002 0.01044 0.0050090000000000004 0.02129 0 0.027498000000000002 0.00080500000000000005 0.00062699999999999995 0.001101 0.003108000000000001 0.047992 0.015782999999999995 0.0071450000000000012 0 2
159 linear 4 23 0.28267100000000001 1.2969060014772424 1 68 0.14897199999999999 0.0084080000000000005 0.10035699999999997 0.0040460000000000001 0.00090200000000000002 0.0024719999999999998 0.010191 0.0047280000000000004 0.021055000000000001 0 0.027276999999999999 0.00079699999999999997 0.00060700000000000012 0.0011000000000000001 0.0029939999999999997 0.057685000000000007 0.019489999999999997 0.0080769999999999991 0 3
159 uniform 0 0 0.34932200000000002 1.9489993530508996 1 80 0.22797400000000001 0.0094780000000000003 0.088597999999999996 0.003699 0.001078 0.0028040000000000001 0.011131 0.079400999999999999 0.022095 0 0.027564000000000002 0.00080000000000000004 0.00057299999999999994 0.0010349999999999999 0.0031139999999999996 0.054092000000000008 0.02218199999999998 0 0 0
159 uniform 0 7 0.28168900000000002 1.8904989944699164 1 80 0.16148299999999999 0.0092259999999999998 0.087170000000000025 0.0037290000000000001 0.00099299999999999996 0.0027889999999999998 0.010725999999999999 0.0065929999999999999 0.023547999999999999 0 0.027807999999999999 0.00087200000000000005 0.00058999999999999992 0.001222 0.00316 0.052109000000000003 0.022761999999999984 0 0 1
159 uniform 0 15 0.290854 1.8195881812675652 1 88 0.155751 0.0088229999999999992 0.099981999999999974 0.0041399999999999996 0.001072 0.0029329999999999998 0.010812 0.006215 0.023317000000000001 0 0.027245999999999999 0.00085999999999999998 0.00060800000000000003 0.0010510000000000001 0.0030030000000000005 0.060759999999999995 0.025666999999999988 0 0 2
159 uniform 0 23 0.306423 1.7395988990514839 1 96 0.15474499999999999 0.0086990000000000001 0.11347099999999996 0.004333 0.001389 0.0027539999999999999 0.010453 0.0069629999999999996 0.022939000000000001 0 0.027594 0.00085499999999999997 0.00060899999999999995 0.00093800000000000003 0.0028639999999999998 0.067455000000000001 0.030803999999999988 0 0 3
159 uniform 1 0 0.34831600000000001 1.9108978635315907 1 80 0.23496 0.012685 0.079434999999999992 0.0029729999999999999 0.001021 0.0030230000000000001 0.011048000000000001 0.084240999999999996 0.023705 0 0.025766000000000001 0.00082799999999999996 0.00063700000000000009 0.0012279999999999999 0.0031440000000000001 0.046424999999999987 0.020968999999999995 0 0 0
159 uniform 1 7 0.26355800000000001 1.9878682690094114 1 87 0.15157599999999999 0.0070460000000000002 0.081782999999999995 0.0031030000000000003 0.0010640000000000001 0.0027920000000000002 0.010671999999999999 0.0068040000000000002 0.023581000000000001 0 0.026883000000000001 0.000968 0.00043599999999999997 0.0018109999999999999 0.0028690000000000005 0.046866999999999992 0.021797999999999984 0 0 1
159 uniform 1 15 0.25378099999999998 2.0319415385751705 1 87 0.144955 0.0064619999999999999 0.079683000000000018 0.0029520000000000002 0.0010840000000000001 0.0026020000000000001 0.010576 0.0044840000000000001 0.023483 0 0.026272 0.00096100000000000005 0.00041799999999999997 0.0015330000000000001 0.0029049999999999996 0.046199000000000025 0.020471999999999994 0 0 2
159 uniform 1 23 0.25247199999999997 2.0429817784917899 1 87 0.14247199999999999 0.0062300000000000003 0.081918999999999978 0.0027190000000000001 0.000977 0.0026979999999999999 0.010366 0.004829 0.023656 0 0.026714999999999999 0.00091200000000000005 0.00042000000000000002 0.001371 0.002833 0.048243999999999988 0.020737999999999979 0 0 3
159 uniform 2 0 0.45701900000000001 5.2639935282710191 1 124 0.23291700000000001 0.012784999999999999 0.169514 0.0060629999999999998 0.001604 0.0029099999999999998 0.011469999999999999 0.068407999999999997 0.023814999999999999 0 0.028693 0.00087100000000000003 0.00081500000000000008 0.00099200000000000004 0.0036750000000000003 0.10977600000000004 0.03961499999999999 0 0 0
159 uniform 2 7 0.38049500000000003 4.4780167040885477 1 109 0.17069500000000001 0.012378999999999999 0.16314599999999999 0.0050659999999999993 0.0013080000000000001 0.0028830000000000001 0.011481 0.0049880000000000002 0.023588000000000001 0 0.028958000000000001 0.00085599999999999999 0.0009050000000000001 0.0010039999999999999 0.003728 0.11545399999999999 0.030567999999999984 0 0 1
159 uniform 2 15 0.36994100000000002 3.8422234447231771 1 109 0.166517 0.012054 0.15717500000000004 0.0048579999999999995 0.001273 0.0028700000000000002 0.011311 0.0061180000000000002 0.023848999999999999 0 0.028937000000000001 0.00088599999999999996 0.00082600000000000002 0.00089599999999999999 0.0035729999999999998 0.10980800000000006 0.030342999999999992 0 0 2
159 uniform 2 23 0.37937900000000002 3.3483934991878721 1 109 0.17185900000000001 0.011624000000000001 0.16159999999999997 0.0049329999999999999 0.0013559999999999998 0.002653 0.010907 0.014423999999999999 0.023550000000000001 0 0.028112000000000002 0.000892 0.00084000000000000003 0.00087399999999999999 0.003483 0.11388600000000001 0.031002999999999978 0 0 3
159 uniform 3 0 0.35561500000000001 1.5511301947338139 1 66 0.22955500000000001 0.0089720000000000008 0.096239000000000033 0.003104 0.00092599999999999996 0.0028189999999999999 0.011368 0.074686000000000002 0.024827999999999999 0 0.028584999999999999 0.00087100000000000003 0.00060800000000000003 0.0011980000000000001 0.0030740000000000003 0.062298999999999993 0.023316999999999997 0 0 0
159 uniform 3 7 0.26431199999999999 1.5172268304958207 1 58 0.162914 0.0091420000000000008 0.073364000000000013 0.0028200000000000005 0.00070199999999999993 0.0028210000000000002 0.01093 0.0096629999999999997 0.021465999999999999 0 0.028650999999999999 0.00083600000000000005 0.00058799999999999998 0.0011169999999999999 0.0030709999999999999 0.044661999999999993 0.019210999999999985 0 0 1
159 uniform 3 15 0.27343299999999998 1.4826165700357066 1 58 0.15617900000000001 0.0088730000000000007 0.090738999999999972 0.0026319999999999998 0.00072700000000000011 0.0027179999999999999 0.010407 0.0093690000000000006 0.021104999999999999 0 0.028701000000000001 0.00076199999999999998 0.0005750000000000001 0.0010150000000000001 0.0029099999999999994 0.058673999999999983 0.022275999999999994 0 0 2
159 uniform 3 23 0.29563 1.4516088022530513 1 74 0.15587699999999999 0.0086979999999999991 0.10832399999999999 0.0039659999999999999 0.000812 0.0025850000000000001 0.010309 0.0091339999999999998 0.021337999999999999 0 0.028941999999999999 0.00083699999999999996 0.00061699999999999993 0.001 0.0029110000000000004 0.070847000000000035 0.025320999999999972 0 0 3
159 uniform 4 0 0.31879200000000002 1.3349935707834886 1 52 0.238811 0.0089210000000000001 0.052441000000000002 0.0026849999999999999 0.00084399999999999992 0.002836 0.010919 0.083791000000000004 0.021801999999999998 0 0.027829 0.00076099999999999996 0.00059699999999999998 0.0011850000000000001 0.0032169999999999998 0.030769999999999992 0.013923000000000001 0 0 0
159 uniform 4 7 0.226632 1.323653278611107 1 44 0.153332 0.0085159999999999993 0.048875999999999996 0.0020230000000000001 0.00058600000000000004 0.0028059999999999999 0.010355 0.005006 0.021156999999999999 0 0.027803999999999999 0.000745 0.00061700000000000004 0.0011640000000000001 0.0031559999999999995 0.031353000000000006 0.010897000000000002 0 0 1
159 uniform 4 15 0.22966500000000001 1.3106327299660117 1 44 0.15112100000000001 0.0085710000000000005 0.053753999999999996 0.0022309999999999999 0.00063699999999999998 0.0026749999999999999 0.010371 0.0048190000000000004 0.021146999999999999 0 0.027007 0.00071100000000000004 0.00061399999999999996 0.001119 0.0032320000000000001 0.035783999999999996 0.011381000000000004 0 0 2
159 uniform 4 23 0.242366 1.2975927086940198 1 52 0.15210899999999999 0.0082909999999999998 0.063540000000000013 0.0027699999999999999 0.00076300000000000001 0.002676 0.01064 0.0051770000000000002 0.021634 0 0.027630999999999999 0.00079799999999999999 0.00057899999999999998 0.0010950000000000001 0.0031829999999999996 0.041184999999999992 0.014581000000000002 0 0 3
160 linear 3 0 0.86337399999999997 3517.1004987403435 1 36 0.70616999999999996 0.043607 0.101311 0.0019910000000000001 0.00053799999999999996 0.0031150000000000001 0.011152 0.19631299999999999 0.10163800000000001 0 0.025982000000000002 0.00083500000000000002 0.27335999999999999 0.00114 0.0032850000000000002 0.071282999999999985 0.011047000000000001 0.0039540000000000009 0 0
160 linear 3 7 0.59174599999999999 3581.5307869122207 1 29 0.431205 0.036621000000000001 0.11154900000000001 0.0019139999999999999 0.00045899999999999999 0.0028779999999999999 0.010586999999999999 0.028804 0.023657000000000001 0 0.026370000000000001 0.00083000000000000001 0.24264000000000002 0.001158 0.0032129999999999997 0.090445000000000025 0.0082380000000000023 0.0033380000000000007 0 1
160 linear 3 15 0.60947499999999999 3644.9260635341584 1 29 0.45543800000000001 0.037368999999999999 0.10444900000000001 0.0018129999999999999 0.00037800000000000003 0.0028059999999999999 0.010689000000000001 0.024197 0.023602999999999999 0 0.026953999999999999 0.00090600000000000001 0.27494499999999999 0.0010679999999999999 0.0032280000000000004 0.083247999999999989 0.008483000000000001 0.0033220000000000003 0 2
160 linear 3 23 0.60558699999999999 3696.0128017970223 1 29 0.407831 0.037315000000000001 0.14731900000000001 0.0017910000000000001 0.00045800000000000002 0.0026159999999999998 0.010266000000000001 0.019021 0.026904000000000001 0 0.02639 0.00088999999999999995 0.23265400000000003 0.001075 0.003454 0.11975899999999998 0.0096670000000000037 0.0044500000000000017 0 3
160 linear 4 0 0.69178200000000001 51.011302769796686 1 61 0.45797300000000002 0.041520000000000001 0.16569799999999998 0.0046339999999999992 0.00092000000000000003 0.0039589999999999998 0.011198 0.19814499999999999 0.127109 0 0.026157 0.00090700000000000004 0.0022680000000000001 0.0013439999999999999 0.0033600000000000001 0.095485000000000042 0.024033999999999989 0.0067819999999999981 0 0
160 linear 4 7 0.65964999999999996 51.019588981951614 1 61 0.348111 0.041800999999999998 0.24328100000000003 0.0041440000000000001 0.00082400000000000008 0.0027260000000000001 0.01209 0.057007000000000002 0.034252999999999999 0 0.026084 0.00093700000000000001 0.129081 0.0013079999999999999 0.0037110000000000003 0.17832800000000001 0.021833999999999989 0.0059330000000000025 0 1
160 linear 4 15 0.62889200000000001 51.029249375718479 1 61 0.33698 0.038705999999999997 0.22851400000000002 0.0038010000000000001 0.00080399999999999992 0.0026020000000000001 0.010076999999999999 0.057284000000000002 0.030853999999999999 0 0.025243999999999999 0.00079699999999999997 0.13127999999999998 0.0011659999999999999 0.0031019999999999989 0.16500699999999996 0.021639999999999989 0.0058260000000000013 0 2
160 linear 4 23 0.74749699999999997 51.039120591091802 1 61 0.45938899999999999 0.03773 0.22577499999999998 0.0037599999999999999 0.00076200000000000009 0.0024190000000000001 0.0096520000000000009 0.056096 0.020597000000000001 0 0.025180999999999999 0.00070799999999999997 0.26832100000000003 0.0011039999999999999 0.0030629999999999998 0.162467 0.021384999999999994 0.0058340000000000032 0 3
160 uniform 3 0 0.88534000000000002 3525.7908086036227 1 52 0.70674599999999999 0.039170000000000003 0.12223500000000002 0.0030569999999999998 0.00070699999999999995 0.0028440000000000002 0.01111 0.19442799999999999 0.101107 0 0.026494 0.00088999999999999995 0.27536300000000002 0.001152 0.003323 0.098057000000000005 0.016232999999999997 0 0 0
160 uniform 3 7 0.57655699999999999 3590.2866186012293 1 29 0.42611300000000002 0.035712000000000001 0.10273000000000002 0.001634 0.00049700000000000005 0.0026849999999999999 0.010491 0.028854000000000001 0.023723000000000001 0 0.026714999999999999 0.00084599999999999996 0.24185299999999998 0.0011609999999999999 0.0031419999999999998 0.090081000000000008 0.0082420000000000011 0 0 1
160 uniform 3 15 0.60147600000000001 3653.6024906559787 1 29 0.45635199999999998 0.036998000000000003 0.09597 0.0016900000000000001 0.00042900000000000002 0.0026289999999999998 0.010696000000000001 0.024004000000000001 0.024503 0 0.026841 0.00082700000000000004 0.27730000000000005 0.001011 0.0030739999999999999 0.082990999999999981 0.0084980000000000003 0 0 2
160 uniform 3 23 0.554732 3704.4663347045716 1 29 0.40712900000000002 0.036255999999999997 0.099482000000000001 0.0015820000000000001 0.00039599999999999998 0.002503 0.01055 0.018948 0.024958000000000001 0 0.026745999999999999 0.00088599999999999996 0.23234099999999999 0.00098400000000000007 0.0030110000000000002 0.086589000000000013 0.0084679999999999998 0 0 3
160 uniform 4 0 0.59200600000000003 51.01141811565536 1 45 0.44863999999999998 0.038942999999999998 0.086376999999999968 0.0025059999999999995 0.00068099999999999996 0.002611 0.010891 0.19744600000000001 0.126416 0 0.026377000000000001 0.00089999999999999998 0.0022330000000000002 0.001294 0.0030739999999999995 0.062858999999999998 0.016657999999999992 0 0 0
160 uniform 4 7 0.54542800000000002 51.01970809386291 1 45 0.335399 0.039226999999999998 0.15294300000000005 0.002385 0.00064500000000000007 0.002526 0.010119 0.055697000000000003 0.032607999999999998 0 0.025565999999999998 0.00083000000000000001 0.12880299999999997 0.001297 0.0030430000000000006 0.13001099999999999 0.015936999999999996 0 0 1
160 uniform 4 15 0.54601100000000002 51.029373008351811 1 45 0.33416699999999999 0.040461999999999998 0.15320500000000004 0.0026320000000000002 0.00064700000000000001 0.0024789999999999999 0.0097300000000000008 0.05518 0.032119000000000002 0 0.025014999999999999 0.00090499999999999999 0.13136800000000001 0.00116 0.0030349999999999999 0.12948799999999999 0.016732000000000007 0 0 2
160 uniform 4 23 0.66314399999999996 51.039248990610616 1 45 0.46184999999999998 0.038282999999999998 0.145403 0.0023700000000000001 0.00060599999999999998 0.00248 0.010198 0.056134999999999997 0.022636 0 0.025794999999999998 0.00081700000000000002 0.26699200000000001 0.0010989999999999999 0.0031190000000000002 0.12234399999999998 0.016286000000000005 0 0 3
161 linear 3 0 1.2099070000000001 57.660610977937019 1 114 0.79098999999999997 0.096379000000000006 0.27904100000000004 0.0076160000000000004 0.0016819999999999999 0.0027950000000000002 0.011226999999999999 0.196988 0.085009000000000001 0 0.027178999999999998 0.00082399999999999997 0.37518100000000004 0.00082100000000000001 0.0035270000000000011 0.16218900000000003 0.049833999999999976 0.011635999999999999 0 0
161 linear 3 7 0.83566200000000002 58.075767533516135 1 114 0.34690300000000002 0.097075999999999996 0.34803899999999988 0.0074589999999999995 0.0014419999999999999 0.0025479999999999999 0.010517 0.051178000000000001 0.031530000000000002 0 0.025912999999999999 0.00082100000000000001 0.13428899999999999 0.00070200000000000004 0.0035570000000000003 0.23070899999999997 0.050047999999999926 0.011645000000000001 0 1
161 linear 3 15 1.219563 58.690338390548149 1 114 0.712198 0.092832999999999999 0.37198400000000015 0.0068969999999999995 0.0013340000000000001 0.0026159999999999998 0.010472 0.050814999999999999 0.031753999999999998 0 0.026557999999999998 0.00079600000000000005 0.493811 0.00074799999999999997 0.0036690000000000004 0.25522000000000017 0.05035699999999993 0.011618999999999996 0 2
161 linear 3 23 0.85036199999999995 59.613733007167788 1 114 0.33884199999999998 0.092111999999999999 0.37712899999999988 0.0064869999999999997 0.001312 0.0025850000000000001 0.010166 0.050361999999999997 0.032117 0 0.026114999999999999 0.00077700000000000002 0.124902 0.00085800000000000004 0.0035839999999999995 0.26028799999999996 0.050717999999999971 0.011647999999999999 0 3
161 linear 4 0 0.63731199999999999 1616.9131291596163 1 45 0.46107799999999999 0.010881999999999999 0.14460899999999999 0.0034749999999999998 0.0013089999999999998 0.0027659999999999998 0.011063 0.186837 0.024183 0 0.026197000000000002 0.00082700000000000004 0.12520299999999998 0.0014400000000000001 0.0035620000000000001 0.096102999999999994 0.017842999999999998 0.0047139999999999994 0 0
161 linear 4 7 0.56888099999999997 1622.5177416000938 1 45 0.36048999999999998 0.011063 0.17829200000000001 0.0029970000000000001 0.00060799999999999993 0.0028990000000000001 0.011750999999999999 0.023642 0.025332 0 0.026724999999999999 0.00080500000000000005 0.18711799999999998 0.0012689999999999999 0.0035339999999999998 0.12842399999999995 0.017198999999999999 0.005468999999999999 0 1
161 linear 4 15 0.62986200000000003 1628.2574594754769 1 45 0.436782 0.010834999999999999 0.16361900000000004 0.0027800000000000004 0.00056499999999999996 0.0025969999999999999 0.011258000000000001 0.020153999999999998 0.025356 0 0.025368000000000002 0.00080500000000000005 0.27250000000000002 0.00108 0.0034320000000000002 0.11972100000000001 0.013931000000000001 0.0047219999999999988 0 2
161 linear 4 23 0.594499 1633.2736703224505 1 45 0.400337 0.0095200000000000007 0.16651699999999997 0.0026630000000000004 0.00049200000000000003 0.002493 0.011161000000000001 0.020771999999999999 0.024832 0 0.025779 0.00072599999999999997 0.237013 0.00098400000000000007 0.0030019999999999995 0.12391100000000001 0.013568000000000002 0.004517000000000001 0 3
161 uniform 3 0 1.0803659999999999 57.700291003832504 1 82 0.78815999999999997 0.101003 0.16121100000000002 0.0046030000000000003 0.0012620000000000001 0.0028660000000000001 0.010836999999999999 0.19716500000000001 0.083629999999999996 0 0.027324000000000001 0.00086700000000000004 0.37286600000000003 0.00072999999999999996 0.0035000000000000001 0.10876999999999998 0.040113000000000003 0 0 0
161 uniform 3 7 0.69098000000000004 58.129216790808833 1 82 0.352578 0.093481999999999996 0.21582099999999996 0.004104 0.0011249999999999999 0.0028370000000000001 0.010840000000000001 0.051527000000000003 0.031808999999999997 0 0.026544000000000002 0.00088099999999999995 0.13478000000000001 0.00075600000000000005 0.0033900000000000002 0.16333700000000004 0.04020799999999998 0 0 1
161 uniform 3 15 1.0653170000000001 58.772141506938155 1 82 0.70962800000000004 0.094611000000000001 0.23141699999999996 0.0045120000000000004 0.0010580000000000001 0.0026979999999999999 0.010312 0.050706000000000001 0.031574999999999999 0 0.026419000000000002 0.00085099999999999998 0.4919 0.000718 0.0034040000000000003 0.17828300000000002 0.040600999999999998 0 0 2
161 uniform 3 23 0.707399 59.769222478500168 1 82 0.34114299999999997 0.094397999999999996 0.24241000000000001 0.004398 0.001049 0.0025990000000000002 0.010475999999999999 0.050576999999999997 0.035777999999999997 0 0.026332000000000001 0.00091200000000000005 0.122985 0.00069999999999999999 0.003467 0.189494 0.040628999999999978 0 0 3
161 uniform 4 0 0.55250699999999997 1617.180292860251 1 29 0.46102199999999999 0.0096419999999999995 0.070378999999999997 0.0014850000000000002 0.00049200000000000003 0.0028700000000000002 0.011046 0.18693499999999999 0.025836000000000001 0 0.026318000000000001 0.00083699999999999996 0.123561 0.0013470000000000001 0.0031930000000000001 0.05722 0.0087460000000000003 0 0 0
161 uniform 4 7 0.46987099999999998 1622.7845016771653 1 29 0.35288700000000001 0.0096860000000000002 0.095655000000000004 0.001565 0.00040400000000000001 0.0027929999999999999 0.010208999999999999 0.022207999999999999 0.024754000000000002 0 0.02597 0.00080900000000000004 0.18689899999999998 0.00117 0.003143 0.082569999999999977 0.0086119999999999981 0 0 1
161 uniform 4 15 0.55488199999999999 1628.5234190615456 1 29 0.43734099999999998 0.0095729999999999999 0.096328000000000025 0.0014529999999999999 0.00037799999999999997 0.0025270000000000002 0.010142 0.018634999999999999 0.024299000000000001 0 0.025714999999999998 0.00076499999999999995 0.27693400000000001 0.001093 0.0029820000000000003 0.083648 0.008264999999999998 0 0 2
161 uniform 4 23 0.51947299999999996 1633.5384760433444 1 29 0.396976 0.0095449999999999997 0.10151099999999999 0.0014810000000000001 0.00037500000000000001 0.0024580000000000001 0.0098370000000000003 0.019269999999999999 0.024615999999999999 0 0.025604999999999999 0.00075000000000000002 0.23691799999999999 0.0010579999999999999 0.0029980000000000002 0.088537999999999992 0.0085629999999999994 0 0 3
162 linear 3 0 0.55062500000000003 63.190982930568978 1 99 0.35322199999999998 0.013781 0.14234800000000006 0.0072750000000000002 0.0016080000000000001 0.0027650000000000001 0.010664 0.179063 0.033681999999999997 0 0.027817000000000001 0.000834 0.0054519999999999994 0.00070699999999999995 0.0036680000000000003 0.060357999999999988 0.043014000000000038 0.011311000000000002 0 0
162 linear 3 7 0.57900600000000002 62.835994711020959 1 99 0.21376000000000001 0.013525000000000001 0.31072400000000006 0.0074199999999999995 0.0013129999999999999 0.002483 0.010031999999999999 0.044204 0.031828000000000002 0 0.025468999999999999 0.00075000000000000002 0.0053210000000000002 0.00074100000000000001 0.003614 0.23024700000000003 0.041367000000000022 0.011275999999999996 0 1
162 linear 3 15 0.51016399999999995 62.440803135394795 1 83 0.21015900000000001 0.013195999999999999 0.25380299999999995 0.005365 0.0010500000000000002 0.0025309999999999998 0.0093589999999999993 0.043636000000000001 0.033613999999999998 0 0.025336000000000001 0.00074299999999999995 0.0052789999999999998 0.00073300000000000004 0.0036159999999999994 0.18571199999999996 0.034804000000000002 0.0094130000000000047 0 2
162 linear 3 23 0.47384999999999999 62.056221966758287 1 83 0.20404800000000001 0.013126000000000001 0.22441900000000009 0.0048220000000000008 0.00099200000000000004 0.002366 0.008855 0.044349 0.030928000000000001 0 0.024601999999999999 0.00075699999999999997 0.0052160000000000002 0.00064300000000000002 0.00349 0.15637700000000002 0.034873000000000001 0.0093880000000000022 0 3
162 linear 4 0 0.63223499999999999 27.295710440779892 1 61 0.420964 0.010474000000000001 0.17638799999999996 0.0037040000000000003 0.00086400000000000008 0.002598 0.011073 0.19886000000000001 0.042778999999999998 0 0.025721000000000001 0.00089300000000000002 0.057530999999999999 0.001328 0.0030769999999999999 0.11261099999999999 0.022633000000000014 0.0058020000000000016 0 0
162 linear 4 7 0.59023199999999998 27.266473613992574 1 61 0.34371299999999999 0.010541999999999999 0.21139700000000003 0.003712 0.000767 0.002565 0.010324 0.058626999999999999 0.042032 0 0.025160999999999999 0.000812 0.12718199999999999 0.001181 0.0029710000000000001 0.14436099999999999 0.026113000000000001 0.0058100000000000018 0 1
162 linear 4 15 0.60364600000000002 27.234141076235325 1 61 0.36104999999999998 0.010607 0.20627899999999999 0.0043429999999999996 0.00076000000000000004 0.002447 0.0099869999999999994 0.058701999999999997 0.052568999999999998 0 0.025479999999999999 0.00081599999999999999 0.130185 0.001263 0.0032079999999999999 0.14374900000000002 0.021770999999999992 0.005830000000000001 0 2
162 linear 4 23 0.56616299999999997 27.20290062783781 1 61 0.33412799999999998 0.01044 0.196907 0.0038639999999999998 0.00073399999999999995 0.0023679999999999999 0.0097769999999999992 0.058691 0.031285 0 0.024968000000000001 0.00074100000000000001 0.130694 0.001072 0.0030739999999999999 0.134134 0.022169999999999999 0.0057919999999999994 0 3
162 uniform 3 0 0.47320600000000002 63.556559005692577 1 67 0.34926699999999999 0.01495 0.082252000000000006 0.0036530000000000004 0.0010369999999999999 0.0025240000000000002 0.010439 0.178201 0.031905999999999997 0 0.025513000000000001 0.00076099999999999996 0.0055139999999999998 0.00067699999999999998 0.0039550000000000002 0.043180000000000003 0.028642999999999991 0 0 0
162 uniform 3 7 0.46295700000000001 63.188449853568478 1 67 0.216812 0.014514000000000001 0.20473900000000006 0.0035069999999999997 0.0010450000000000001 0.0024160000000000002 0.010851 0.045430999999999999 0.034049999999999997 0 0.025336000000000001 0.00073099999999999999 0.0052900000000000004 0.00064899999999999995 0.0038710000000000003 0.16156900000000007 0.030584999999999991 0 0 1
162 uniform 3 15 0.44983400000000001 62.779164691830097 1 67 0.21171200000000001 0.014595 0.19735800000000001 0.0034099999999999998 0.00093399999999999993 0.0023050000000000002 0.010333999999999999 0.045025999999999997 0.034564999999999999 0 0.024813000000000002 0.00072400000000000003 0.0052389999999999997 0.00062399999999999999 0.0038010000000000001 0.15899199999999997 0.027923000000000007 0 0 2
162 uniform 3 23 0.422124 62.381367863769491 1 67 0.212752 0.017575 0.16495200000000004 0.0046110000000000005 0.00083500000000000002 0.0022989999999999998 0.010253 0.045781000000000002 0.034507999999999997 0 0.024164999999999999 0.00076800000000000002 0.0052300000000000003 0.00070200000000000004 0.0040260000000000009 0.12767699999999998 0.027060999999999995 0 0 3
162 uniform 4 0 0.54730599999999996 27.296345009900939 1 45 0.413831 0.010373 0.105765 0.002222 0.000727 0.0023159999999999999 0.0099159999999999995 0.19522500000000001 0.042231999999999999 0 0.025988000000000001 0.00090899999999999998 0.057407 0.0012800000000000001 0.0031319999999999998 0.080964999999999954 0.018054999999999991 0 0 0
162 uniform 4 7 0.50500599999999995 27.267077043540038 1 45 0.34523700000000002 0.010508 0.13152600000000003 0.0023080000000000002 0.00065499999999999998 0.00232 0.0097389999999999994 0.058508999999999999 0.041648999999999999 0 0.025222999999999999 0.00082100000000000001 0.13095399999999999 0.001207 0.0029680000000000002 0.10720900000000003 0.017543000000000007 0 0 1
162 uniform 4 15 0.508826 27.234711462763261 1 45 0.35304400000000002 0.010437 0.12757399999999997 0.0022559999999999998 0.00060700000000000001 0.002189 0.0090819999999999998 0.058666999999999997 0.052095000000000002 0 0.025107999999999998 0.00075500000000000003 0.13023100000000001 0.0011640000000000001 0.0029610000000000001 0.10377300000000003 0.017029000000000002 0 0 2
162 uniform 4 23 0.49066900000000002 27.203440436698788 1 45 0.33038499999999998 0.010064999999999999 0.13291499999999998 0.0022209999999999999 0.00059700000000000009 0.0022409999999999999 0.0089940000000000003 0.058727000000000001 0.031008999999999998 0 0.024537 0.00072199999999999999 0.13014699999999998 0.0011000000000000001 0.0029350000000000001 0.108511 0.017597000000000002 0 0 3
163 linear 3 0 0.54784900000000003 40.37133234396881 1 99 0.32710800000000001 0.014031 0.16673299999999999 0.0069979999999999999 0.0015130000000000002 0.0026280000000000001 0.010656000000000001 0.16556299999999999 0.021753999999999999 0 0.025860000000000001 0.00079500000000000003 0.004274 0.00070200000000000004 0.0036239999999999996 0.077566000000000065 0.037167999999999972 0.010562000000000002 0 0
163 linear 3 7 0.63647699999999996 39.643129520733567 1 99 0.20178299999999999 0.014217 0.38031799999999988 0.0064730000000000005 0.001372 0.0026480000000000002 0.010206 0.038126 0.021142000000000001 0 0.026037000000000001 0.00085800000000000004 0.006755999999999999 0.00076300000000000001 0.0036009999999999996 0.28974100000000003 0.038586999999999982 0.010586000000000002 0 1
163 linear 3 15 0.61427399999999999 38.887400935326042 1 99 0.19303799999999999 0.013769999999999999 0.36820999999999993 0.0061829999999999993 0.0013489999999999999 0.002467 0.0097319999999999993 0.037213999999999997 0.022852000000000001 0 0.025391 0.00083299999999999997 0.0042059999999999988 0.00068900000000000005 0.0035170000000000002 0.277887 0.038817000000000004 0.010576999999999996 0 2
163 linear 3 23 0.65451599999999999 38.19953725673097 1 99 0.19109599999999999 0.013761000000000001 0.41099900000000011 0.0058759999999999993 0.0013309999999999999 0.0022980000000000001 0.0092390000000000007 0.037273000000000001 0.022785 0 0.02503 0.00080400000000000003 0.0041040000000000009 0.00066 0.0035119999999999995 0.32034400000000007 0.038404000000000008 0.010573999999999998 0 3
163 linear 4 0 0.52601699999999996 11.693572315965238 1 61 0.336206 0.0096559999999999997 0.15567600000000001 0.0036499999999999996 0.00094399999999999996 0.0023830000000000001 0.010244 0.19247300000000001 0.022825999999999999 0 0.025751 0.00083299999999999997 0.001905 0.0013079999999999999 0.0030860000000000002 0.089766000000000012 0.021281000000000008 0.0055790000000000015 0 0
163 linear 4 7 0.40335900000000002 11.693720151699052 1 61 0.187419 0.0096579999999999999 0.18220100000000003 0.0035229999999999997 0.00081100000000000009 0.0022499999999999998 0.0095549999999999993 0.048436 0.022741000000000001 0 0.025059000000000001 0.00081999999999999998 0.0018140000000000001 0.001263 0.0030130000000000001 0.11737599999999999 0.020606000000000003 0.0055690000000000019 0 1
163 linear 4 15 0.41617199999999999 11.693889094431515 1 61 0.19106500000000001 0.0093620000000000005 0.19022600000000001 0.004006 0.00082499999999999989 0.0022039999999999998 0.0093050000000000008 0.050318000000000002 0.022849999999999999 0 0.025773999999999998 0.00071900000000000002 0.0017959999999999999 0.001142 0.0030760000000000002 0.12521899999999997 0.020542000000000015 0.0055580000000000004 0 2
163 linear 4 23 0.40507900000000002 11.694058024095531 1 61 0.19145899999999999 0.0092479999999999993 0.179976 0.00363 0.00078600000000000002 0.0025699999999999998 0.0088710000000000004 0.055587999999999999 0.022370999999999999 0 0.024913000000000001 0.00076800000000000002 0.0017960000000000001 0.0009859999999999999 0.0031169999999999995 0.11471499999999997 0.021058000000000007 0.0055880000000000018 0 3
163 uniform 3 0 0.46831800000000001 40.535173715734928 1 67 0.32744400000000001 0.014342000000000001 0.10059899999999997 0.0034870000000000001 0.001 0.0024260000000000002 0.010038999999999999 0.165907 0.023928999999999999 0 0.025942 0.00078200000000000003 0.0041750000000000008 0.00069700000000000003 0.0036449999999999994 0.066531999999999994 0.023966999999999992 0 0 0
163 uniform 3 7 0.44819500000000001 39.785255258666389 1 67 0.19131500000000001 0.014138 0.21694800000000003 0.0033680000000000003 0.00090299999999999994 0.0023630000000000001 0.0094859999999999996 0.038198999999999997 0.020895 0 0.025381999999999998 0.00084599999999999996 0.0040769999999999999 0.00071599999999999995 0.0034920000000000003 0.18290600000000007 0.023937999999999994 0 0 1
163 uniform 3 15 0.43089499999999997 39.009743616550118 1 67 0.18867999999999999 0.013927999999999999 0.20277600000000001 0.0033709999999999999 0.0009810000000000001 0.0021440000000000001 0.0092029999999999994 0.037123000000000003 0.020875999999999999 0 0.025152000000000001 0.00073300000000000004 0.0041270000000000005 0.00066500000000000001 0.0034550000000000002 0.168161 0.024576000000000001 0 0 2
163 uniform 3 23 0.47291699999999998 38.306024943986351 1 67 0.19198899999999999 0.013662000000000001 0.24210499999999999 0.0032959999999999995 0.00088600000000000007 0.0020969999999999999 0.0088489999999999992 0.041860000000000001 0.020837000000000001 0 0.024996999999999998 0.00080199999999999998 0.0041310000000000001 0.00066699999999999995 0.0033790000000000001 0.20794500000000005 0.024038999999999994 0 0 3
163 uniform 4 0 0.439081 11.69357234395013 1 45 0.32824799999999998 0.009384 0.084024999999999975 0.0022209999999999999 0.00075099999999999993 0.0022330000000000002 0.0092350000000000002 0.190081 0.020732 0 0.025505 0.00071599999999999995 0.001843 0.001158 0.0030149999999999999 0.060763000000000005 0.016496 0 0 0
163 uniform 4 7 0.326548 11.693720179675964 1 45 0.18438499999999999 0.0092180000000000005 0.11550499999999997 0.0022359999999999997 0.0006739999999999999 0.002225 0.0089770000000000006 0.048543999999999997 0.020348000000000002 0 0.027526999999999999 0.00071599999999999995 0.001756 0.0010870000000000001 0.0030509999999999999 0.092847000000000013 0.015830999999999998 0 0 1
163 uniform 4 15 0.33058799999999999 11.693889122422146 1 45 0.18507100000000001 0.0092589999999999999 0.11826699999999996 0.0024350000000000001 0.00067700000000000008 0.002098 0.0087119999999999993 0.050187000000000002 0.020375000000000001 0 0.025026 0.00064499999999999996 0.0018270000000000001 0.001026 0.0030830000000000002 0.095310000000000006 0.015894999999999999 0 0 2
163 uniform 4 23 0.32730100000000001 11.694058052082987 1 45 0.18732499999999999 0.0091599999999999997 0.11321299999999998 0.0023050000000000002 0.00063100000000000005 0.0022209999999999999 0.0085299999999999994 0.055417000000000001 0.020409 0 0.024583000000000001 0.00078700000000000005 0.001802 0.00098900000000000008 0.0029890000000000003 0.089960999999999999 0.016127999999999997 0 0 3
164 linear 3 0 0.663188 419.58334440913268 1 45 0.53312000000000004 0.0096290000000000004 0.10200200000000001 0.0030299999999999997 0.00064100000000000008 0.0025349999999999999 0.010265 0.18101100000000001 0.022103000000000001 0 0.025343000000000001 0.00084099999999999995 0.21093399999999998 0.001258 0.0032550000000000001 0.066311999999999996 0.013526999999999996 0.0048790000000000014 0 0
164 linear 3 7 0.60387100000000005 420.16071166964338 1 45 0.412887 0.0091999999999999998 0.16337299999999996 0.0029709999999999997 0.00050100000000000003 0.0025110000000000002 0.0099109999999999997 0.031536000000000002 0.021613 0 0.025824 0.00084099999999999995 0.24279899999999999 0.001212 0.0031779999999999998 0.12849999999999995 0.012758000000000002 0.004863000000000001 0 1
164 linear 3 15 0.558311 420.77694216742742 1 45 0.35360999999999998 0.010465 0.17566300000000001 0.0029169999999999999 0.00048300000000000003 0.0024130000000000002 0.0095110000000000004 0.028452999999999999 0.022032 0 0.025111000000000001 0.00076900000000000004 0.18818099999999999 0.0011039999999999999 0.0033029999999999995 0.13987400000000005 0.013265000000000004 0.0050639999999999982 0 2
164 linear 3 23 0.58708499999999997 421.34631068509947 1 45 0.39010499999999998 0.010460000000000001 0.16760799999999998 0.002941 0.00051100000000000006 0.002366 0.0106 0.038019999999999998 0.024684999999999999 0 0.025045000000000001 0.000718 0.21044000000000002 0.001023 0.003305999999999999 0.13174 0.013566 0.0050649999999999975 0 3
164 linear 4 0 0.71147400000000005 388.78368801730528 1 45 0.57369700000000001 0.0086969999999999999 0.110971 0.002715 0.00052500000000000008 0.0029520000000000002 0.012215999999999999 0.176093 0.024923000000000001 0 0.026166999999999999 0.00080099999999999995 0.25047900000000001 0.001067 0.0031400000000000004 0.072151000000000021 0.014844000000000001 0.0048800000000000015 0 0
164 linear 4 7 0.500579 388.89398540780161 1 45 0.29444900000000002 0.0087969999999999993 0.17941400000000002 0.0025999999999999999 0.00054500000000000002 0.0024759999999999999 0.0097380000000000001 0.033159000000000001 0.021974 0 0.025937999999999999 0.000745 0.124329 0.001111 0.0030249999999999999 0.14194700000000002 0.013560000000000003 0.0048650000000000013 0 1
164 linear 4 15 0.59907299999999997 388.98601475971981 1 45 0.39216800000000002 0.0089210000000000001 0.180203 0.002483 0.000495 0.0024589999999999998 0.0098420000000000001 0.022061000000000001 0.021271000000000002 0 0.025624000000000001 0.00072300000000000001 0.23545000000000002 0.0010089999999999999 0.0029169999999999999 0.14238200000000001 0.013948999999999996 0.0048750000000000017 0 2
164 linear 4 23 0.59794199999999997 389.04184686171851 1 45 0.39149499999999998 0.0090279999999999996 0.17864700000000003 0.002908 0.00055800000000000001 0.002271 0.0093069999999999993 0.033125000000000002 0.02095 0 0.025863000000000001 0.00074299999999999995 0.22286900000000001 0.001041 0.0030460000000000001 0.14128600000000002 0.013353 0.0048870000000000007 0 3
164 uniform 3 0 0.61137900000000001 419.59925933935875 1 29 0.52915400000000001 0.0093279999999999995 0.061307000000000007 0.0015560000000000001 0.00050699999999999996 0.0028219999999999999 0.010789999999999999 0.179396 0.022037999999999999 0 0.025543 0.00071699999999999997 0.21096999999999999 0.0010950000000000001 0.0029989999999999999 0.048294000000000011 0.0085150000000000017 0 0 0
164 uniform 3 7 0.52776199999999995 420.17663147313971 1 29 0.40901799999999999 0.008848 0.098143999999999967 0.0015470000000000002 0.00040300000000000004 0.0026640000000000001 0.0097560000000000008 0.031576 0.023056 0 0.025614999999999999 0.00087000000000000001 0.23994600000000002 0.00099700000000000006 0.0030019999999999999 0.085659999999999972 0.0080850000000000019 0 0 1
164 uniform 3 15 0.47459400000000002 420.7928628819642 1 29 0.35246100000000002 0.0088070000000000006 0.101839 0.0014290000000000001 0.00036499999999999998 0.0026340000000000001 0.0096279999999999994 0.028228 0.023282000000000001 0 0.024999 0.00063699999999999998 0.188994 0.001054 0.003010000000000001 0.089293999999999998 0.0081810000000000025 0 0 2
164 uniform 3 23 0.49763499999999999 421.36222736892393 1 29 0.37688300000000002 0.0088749999999999992 0.10063999999999999 0.0013779999999999999 0.00034099999999999999 0.0023779999999999999 0.0096740000000000003 0.036524000000000001 0.022634000000000001 0 0.024990999999999999 0.00069899999999999997 0.20688200000000001 0.00099299999999999996 0.0030010000000000002 0.087655999999999998 0.0084789999999999987 0 0 3
164 uniform 4 0 0.64844800000000002 388.79555350878923 1 29 0.56467400000000001 0.0086409999999999994 0.063738000000000003 0.0014350000000000001 0.00045899999999999999 0.0056620000000000004 0.0099939999999999994 0.174177 0.022785 0 0.026091 0.000678 0.25046000000000002 0.00099099999999999991 0.003042 0.04992199999999998 0.0093970000000000043 0 0 0
164 uniform 4 7 0.424788 388.90583173961892 1 29 0.29138999999999998 0.0085000000000000006 0.11326899999999998 0.0015690000000000001 0.00040300000000000004 0.0023990000000000001 0.0092840000000000006 0.032761999999999999 0.023132 0 0.02555 0.00073099999999999999 0.12426700000000002 0.001114 0.0029860000000000004 0.10050400000000001 0.0083850000000000001 0 0 1
164 uniform 4 15 0.52395400000000003 388.9978366008624 1 29 0.392013 0.0091070000000000005 0.11103599999999998 0.0016099999999999999 0.00037500000000000001 0.0022550000000000001 0.0093550000000000005 0.022005 0.022828000000000001 0 0.025616 0.00072499999999999995 0.233183 0.0010319999999999999 0.00314 0.097665000000000002 0.0089200000000000026 0 0 2
164 uniform 4 23 0.51756000000000002 389.05364149363629 1 29 0.39213700000000001 0.0090880000000000006 0.10508099999999999 0.0014790000000000001 0.00034400000000000001 0.0024689999999999998 0.0090109999999999999 0.032918000000000003 0.022249000000000001 0 0.025741 0.00070299999999999996 0.22290000000000001 0.001023 0.0030240000000000002 0.092388999999999999 0.0081300000000000001 0 0 3
165 linear 3 0 0.49308800000000003 25.481146165042261 1 69 0.33201900000000001 0.0095820000000000002 0.12277699999999997 0.004849 0.0010270000000000001 0.0027750000000000001 0.010654 0.18606400000000001 0.023005000000000001 0 0.026717999999999999 0.000861 0.0019870000000000001 0.0012030000000000001 0.0033129999999999995 0.05933200000000001 0.022137999999999977 0.0070270000000000037 0 0
165 linear 3 7 0.47271400000000002 25.48349554239212 1 69 0.18309400000000001 0.0094640000000000002 0.25253100000000006 0.0040790000000000002 0.00084500000000000005 0.0027000000000000001 0.0098200000000000006 0.044032000000000002 0.020785000000000001 0 0.025862 0.00075199999999999996 0.001916 0.0011180000000000001 0.0030960000000000002 0.18902200000000005 0.022583999999999983 0.0070140000000000003 0 1
165 linear 3 15 0.44571300000000003 25.486178872036824 1 69 0.18018200000000001 0.0093310000000000008 0.22878899999999999 0.0039550000000000002 0.00077699999999999991 0.0023869999999999998 0.0091760000000000001 0.044191000000000001 0.021007999999999999 0 0.025014000000000002 0.00078399999999999997 0.00183 0.00099400000000000009 0.0030969999999999999 0.16525499999999993 0.022560999999999991 0.0070320000000000027 0 2
165 linear 3 23 0.455372 25.488860415320975 1 69 0.179205 0.0092589999999999999 0.239786 0.0039490000000000003 0.00071199999999999996 0.0023059999999999999 0.0090430000000000007 0.044602999999999997 0.020844999999999999 0 0.024910999999999999 0.00081400000000000005 0.0017620000000000001 0.0010089999999999999 0.0030220000000000004 0.17657999999999996 0.02198399999999999 0.0070270000000000029 0 3
165 linear 4 0 0.51117500000000005 10.436594855182994 1 53 0.39514700000000003 0.0084399999999999996 0.085508000000000001 0.003738 0.00075999999999999993 0.002617 0.010352999999999999 0.146343 0.022235000000000001 0 0.026136 0.00087299999999999997 0.10217599999999999 0.001212 0.0031480000000000006 0.038806999999999994 0.019673000000000003 0.005585999999999999 0 0
165 linear 4 7 0.60453199999999996 10.437574151306888 1 53 0.39169199999999998 0.010770999999999999 0.18027999999999997 0.0033500000000000001 0.00072400000000000003 0.0027100000000000002 0.009639 0.020486999999999998 0.021114999999999998 0 0.025901 0.000812 0.23178499999999999 0.0011670000000000001 0.0030470000000000002 0.13222200000000001 0.021358999999999993 0.0055740000000000008 0 1
165 linear 4 15 0.45498 10.438694908263463 1 53 0.25695499999999999 0.0082229999999999994 0.16859199999999996 0.0031389999999999999 0.00063200000000000007 0.0025349999999999999 0.0096620000000000004 0.020383999999999999 0.020983999999999999 0 0.024997999999999999 0.00075600000000000005 0.10172200000000001 0.0010579999999999999 0.0030169999999999997 0.12086499999999999 0.021013000000000011 0.0056800000000000028 0 2
165 linear 4 23 0.46906100000000001 10.439817329283734 1 53 0.25363200000000002 0.0081060000000000004 0.18607699999999999 0.0032119999999999996 0.00061899999999999998 0.002385 0.0089440000000000006 0.020282000000000001 0.020972000000000001 0 0.024636000000000002 0.00073200000000000001 0.10140899999999999 0.001106 0.0030040000000000002 0.139268 0.019984000000000012 0.0055859999999999998 0 3
165 uniform 3 0 0.41580800000000001 25.48125558044352 1 45 0.32936300000000002 0.0095119999999999996 0.059048000000000017 0.0023760000000000001 0.00077700000000000013 0.0026589999999999999 0.010175 0.18560599999999999 0.021323999999999999 0 0.026329999999999999 0.00081599999999999999 0.001957 0.0011770000000000001 0.0032269999999999998 0.036216000000000005 0.016033000000000006 0 0 0
165 uniform 3 7 0.36869000000000002 25.483605022351906 1 45 0.18116099999999999 0.0093039999999999998 0.16004500000000005 0.0024039999999999999 0.00068400000000000004 0.0025279999999999999 0.0095700000000000004 0.043991000000000002 0.020915 0 0.025519 0.00074700000000000005 0.0018060000000000001 0.00108 0.0031379999999999997 0.13586199999999998 0.017162 0 0 1
165 uniform 3 15 0.35126800000000002 25.486288425791251 1 45 0.18879099999999999 0.010776000000000001 0.13355999999999996 0.0023540000000000002 0.00065500000000000009 0.0022859999999999998 0.010581 0.047643999999999999 0.024228 0 0.024995 0.00078399999999999997 0.001784 0.001044 0.0033729999999999993 0.10984999999999999 0.016749999999999998 0 0 2
165 uniform 3 23 0.37054599999999999 25.488970042968059 1 45 0.18922600000000001 0.010607999999999999 0.152388 0.0022850000000000001 0.00064099999999999997 0.0023939999999999999 0.010647999999999999 0.045984999999999998 0.024431000000000001 0 0.025694999999999999 0.00080000000000000004 0.001789 0.001003 0.0033419999999999999 0.12843900000000003 0.016885999999999995 0 0 3
165 uniform 4 0 0.47399599999999997 10.436837358992648 1 37 0.40245399999999998 0.0085819999999999994 0.048279000000000009 0.001843 0.00060700000000000001 0.0026189999999999998 0.011084 0.147648 0.025079000000000001 0 0.027629000000000001 0.00077300000000000003 0.10538499999999999 0.00116 0.0034270000000000004 0.027927 0.014642999999999996 0 0 0
165 uniform 4 7 0.51709000000000005 10.437817066999175 1 37 0.39001000000000002 0.0081829999999999993 0.104272 0.0018230000000000002 0.00056000000000000006 0.0026150000000000001 0.0095610000000000001 0.021641000000000001 0.021162 0 0.025405 0.00073099999999999999 0.23206099999999999 0.0011720000000000001 0.0030389999999999996 0.082766999999999993 0.015953000000000005 0 0 1
165 uniform 4 15 0.381801 10.43893829541468 1 37 0.25420300000000001 0.0081099999999999992 0.104833 0.0018489999999999999 0.00052099999999999998 0.002343 0.0093729999999999994 0.020271000000000001 0.020983000000000002 0 0.024995 0.00070799999999999997 0.101615 0.00099400000000000009 0.0029800000000000004 0.081772000000000011 0.017464 0 0 2
165 uniform 4 23 0.384322 10.440061188670981 1 37 0.25153700000000001 0.0081659999999999996 0.11031900000000001 0.001748 0.00049200000000000003 0.0021459999999999999 0.0086660000000000001 0.020174000000000001 0.020893999999999999 0 0.024754000000000002 0.00070500000000000001 0.101525 0.00094899999999999997 0.0029360000000000002 0.089916000000000024 0.014832000000000005 0 0 3
166 linear 3 0 0.83297699999999997 588.98953486883079 1 97 0.54621299999999995 0.017027 0.22994300000000006 0.0070840000000000009 0.0013959999999999999 0.0026640000000000001 0.010912 0.16711300000000001 0.030949000000000001 0 0.025867000000000001 0.00084199999999999998 0.21228900000000001 0.00073499999999999998 0.0040289999999999996 0.14375100000000005 0.032470000000000006 0.013076000000000001 0 0
166 linear 3 7 1.1451739999999999 617.23911850510763 1 105 0.67506100000000002 0.016125 0.41112500000000018 0.0076449999999999999 0.0013939999999999998 0.0027330000000000002 0.010747 0.035860000000000003 0.031563000000000001 0 0.026502999999999999 0.00088699999999999998 0.473024 0.00069899999999999997 0.0043920000000000001 0.31966999999999984 0.034062999999999982 0.012851999999999997 0 1
166 linear 3 15 0.81406400000000001 657.51861006748788 1 91 0.40513199999999999 0.016154999999999999 0.356568 0.0059090000000000002 0.0013379999999999998 0.0027699999999999999 0.010305 0.034254 0.033037999999999998 0 0.026003999999999999 0.00082299999999999995 0.20779900000000001 0.00074200000000000004 0.0035940000000000008 0.2775510000000001 0.02529000000000001 0.0093559999999999997 0 2
166 linear 3 23 1.044494 712.93440333874787 1 91 0.61506499999999997 0.016133999999999999 0.37740199999999996 0.0056640000000000006 0.0012669999999999999 0.0023890000000000001 0.0095490000000000002 0.040148000000000003 0.03313 0 0.025100999999999998 0.00080599999999999997 0.41634399999999999 0.00066699999999999995 0.0034419999999999997 0.30206000000000005 0.025002000000000035 0.0093690000000000023 0 3
166 linear 4 0 0.76949299999999998 285.67162238545859 1 75 0.57413800000000004 0.015465 0.14812100000000006 0.0043270000000000001 0.0010200000000000001 0.002764 0.011138 0.15046999999999999 0.022579999999999999 0 0.025184000000000002 0.000785 0.26998099999999997 0.00068999999999999997 0.0036999999999999997 0.085229000000000013 0.022091000000000006 0.0078290000000000026 0 0
166 linear 4 7 0.61965999999999999 292.34265412918046 1 75 0.29164000000000001 0.015079 0.28381099999999992 0.0042900000000000004 0.00091100000000000003 0.0027409999999999999 0.010044000000000001 0.032379999999999999 0.021996999999999999 0 0.025388999999999998 0.00072800000000000002 0.11024099999999999 0.00072300000000000001 0.0035290000000000005 0.21989299999999998 0.023181999999999991 0.0078429999999999993 0 1
166 linear 4 15 0.69708300000000001 300.73178507300463 1 75 0.37539899999999998 0.015025 0.27695099999999995 0.0047540000000000004 0.00094800000000000006 0.0025460000000000001 0.0099869999999999994 0.025676000000000001 0.02222 0 0.025430000000000001 0.00084099999999999995 0.19762200000000002 0.00071400000000000001 0.0034629999999999999 0.21393899999999999 0.022436999999999995 0.0078480000000000025 0 2
166 linear 4 23 0.71324699999999996 310.1034693187965 1 75 0.39543400000000001 0.014929 0.27366099999999993 0.0043119999999999999 0.0010430000000000001 0.0025149999999999999 0.010168 0.029332 0.020649000000000001 0 0.024930000000000001 0.00077200000000000001 0.21840400000000001 0.000718 0.0034459999999999998 0.20792999999999998 0.02515499999999999 0.0078460000000000023 0 3
166 uniform 3 0 0.75607100000000005 591.32260323566641 1 81 0.53793299999999999 0.01686 0.17040999999999998 0.0043749999999999987 0.0011769999999999999 0.0027130000000000001 0.010706 0.16745199999999999 0.030852000000000001 0 0.025201999999999999 0.000785 0.21053099999999997 0.00067599999999999995 0.0035759999999999993 0.12913400000000003 0.027928999999999992 0 0 0
166 uniform 3 7 0.99241400000000002 620.32696199686859 1 81 0.66394600000000004 0.015847 0.28162799999999993 0.0044049999999999992 0.0010349999999999999 0.0025790000000000001 0.0098820000000000002 0.035867999999999997 0.031266000000000002 0 0.025186 0.00078399999999999997 0.47069900000000003 0.00066500000000000001 0.0035379999999999999 0.23861100000000002 0.029688999999999983 0 0 1
166 uniform 3 15 0.644899 662.0681548021563 1 59 0.39679599999999998 0.015710999999999999 0.20988800000000002 0.0030149999999999999 0.00086700000000000004 0.0025010000000000002 0.0093989999999999994 0.034043999999999998 0.030845999999999998 0 0.025047 0.000696 0.207708 0.00064099999999999997 0.0035040000000000002 0.18473600000000007 0.015982999999999994 0 0 2
166 uniform 3 23 0.93540800000000002 720.62954770427325 1 75 0.610819 0.015800999999999999 0.27955699999999994 0.0041080000000000005 0.00087700000000000007 0.0022899999999999999 0.0093559999999999997 0.039745000000000003 0.030499999999999999 0 0.024642000000000001 0.00072199999999999999 0.41810799999999992 0.00062299999999999996 0.003444 0.24770399999999992 0.020428999999999999 0 0 3
166 uniform 4 0 0.729271 286.2528728182524 1 59 0.58321500000000004 0.016511999999999999 0.105709 0.0033959999999999997 0.00084199999999999998 0.00249 0.011247 0.152396 0.024039999999999999 0 0.025205000000000002 0.00070399999999999998 0.27264099999999997 0.00074299999999999995 0.0038020000000000003 0.078538000000000011 0.017867000000000008 0 0 0
166 uniform 4 7 0.56923800000000002 293.00883361853016 1 59 0.29816300000000001 0.016206999999999999 0.23098700000000005 0.0032400000000000003 0.000794 0.0026779999999999998 0.011535 0.033501000000000003 0.023099999999999999 0 0.025826999999999999 0.00074299999999999995 0.11004499999999999 0.00073800000000000005 0.0039040000000000004 0.19042700000000001 0.026137000000000007 0 0 1
166 uniform 4 15 0.60774799999999995 301.51933329585273 1 59 0.37717400000000001 0.01478 0.19366500000000006 0.0029790000000000003 0.00069700000000000003 0.0023540000000000002 0.010962 0.026738000000000001 0.026553 0 0.024867 0.00078200000000000003 0.19428700000000002 0.00066 0.0034679999999999993 0.16732199999999997 0.017428999999999983 0 0 2
166 uniform 4 23 0.62119000000000002 311.04823133923799 1 59 0.39081100000000002 0.014728 0.193632 0.0029129999999999998 0.00070299999999999996 0.0021870000000000001 0.0091870000000000007 0.028910999999999999 0.020244999999999999 0 0.024493999999999998 0.00077899999999999996 0.21782700000000002 0.00061899999999999998 0.0034060000000000006 0.16672400000000004 0.018044999999999981 0 0 3
167 linear 3 0 0.65129700000000001 73.230056441370564 1 45 0.52541300000000002 0.0089859999999999992 0.097767999999999994 0.0033150000000000002 0.00066200000000000005 0.0028 0.010898 0.177399 0.021311 0 0.026456 0.00074799999999999997 0.20405800000000002 0.001317 0.0030900000000000003 0.064923000000000008 0.012798 0.0050960000000000016 0 0
167 linear 3 7 0.52984600000000004 73.432151869763615 1 45 0.33112599999999998 0.0087600000000000004 0.17138699999999993 0.0031279999999999997 0.00060899999999999995 0.0027230000000000002 0.010015 0.048565999999999998 0.031153 0 0.025977 0.00073700000000000002 0.13245499999999999 0.0012780000000000001 0.0030500000000000002 0.13817300000000002 0.013216 0.0051190000000000012 0 1
167 linear 3 15 0.60994599999999999 73.66418878304188 1 45 0.39710499999999999 0.0089029999999999995 0.18255099999999999 0.0032290000000000001 0.00055500000000000005 0.0024849999999999998 0.0098239999999999994 0.044540000000000003 0.030869000000000001 0 0.025876 0.00078700000000000005 0.20465700000000001 0.0011670000000000001 0.0030929999999999998 0.14888700000000002 0.013745999999999998 0.0051060000000000012 0 2
167 linear 3 23 0.61676600000000004 73.897372856615746 1 45 0.417574 0.0086770000000000007 0.17212899999999998 0.0028110000000000001 0.00052099999999999998 0.0026649999999999998 0.010097 0.048336999999999998 0.031905999999999997 0 0.02512 0.00076300000000000001 0.22357299999999999 0.00097900000000000005 0.0030900000000000003 0.13891299999999998 0.013208999999999997 0.0051100000000000008 0 3
167 linear 4 0 0.68546600000000002 26.813926575068542 1 53 0.53660699999999995 0.0086800000000000002 0.11912700000000001 0.0030760000000000002 0.00072400000000000003 0.0024359999999999998 0.010003 0.17147899999999999 0.022334 0 0.025285999999999999 0.00076199999999999998 0.22686800000000001 0.0010809999999999999 0.003026 0.075312999999999991 0.015474 0.0055930000000000007 0 0
167 linear 4 7 0.61966399999999999 26.837351778661358 1 53 0.39336500000000002 0.0086280000000000003 0.19647300000000004 0.002977 0.000745 0.0022499999999999998 0.0091549999999999999 0.037825999999999999 0.022567 0 0.024930999999999998 0.00068800000000000003 0.22192999999999996 0.00098900000000000008 0.0030069999999999997 0.15386599999999998 0.014832999999999995 0.0055749999999999984 0 1
167 linear 4 15 0.64180400000000004 26.864158407787428 1 53 0.41930800000000001 0.0085299999999999994 0.19284200000000004 0.0029709999999999997 0.00067999999999999994 0.0022300000000000002 0.0090340000000000004 0.052719000000000002 0.022627000000000001 0 0.024827999999999999 0.00067100000000000005 0.23325999999999997 0.001034 0.0029729999999999999 0.15012499999999995 0.014616000000000006 0.0055680000000000026 0 2
167 linear 4 23 0.57376899999999997 26.891002355747251 1 53 0.34157799999999999 0.0085529999999999998 0.20277300000000001 0.0030179999999999998 0.00060899999999999995 0.002124 0.0086379999999999998 0.043431999999999998 0.022095 0 0.02469 0.00065099999999999999 0.16754800000000003 0.00086700000000000004 0.0029490000000000002 0.159584 0.015256999999999996 0.005576000000000002 0 3
167 uniform 3 0 0.60198300000000005 73.232688473732608 1 29 0.51971900000000004 0.0086099999999999996 0.061889000000000013 0.001536 0.00048700000000000002 0.00232 0.009469 0.17724699999999999 0.022655999999999999 0 0.026209 0.00072400000000000003 0.20391000000000001 0.001024 0.0029729999999999995 0.049584999999999997 0.0078440000000000003 0 0 0
167 uniform 3 7 0.44897100000000001 73.434807654561595 1 29 0.32737899999999998 0.0085649999999999997 0.10137699999999999 0.001454 0.00038899999999999997 0.0022390000000000001 0.0090150000000000004 0.048703000000000003 0.032157999999999999 0 0.025787999999999998 0.00074399999999999998 0.134494 0.00099700000000000006 0.0030680000000000004 0.088993000000000003 0.0078780000000000031 0 0 1
167 uniform 3 15 0.51864900000000003 73.666872026963176 1 29 0.391598 0.008548 0.107319 0.001438 0.00033700000000000001 0.0021749999999999999 0.0092189999999999998 0.044641 0.030907 0 0.025665 0.00069800000000000005 0.20425100000000002 0.00092000000000000003 0.0029329999999999998 0.094677999999999984 0.0081239999999999993 0 0 2
167 uniform 3 23 0.54066700000000001 73.900083898016064 1 29 0.415051 0.0084960000000000001 0.10587300000000004 0.0013669999999999999 0.000359 0.002163 0.0092540000000000001 0.048134000000000003 0.030620999999999999 0 0.024910999999999999 0.000727 0.22627699999999998 0.00090600000000000001 0.00297 0.093558000000000002 0.0078910000000000022 0 0 3
167 uniform 4 0 0.62885599999999997 26.814040950642433 1 37 0.52942699999999998 0.0085229999999999993 0.076638999999999999 0.0017730000000000003 0.00058699999999999996 0.0022680000000000001 0.0093950000000000006 0.17116300000000001 0.020721 0 0.024893999999999999 0.00069499999999999998 0.224242 0.00097599999999999998 0.003052 0.060014999999999999 0.010972000000000004 0 0 0
167 uniform 4 7 0.54083099999999995 26.837466279682538 1 37 0.39284000000000002 0.0085199999999999998 0.12504899999999999 0.0017789999999999998 0.00057899999999999998 0.0021329999999999999 0.011483999999999999 0.037867999999999999 0.020815 0 0.024958999999999999 0.00068400000000000004 0.22162400000000002 0.00090600000000000001 0.0029740000000000005 0.10916800000000002 0.010125000000000004 0 0 1
167 uniform 4 15 0.56255500000000003 26.864273052628324 1 37 0.41387699999999999 0.0084489999999999999 0.12375799999999998 0.0018830000000000001 0.00048999999999999998 0.0021310000000000001 0.0085220000000000001 0.051077999999999998 0.020625000000000001 0 0.024847000000000001 0.00066 0.23331099999999999 0.00095600000000000004 0.0029270000000000003 0.10786499999999999 0.010184 0 0 2
167 uniform 4 23 0.49165500000000001 26.891117144829614 1 37 0.34117500000000001 0.0084489999999999999 0.12787399999999999 0.0017409999999999999 0.000455 0.002183 0.0088959999999999994 0.043549999999999998 0.020625000000000001 0 0.024913000000000001 0.00064700000000000001 0.167716 0.00095699999999999995 0.0029339999999999995 0.111775 0.010521000000000001 0 0 3
168 linear 3 0 0.57359700000000002 66.966826229448998 1 99 0.35524899999999998 0.013879000000000001 0.16117600000000007 0.0071120000000000003 0.0016329999999999999 0.00281 0.010455000000000001 0.182897 0.032404000000000002 0 0.026293 0.00074700000000000005 0.0010890000000000001 0.00077499999999999997 0.0037320000000000005 0.075396000000000005 0.034480000000000025 0.010689999999999996 0 0
168 linear 3 7 0.67349499999999995 64.204592717075016 1 83 0.22667200000000001 0.014715000000000001 0.3976039999999999 0.0051289999999999999 0.001175 0.0029099999999999998 0.011396999999999999 0.056312000000000001 0.034590999999999997 0 0.026124000000000001 0.00070600000000000003 0.0010310000000000002 0.00069099999999999999 0.00398 0.31037300000000001 0.036202999999999992 0.010170000000000005 0 1
168 linear 3 15 0.62225799999999998 61.497120632888802 1 83 0.22789100000000001 0.0147 0.34630299999999997 0.0049759999999999995 0.001201 0.002532 0.010888 0.059820999999999999 0.033954999999999999 0 0.027675000000000002 0.00071400000000000001 0.0010199999999999999 0.00073099999999999999 0.003934 0.27537499999999993 0.028744000000000009 0.009017999999999993 0 2
168 linear 3 23 0.59933499999999995 59.151945857119919 1 83 0.219689 0.013363999999999999 0.33336100000000018 0.0048770000000000003 0.0012310000000000001 0.0025829999999999998 0.0096760000000000006 0.055531999999999998 0.031455999999999998 0 0.025731 0.00074899999999999999 0.0010740000000000001 0.00071199999999999996 0.0036090000000000002 0.26253500000000007 0.028165999999999993 0.0087130000000000003 0 3
168 linear 4 0 0.46224199999999999 1.7581538113288693 1 61 0.323106 0.0089470000000000001 0.10590200000000001 0.0036210000000000001 0.00080299999999999989 0.0028400000000000001 0.011041 0.166935 0.032008000000000002 0 0.026646 0.00079600000000000005 0.00059400000000000002 0.0012130000000000001 0.0031270000000000004 0.057744000000000004 0.019719999999999994 0.0067760000000000008 0 0
168 linear 4 7 0.46814600000000001 1.7581780919768382 1 61 0.19523099999999999 0.0085640000000000004 0.23964900000000003 0.0036600000000000001 0.00078600000000000002 0.0025300000000000001 0.010111999999999999 0.046120000000000001 0.031315999999999997 0 0.025794000000000001 0.00077399999999999995 0.00059000000000000003 0.0011999999999999999 0.003045 0.19078200000000001 0.019394999999999996 0.0076870000000000029 0 1
168 linear 4 15 0.49243700000000001 1.7582058429796863 1 61 0.19611200000000001 0.0084840000000000002 0.26319900000000002 0.0035490000000000001 0.00076799999999999991 0.002408 0.0097920000000000004 0.049562000000000002 0.030856000000000001 0 0.025405 0.000745 0.00061499999999999999 0.001059 0.003088 0.21428300000000003 0.020481000000000003 0.0067550000000000023 0 2
168 linear 4 23 0.465167 1.7582335957898891 1 61 0.19020599999999999 0.0086189999999999999 0.24160700000000004 0.0037519999999999997 0.00082100000000000001 0.0024039999999999999 0.0094920000000000004 0.045945 0.030672999999999999 0 0.025173000000000001 0.00069099999999999999 0.00058599999999999993 0.00099200000000000004 0.0031080000000000001 0.19154600000000011 0.021570999999999983 0.0067410000000000031 0 3
168 uniform 3 0 0.48291699999999999 67.314160535492107 1 67 0.35199399999999997 0.013797 0.091338000000000044 0.0034579999999999997 0.0010479999999999999 0.0026380000000000002 0.010602 0.18302499999999999 0.031870000000000002 0 0.026034999999999999 0.00075100000000000004 0.0010369999999999999 0.00072599999999999997 0.003669 0.058622999999999995 0.02259499999999999 0 0 0
168 uniform 3 7 0.50055700000000003 64.479085664739031 1 67 0.21885299999999999 0.01341 0.24234300000000003 0.0034969999999999997 0.00091399999999999988 0.002382 0.0098499999999999994 0.055060999999999999 0.032943 0 0.025826999999999999 0.000767 0.0010089999999999999 0.00067000000000000002 0.0035660000000000002 0.20825000000000002 0.023561999999999996 0 0 1
168 uniform 3 15 0.50186600000000003 61.713604664341347 1 67 0.21898100000000001 0.013195 0.24420299999999995 0.0032399999999999998 0.00087900000000000001 0.0022260000000000001 0.0092049999999999996 0.058742999999999997 0.032501000000000002 0 0.025597000000000002 0.00075199999999999996 0.001024 0.00065499999999999998 0.0034349999999999997 0.21138800000000002 0.022739999999999996 0 0 2
168 uniform 3 23 0.49005199999999999 59.327064666015794 1 67 0.21445 0.013185000000000001 0.23696600000000012 0.0033580000000000003 0.00083000000000000001 0.0022079999999999999 0.0090010000000000003 0.055343000000000003 0.032849999999999997 0 0.024861000000000001 0.00070200000000000004 0.0010350000000000001 0.00062399999999999999 0.0033950000000000004 0.20263799999999998 0.024251999999999999 0 0 3
168 uniform 4 0 0.41098000000000001 1.7581538167509083 1 45 0.32080399999999998 0.0086090000000000003 0.064104999999999995 0.0022160000000000001 0.00072100000000000007 0.0026250000000000002 0.010337000000000001 0.16717899999999999 0.033735000000000001 0 0.026297000000000001 0.00076900000000000004 0.00063700000000000009 0.0011659999999999999 0.0031709999999999993 0.043603999999999997 0.013796000000000004 0 0 0
168 uniform 4 7 0.37509399999999998 1.7581780974014838 1 45 0.194023 0.0087030000000000007 0.15496899999999997 0.0021779999999999998 0.00066700000000000006 0.0024229999999999998 0.0097190000000000002 0.046084 0.032354000000000001 0 0.025467 0.00077700000000000002 0.00057899999999999998 0.000968 0.0030409999999999999 0.13417599999999996 0.013800000000000003 0 0 1
168 uniform 4 15 0.39631300000000003 1.7582058484059315 1 45 0.19827800000000001 0.0084550000000000007 0.171573 0.0023930000000000002 0.00070600000000000003 0.0023779999999999999 0.0095440000000000004 0.049459999999999997 0.032309999999999998 0 0.027491999999999999 0.00071599999999999995 0.00061000000000000008 0.00101 0.0030050000000000007 0.15039499999999997 0.014239999999999997 0 0 2
168 uniform 4 23 0.36811500000000003 1.7582336012166739 1 45 0.19270599999999999 0.0083730000000000002 0.14964200000000002 0.002258 0.00059899999999999992 0.0023869999999999998 0.010120000000000001 0.045998999999999998 0.033021000000000002 0 0.025378999999999999 0.00066200000000000005 0.00062700000000000006 0.0009859999999999999 0.003075 0.12896199999999999 0.013938999999999997 0 0 3
169 linear 3 0 0.56067599999999995 25.557679719304552 1 69 0.41753299999999999 0.0095080000000000008 0.10572099999999993 0.004581 0.001018 0.0027560000000000002 0.011197 0.171069 0.02333 0 0.026579999999999999 0.00092800000000000001 0.100383 0.0013290000000000001 0.0030330000000000001 0.053139999999999986 0.021792000000000002 0.0077210000000000022 0 0
169 linear 3 7 0.55706999999999995 25.547433706335731 1 69 0.26656000000000002 0.0093550000000000005 0.25352400000000014 0.0042630000000000003 0.00094200000000000002 0.0024989999999999999 0.0097439999999999992 0.024063999999999999 0.023542 0 0.026369 0.00093400000000000004 0.10167699999999999 0.001194 0.0029919999999999999 0.20039099999999993 0.022492000000000005 0.0077020000000000022 0 1
169 linear 3 15 0.433477 25.535706651745308 1 69 0.16366700000000001 0.0092010000000000008 0.23303899999999997 0.004045 0.0008299999999999999 0.0023739999999999998 0.0093779999999999992 0.025682 0.02085 0 0.026155000000000001 0.00088599999999999996 0.0019429999999999998 0.00098299999999999993 0.0030049999999999994 0.17808900000000003 0.02436099999999999 0.007700000000000002 0 2
169 linear 3 23 0.44208399999999998 25.523961223600931 1 69 0.16343299999999999 0.0091520000000000004 0.24257500000000004 0.003888 0.00080800000000000012 0.0021919999999999999 0.0095409999999999991 0.028108999999999999 0.020829 0 0.025167999999999999 0.00080500000000000005 0.00181 0.00098900000000000008 0.0030160000000000005 0.18963599999999997 0.022509999999999995 0.007726000000000002 0 3
169 linear 4 0 0.61038499999999996 101.30815294092145 1 45 0.497585 0.0091459999999999996 0.083943000000000004 0.0036019999999999997 0.000611 0.002457 0.01061 0.151642 0.022023999999999998 0 0.025835 0.00081700000000000002 0.19817800000000002 0.001235 0.0031820000000000004 0.053749999999999999 0.013905999999999996 0.0053460000000000009 0 0
169 linear 4 7 0.55788599999999999 100.91673343085418 1 45 0.36102600000000001 0.0087880000000000007 0.16909200000000002 0.0031939999999999998 0.00060599999999999998 0.0027070000000000002 0.010069 0.021316000000000002 0.021187999999999999 0 0.025647 0.00085400000000000005 0.19978500000000002 0.001194 0.0031359999999999999 0.13875099999999999 0.014157999999999997 0.0053490000000000013 0 1
169 linear 4 15 0.59501899999999996 100.46548142144111 1 45 0.41297499999999998 0.0086739999999999994 0.15468299999999999 0.002872 0.00056400000000000005 0.0024199999999999998 0.0089119999999999998 0.017687999999999999 0.021270000000000001 0 0.024605999999999999 0.00075900000000000002 0.25727999999999995 0.001062 0.0030220000000000004 0.12484500000000003 0.014035999999999993 0.0053460000000000027 0 2
169 linear 4 23 0.57662800000000003 100.01034075069254 1 45 0.38650800000000002 0.0086049999999999998 0.16314200000000001 0.002862 0.00054499999999999991 0.0022950000000000002 0.0089079999999999993 0.020798000000000001 0.020875000000000001 0 0.024198999999999998 0.00069999999999999999 0.23211299999999999 0.001093 0.0030180000000000003 0.13251500000000002 0.014895000000000002 0.0053320000000000017 0 3
169 uniform 3 0 0.486566 25.557763881035392 1 37 0.41252299999999997 0.0097149999999999997 0.048998 0.0021650000000000003 0.00058 0.0024940000000000001 0.010255999999999999 0.17072599999999999 0.021485000000000001 0 0.026741000000000001 0.00088800000000000001 0.097580000000000014 0.0012260000000000001 0.0031580000000000002 0.031445000000000001 0.011888000000000001 0 0 0
169 uniform 3 7 0.450685 25.547517740430667 1 37 0.26641700000000001 0.010644000000000001 0.15150299999999997 0.002104 0.00063500000000000004 0.002647 0.0095569999999999995 0.023702000000000001 0.022058999999999999 0 0.026120999999999998 0.00087100000000000003 0.10152799999999999 0.001142 0.0033259999999999995 0.12177700000000001 0.020324999999999992 0 0 1
169 uniform 3 15 0.30882100000000001 25.535790540258464 1 37 0.169682 0.010473 0.11365399999999999 0.001869 0.00054199999999999995 0.002588 0.010533000000000001 0.026780999999999999 0.02358 0 0.025826999999999999 0.00085599999999999999 0.0019009999999999999 0.0010089999999999999 0.0033229999999999996 0.092733999999999997 0.014400000000000003 0 0 2
169 uniform 3 23 0.312558 25.524044966867109 1 37 0.17020399999999999 0.010611000000000001 0.116816 0.0018760000000000001 0.00051800000000000001 0.002366 0.010428 0.029399999999999999 0.024073000000000001 0 0.025458000000000001 0.00072499999999999995 0.0018600000000000001 0.0010740000000000001 0.0033450000000000003 0.098312999999999998 0.012655000000000005 0 0 3
169 uniform 4 0 0.57416 101.3124395659129 1 29 0.50075499999999995 0.0089630000000000005 0.052991999999999991 0.001428 0.00045600000000000003 0.002503 0.011524 0.15270800000000001 0.025530000000000001 0 0.025763000000000001 0.00077899999999999996 0.19851199999999999 0.0011739999999999999 0.0031009999999999996 0.040015999999999996 0.0085510000000000013 0 0 0
169 uniform 4 7 0.480271 100.92097515823542 1 29 0.35847899999999999 0.0086759999999999997 0.10160100000000002 0.0014580000000000001 0.00042300000000000004 0.0022750000000000001 0.0093600000000000003 0.021080999999999999 0.021301 0 0.025520999999999999 0.00083600000000000005 0.19958400000000001 0.0011620000000000001 0.0031309999999999997 0.088470999999999994 0.0087430000000000008 0 0 1
169 uniform 4 15 0.53126499999999999 100.46967175179968 1 29 0.41606799999999999 0.0086339999999999993 0.095072000000000031 0.001444 0.000357 0.002333 0.0095809999999999992 0.017727 0.021536 0 0.025232000000000001 0.000776 0.26117799999999997 0.0010690000000000001 0.0030070000000000006 0.082175999999999999 0.0084799999999999997 0 0 2
169 uniform 4 23 0.49821700000000002 100.01447963599156 1 29 0.38695200000000002 0.0084670000000000006 0.091215000000000004 0.0014419999999999999 0.00036300000000000004 0.002163 0.0091830000000000002 0.020739 0.021177000000000001 0 0.024792000000000002 0.000718 0.23221 0.00092599999999999996 0.0030010000000000006 0.077681 0.0091490000000000009 0 0 3
170 linear 3 0 0.52845200000000003 137.16857718277419 1 90 0.32507999999999998 0.01558 0.15447999999999998 0.006071 0.0014039999999999999 0.002895 0.010989000000000001 0.16606399999999999 0.021024000000000001 0 0.026046 0.00084000000000000003 0.0024039999999999995 0.00077399999999999995 0.0036679999999999998 0.087097999999999995 0.028407999999999985 0.010232000000000007 0 0
170 linear 3 7 0.59662000000000004 142.60245215238476 1 90 0.20029 0.015571 0.34689099999999978 0.0057609999999999996 0.0013490000000000002 0.0028149999999999998 0.010441000000000001 0.042890999999999999 0.020705999999999999 0 0.026277999999999999 0.00078100000000000001 0.002787 0.00069800000000000005 0.0037499999999999999 0.27983500000000006 0.028012999999999968 0.010196000000000004 0 1
170 linear 3 15 0.56973300000000004 149.96290259803354 1 82 0.19922300000000001 0.015159000000000001 0.32512099999999994 0.0047779999999999993 0.001116 0.0025829999999999998 0.010035000000000001 0.045474000000000001 0.021930999999999999 0 0.025762 0.00080699999999999999 0.0024980000000000002 0.000678 0.0036000000000000003 0.26545900000000011 0.02538799999999998 0.009412000000000002 0 2
170 linear 3 23 0.57658900000000002 159.11381270074122 1 82 0.192106 0.015153 0.33922399999999997 0.0045209999999999998 0.0010579999999999999 0.0023080000000000002 0.0094590000000000004 0.040500000000000001 0.022252999999999998 0 0.026079000000000001 0.00072300000000000001 0.0025930000000000003 0.00067900000000000002 0.0035430000000000006 0.27964500000000014 0.025546999999999979 0.0093670000000000003 0 3
170 linear 4 0 0.755278 7.5501373919025268 1 61 0.62214400000000003 0.0095650000000000006 0.099390000000000006 0.0038500000000000001 0.00098499999999999998 0.0026830000000000001 0.010877 0.18052099999999999 0.055147000000000002 0 0.025617000000000001 0.000843 0.26480599999999999 0.001366 0.0030979999999999996 0.055017999999999984 0.023483000000000004 0.0072580000000000032 0 0
170 linear 4 7 0.631467 7.6840642510851547 1 61 0.38006800000000002 0.0094710000000000003 0.217616 0.0036020000000000002 0.00074099999999999991 0.0026050000000000001 0.010645999999999999 0.050452999999999998 0.078546000000000005 0 0.025287 0.00084400000000000002 0.13409499999999996 0.0012819999999999999 0.0030330000000000001 0.17399799999999999 0.022886999999999991 0.0072370000000000021 0 1
170 linear 4 15 0.61188100000000001 7.8561606376032032 1 61 0.35416199999999998 0.0094730000000000005 0.22300600000000001 0.0041099999999999999 0.00082200000000000003 0.002542 0.010375000000000001 0.052781000000000002 0.054119 0 0.025415 0.000834 0.12971999999999997 0.0013420000000000001 0.0031289999999999998 0.17779700000000009 0.024377000000000003 0.0072670000000000035 0 2
170 linear 4 23 0.74488600000000005 8.0535271267857667 1 61 0.48744100000000001 0.0093710000000000009 0.22353900000000002 0.0038919999999999996 0.00073400000000000006 0.0023080000000000002 0.0096030000000000004 0.051563999999999999 0.063991000000000006 0 0.02511 0.00077399999999999995 0.257272 0.001212 0.003029 0.17916599999999999 0.023263000000000006 0.0072630000000000021 0 3
170 uniform 3 0 0.462256 137.59467994586706 1 66 0.32124399999999997 0.015651999999999999 0.10206900000000002 0.003457 0.0010399999999999999 0.0024350000000000001 0.010359 0.16508400000000001 0.021149999999999999 0 0.026148000000000001 0.00083199999999999995 0.0024579999999999997 0.00079500000000000003 0.003539 0.071867000000000014 0.020278999999999995 0 0 0
170 uniform 3 7 0.46692899999999998 143.13776443606096 1 66 0.19433500000000001 0.015384999999999999 0.234459 0.003052 0.00089800000000000004 0.0023310000000000002 0.0099010000000000001 0.042563999999999998 0.020556000000000001 0 0.025867999999999999 0.00084199999999999998 0.0027699999999999999 0.000678 0.0034420000000000002 0.20443599999999998 0.02007299999999999 0 0 1
170 uniform 3 15 0.469611 150.68480496808317 1 66 0.19616600000000001 0.01521 0.234376 0.0035490000000000001 0.00086700000000000015 0.0022780000000000001 0.0096579999999999999 0.041919999999999999 0.020444 0 0.025524999999999999 0.00078100000000000001 0.0024979999999999998 0.00073499999999999998 0.0035490000000000001 0.20409799999999992 0.020303999999999992 0 0 2
170 uniform 3 23 0.48553200000000002 160.14828849361487 1 66 0.19120599999999999 0.014961 0.25613299999999994 0.0032399999999999998 0.00089399999999999994 0.002614 0.0095519999999999997 0.040531999999999999 0.020666 0 0.025812000000000002 0.00071400000000000001 0.0026449999999999998 0.00067000000000000002 0.0034679999999999997 0.22555000000000011 0.02026399999999999 0 0 3
170 uniform 4 0 0.71587999999999996 7.5585049145090926 1 45 0.62050700000000003 0.0095530000000000007 0.068176 0.0023040000000000001 0.00077399999999999995 0.0026150000000000001 0.010581999999999999 0.18266399999999999 0.052939 0 0.025568 0.00085499999999999997 0.26488200000000001 0.0012899999999999999 0.0030910000000000004 0.045530000000000008 0.015947999999999997 0 0 0
170 uniform 4 7 0.56861899999999999 7.6939136900574496 1 45 0.373114 0.0093799999999999994 0.16854400000000003 0.0022360000000000001 0.00064800000000000014 0.002545 0.010352 0.050536999999999999 0.072398000000000004 0 0.025260000000000001 0.00086899999999999998 0.13409900000000002 0.0011739999999999999 0.003039 0.14669999999999997 0.015087000000000001 0 0 1
170 uniform 4 15 0.53561899999999996 7.8682123482638309 1 45 0.34688799999999997 0.0094299999999999991 0.16173600000000002 0.0023240000000000001 0.00060000000000000006 0.0024789999999999999 0.0098639999999999995 0.052609999999999997 0.051935000000000002 0 0.024823999999999999 0.00080800000000000002 0.12917600000000001 0.0011659999999999999 0.0030310000000000003 0.13831400000000002 0.016278000000000008 0 0 2
170 uniform 4 23 0.72103499999999998 8.0685717885455386 1 45 0.48677700000000002 0.0094129999999999995 0.20672600000000002 0.0023319999999999999 0.00060300000000000002 0.0022880000000000001 0.0094619999999999999 0.051700999999999997 0.061643000000000003 0 0.024732000000000001 0.00079799999999999999 0.26042100000000001 0.0010629999999999999 0.0029659999999999999 0.169269 0.024688999999999999 0 0 3
171 linear 3 0 0.50636199999999998 28.11171442658263 1 99 0.29828399999999999 0.015334 0.15066399999999996 0.0072160000000000002 0.0015040000000000001 0.0028809999999999999 0.011834000000000001 0.13223699999999999 0.024509 0 0.026624999999999999 0.00078299999999999995 0.0010159999999999998 0.00083500000000000002 0.0039769999999999996 0.080279000000000031 0.032341999999999996 0.011818000000000002 0 0
171 linear 3 7 0.62195900000000004 28.074151926517846 1 99 0.19413800000000001 0.014711 0.37250699999999998 0.0064619999999999999 0.0012330000000000002 0.0028059999999999999 0.012033 0.032392999999999998 0.024308 0 0.0258 0.00077200000000000001 0.00098099999999999988 0.00065700000000000003 0.0038400000000000001 0.30276899999999995 0.031962999999999971 0.011816999999999999 0 1
171 linear 3 15 0.58992900000000004 28.031484905328256 1 99 0.175951 0.013212 0.36177100000000001 0.0060130000000000001 0.0012569999999999999 0.0025309999999999998 0.0097699999999999992 0.025284999999999998 0.020903000000000001 0 0.025381000000000001 0.00080199999999999998 0.0010139999999999999 0.00067699999999999998 0.0033339999999999997 0.29394799999999988 0.03095800000000001 0.011537999999999996 0 2
171 linear 3 23 0.55172299999999996 27.989092923621744 1 99 0.17677200000000001 0.012904000000000001 0.32387699999999986 0.0057739999999999996 0.001114 0.002251 0.0090749999999999997 0.029787999999999999 0.020480000000000002 0 0.024902000000000001 0.00075699999999999997 0.00101 0.00065700000000000003 0.0033679999999999995 0.25613900000000006 0.031006000000000016 0.011532999999999998 0 3
171 linear 4 0 0.57719200000000004 10.558087537680807 1 61 0.41899500000000001 0.0091369999999999993 0.12384499999999998 0.0039940000000000002 0.001003 0.0028760000000000001 0.010895999999999999 0.16747300000000001 0.021613 0 0.025312000000000001 0.00080900000000000004 0.10764500000000002 0.0013179999999999999 0.0034030000000000002 0.076978000000000033 0.018956999999999995 0.0067900000000000026 0 0
171 linear 4 7 0.64654 10.564978376179754 1 61 0.37054100000000001 0.0087279999999999996 0.24255700000000002 0.0037570000000000004 0.00086300000000000005 0.0028019999999999998 0.010422000000000001 0.040641999999999998 0.021434999999999999 0 0.025833999999999999 0.00077200000000000001 0.19236799999999998 0.001121 0.0031409999999999997 0.19635400000000006 0.018255999999999994 0.0067319999999999993 0 1
171 linear 4 15 0.46476699999999999 10.572860152393242 1 61 0.19573499999999999 0.0086470000000000002 0.23598100000000002 0.003581 0.00081999999999999998 0.0023830000000000001 0.014468999999999999 0.038214999999999999 0.020722000000000001 0 0.025243999999999999 0.00077899999999999996 0.018629000000000003 0.0010660000000000001 0.0030379999999999999 0.19001300000000004 0.018130999999999994 0.0067940000000000014 0 2
171 linear 4 23 0.56144499999999997 10.580748889904307 1 61 0.297294 0.0086070000000000001 0.23132800000000009 0.0034420000000000002 0.00080099999999999995 0.002232 0.0092929999999999992 0.047773999999999997 0.020663999999999998 0 0.025444000000000001 0.00078700000000000005 0.117964 0.00099500000000000001 0.0029220000000000006 0.18605200000000002 0.017795999999999999 0.0067730000000000021 0 3
171 uniform 3 0 0.42258000000000001 28.269347305190955 1 67 0.29080600000000001 0.013801000000000001 0.092163999999999968 0.003398 0.0011810000000000002 0.0027160000000000001 0.010519000000000001 0.13111900000000001 0.023501999999999999 0 0.026606999999999999 0.00074399999999999998 0.00099799999999999997 0.00078899999999999999 0.0035669999999999999 0.061029999999999987 0.021021999999999996 0 0 0
171 uniform 3 7 0.463227 28.22998148189313 1 67 0.18353800000000001 0.013469999999999999 0.24043199999999992 0.0033699999999999997 0.00099599999999999992 0.0025630000000000002 0.01001 0.028933 0.022655999999999999 0 0.025656999999999999 0.00080999999999999996 0.00096600000000000006 0.00075600000000000005 0.0034189999999999997 0.20927900000000002 0.021070999999999989 0 0 1
171 uniform 3 15 0.45949400000000001 28.185288297235765 1 67 0.18503600000000001 0.013668 0.234676 0.0035179999999999999 0.00089399999999999994 0.0024380000000000001 0.0095239999999999995 0.025378999999999999 0.026613000000000001 0 0.025985999999999999 0.00079799999999999999 0.0010200000000000001 0.00073800000000000005 0.0035490000000000001 0.2036100000000001 0.020948999999999985 0 0 2
171 uniform 3 23 0.41760900000000001 28.140906337810883 1 67 0.18065000000000001 0.013207999999999999 0.19845000000000002 0.0034109999999999995 0.00083900000000000012 0.002238 0.0091179999999999994 0.029805999999999999 0.023042 0 0.025347999999999999 0.00076599999999999997 0.0010009999999999999 0.000638 0.0034650000000000002 0.16711699999999996 0.021299999999999982 0 0 3
171 uniform 4 0 0.53412099999999996 10.558096121894776 1 45 0.41947000000000001 0.0091599999999999997 0.087561999999999973 0.0022719999999999997 0.00079199999999999995 0.0025660000000000001 0.010536999999999999 0.17182500000000001 0.023512000000000002 0 0.02512 0.000785 0.10751399999999998 0.0012279999999999999 0.0032159999999999992 0.066508999999999971 0.014297000000000004 0 0 0
171 uniform 4 7 0.56507499999999999 10.564986977102544 1 45 0.36852200000000002 0.0088789999999999997 0.16998700000000005 0.0021970000000000002 0.00072100000000000007 0.0023869999999999998 0.0096509999999999999 0.040432999999999997 0.023005000000000001 0 0.024919 0.00073899999999999997 0.19235600000000003 0.0011100000000000001 0.003114 0.14943499999999998 0.013493999999999999 0 0 1
171 uniform 4 15 0.37864399999999998 10.572868772450287 1 45 0.194079 0.0087069999999999995 0.158078 0.0022089999999999996 0.00066599999999999993 0.0022260000000000001 0.0093419999999999996 0.041409000000000001 0.022238999999999998 0 0.025191999999999999 0.00072599999999999997 0.018598 0.0010529999999999999 0.0030620000000000005 0.13725699999999999 0.013844000000000004 0 0 2
171 uniform 4 23 0.48236200000000001 10.580757529126087 1 45 0.30020799999999997 0.0088760000000000002 0.15522399999999995 0.0024510000000000001 0.00064299999999999991 0.0021210000000000001 0.0090709999999999992 0.047933999999999997 0.022432000000000001 0 0.025276 0.00075199999999999996 0.11800300000000001 0.00093800000000000003 0.0031310000000000001 0.13517899999999997 0.013278000000000005 0 0 3
172 linear 3 0 0.40056199999999997 9.8477832671460597 1 61 0.276119 0.0085570000000000004 0.09029700000000003 0.0043660000000000001 0.00096500000000000015 0.0026640000000000001 0.010933 0.129661 0.024261000000000001 0 0.026502000000000001 0.00087000000000000001 0.0006730000000000001 0.0011460000000000001 0.0031560000000000004 0.046406999999999997 0.019323999999999984 0.007028000000000003 0 0
172 linear 3 7 0.44319399999999998 9.8741856116001046 1 61 0.170182 0.0082140000000000008 0.23958599999999994 0.0040160000000000005 0.0008160000000000001 0.002395 0.0099659999999999992 0.032864999999999998 0.021042999999999999 0 0.025665 0.00078899999999999999 0.00059000000000000003 0.0011150000000000001 0.0030589999999999997 0.19601600000000005 0.019252999999999992 0.0070020000000000021 0 1
172 linear 3 15 0.44677 9.9046684652640238 1 61 0.168179 0.0081250000000000003 0.245506 0.0037999999999999996 0.00075900000000000002 0.0022790000000000002 0.0095209999999999999 0.031868 0.020834999999999999 0 0.025745000000000001 0.00078600000000000002 0.000611 0.0010809999999999999 0.003081 0.20155999999999999 0.019920999999999987 0.0070190000000000009 0 2
172 linear 3 23 0.44630599999999998 9.9354862873581933 1 61 0.164766 0.0080759999999999998 0.24899200000000007 0.0035360000000000001 0.00074700000000000005 0.002199 0.0091649999999999995 0.030952 0.020729999999999998 0 0.025250000000000002 0.00082799999999999996 0.00064500000000000007 0.00098200000000000002 0.0030130000000000001 0.20502699999999999 0.019858000000000001 0.0070760000000000042 0 3
172 linear 4 0 0.65413500000000002 7.3988147377286841 1 61 0.49281799999999998 0.0091190000000000004 0.12764700000000001 0.0039310000000000005 0.00080000000000000004 0.0027669999999999999 0.010963000000000001 0.15282200000000001 0.021284000000000001 0 0.026280999999999999 0.00085400000000000005 0.19376200000000002 0.0011100000000000001 0.0032420000000000001 0.076187000000000005 0.01933399999999999 0.0065440000000000021 0 0
172 linear 4 7 0.68516900000000003 7.4018505820094562 1 61 0.41402 0.0088540000000000008 0.23784100000000002 0.0036809999999999998 0.00076099999999999996 0.0027130000000000001 0.010123 0.041284000000000001 0.020882000000000001 0 0.025510000000000001 0.000794 0.23529300000000003 0.0011410000000000001 0.0031199999999999995 0.186831 0.019518999999999974 0.0065250000000000013 0 1
172 linear 4 15 0.66361599999999998 7.4053221346348046 1 61 0.39080900000000002 0.0086789999999999992 0.23998899999999992 0.0034840000000000001 0.00072600000000000008 0.0022469999999999999 0.013936 0.044650000000000002 0.020909000000000001 0 0.025753999999999999 0.00078700000000000005 0.20791099999999998 0.00097599999999999998 0.0030930000000000003 0.18962599999999991 0.018808999999999989 0.0065300000000000037 0 2
172 linear 4 23 0.64985800000000005 7.40879583734226 1 61 0.36613000000000001 0.0089029999999999995 0.24905899999999992 0.00362 0.00070500000000000011 0.0023930000000000002 0.0095519999999999997 0.038600000000000002 0.020518000000000002 0 0.024771999999999999 0.00071699999999999997 0.19439000000000001 0.00094200000000000002 0.0033580000000000007 0.19764900000000005 0.019287999999999996 0.0067229999999999963 0 3
172 uniform 3 0 0.37079899999999999 9.8486158595140392 1 45 0.28310000000000002 0.0095040000000000003 0.059570000000000012 0.002408 0.00080999999999999996 0.002745 0.01208 0.130769 0.025246999999999999 0 0.027008000000000001 0.000834 0.00065400000000000007 0.001114 0.0034150000000000001 0.038185000000000004 0.014420000000000007 0 0 0
172 uniform 3 7 0.39197500000000002 9.8750315250494545 1 45 0.17846699999999999 0.0084980000000000003 0.18672299999999997 0.002349 0.00067000000000000002 0.002565 0.011004999999999999 0.034132999999999997 0.023238999999999999 0 0.026950000000000002 0.00083900000000000001 0.00058900000000000001 0.001073 0.0033740000000000003 0.16520699999999999 0.014609000000000002 0 0 1
172 uniform 3 15 0.37604399999999999 9.9055299631810243 1 45 0.17510300000000001 0.0083529999999999993 0.17506799999999997 0.0022269999999999998 0.00065099999999999999 0.0022699999999999999 0.0094929999999999997 0.033632000000000002 0.023767 0 0.026995000000000002 0.00077499999999999997 0.00061499999999999999 0.00098999999999999999 0.0033089999999999999 0.15336200000000003 0.01486 0 0 2
172 uniform 3 23 0.37128499999999998 9.9363637660759334 1 45 0.16444400000000001 0.0081600000000000006 0.18117800000000001 0.0021789999999999999 0.00062500000000000001 0.0021489999999999999 0.0090299999999999998 0.030963000000000001 0.020466999999999999 0 0.025288999999999999 0.00080000000000000004 0.00062599999999999993 0.00093800000000000003 0.0029560000000000003 0.15953200000000001 0.014848000000000004 0 0 3
172 uniform 4 0 0.60353699999999999 7.3988172462453097 1 45 0.490726 0.0088990000000000007 0.086501999999999996 0.0022669999999999999 0.00075999999999999993 0.0026849999999999999 0.010784999999999999 0.156445 0.021828 0 0.026397 0.00076900000000000004 0.191576 0.001201 0.0031900000000000001 0.065819000000000016 0.013908 0 0 0
172 uniform 4 7 0.60241800000000001 7.401853093773985 1 45 0.41081600000000001 0.0087580000000000002 0.16510399999999997 0.0024610000000000001 0.00063199999999999997 0.0025040000000000001 0.010041 0.041126999999999997 0.020919 0 0.025174999999999999 0.00078700000000000005 0.23447999999999999 0.001005 0.0031409999999999997 0.14404700000000001 0.014296000000000001 0 0 1
172 uniform 4 15 0.58076000000000005 7.4053246501095966 1 45 0.38657000000000002 0.0086510000000000007 0.16789499999999999 0.002333 0.0006249999999999999 0.0024550000000000002 0.009979 0.044705000000000002 0.021314 0 0.026109 0.00077800000000000005 0.20704299999999998 0.00095399999999999999 0.0030000000000000001 0.14715700000000001 0.013875999999999998 0 0 2
172 uniform 4 23 0.56442800000000004 7.4087983565403563 1 45 0.36968499999999999 0.0087340000000000004 0.16854399999999997 0.0022290000000000001 0.00060300000000000002 0.0024429999999999999 0.0095080000000000008 0.038503000000000003 0.020851999999999999 0 0.025562999999999999 0.00072199999999999999 0.19701500000000002 0.0010070000000000001 0.0030120000000000004 0.14821700000000002 0.013436000000000003 0 0 3
173 linear 3 0 0.67127400000000004 66.844495177816469 1 69 0.50133799999999995 0.041642999999999999 0.099831999999999962 0.0049109999999999996 0.00092899999999999992 0.002552 0.010649 0.19764799999999999 0.17821899999999999 0 0.026764 0.00095 0.0019269999999999999 0.001235 0.0032089999999999992 0.051961999999999994 0.02226499999999999 0.0080860000000000012 0 0
173 linear 3 7 0.50808200000000003 66.926683242685044 1 69 0.193466 0.041218999999999999 0.24500699999999995 0.0045100000000000001 0.00084999999999999995 0.0025820000000000001 0.010335 0.047102999999999999 0.023116999999999999 0 0.026453999999999998 0.00091299999999999997 0.0021150000000000001 0.0011919999999999999 0.0032070000000000002 0.19834400000000002 0.022579999999999992 0.0082250000000000049 0 1
173 linear 3 15 0.51508900000000002 67.021622869501485 1 69 0.19503499999999999 0.040703999999999997 0.25147200000000003 0.0041349999999999998 0.00088699999999999998 0.0025379999999999999 0.010295 0.047012999999999999 0.022764 0 0.027140000000000001 0.00092000000000000003 0.0020379999999999999 0.001098 0.0033149999999999998 0.20569899999999994 0.021835999999999994 0.008178000000000003 0 2
173 linear 3 23 0.44359399999999999 67.12088538136193 1 61 0.19198499999999999 0.039805 0.18729599999999999 0.0036610000000000002 0.00080400000000000003 0.0025170000000000001 0.010026 0.048068 0.022918999999999998 0 0.026661000000000001 0.00086300000000000005 0.002029 0.001127 0.0030890000000000002 0.145096 0.02122400000000001 0.0072280000000000018 0 3
173 linear 4 0 0.66698000000000002 564.78470506605493 1 74 0.506158 0.015626000000000001 0.11868400000000003 0.0048420000000000008 0.001232 0.0024889999999999999 0.010962 0.18341199999999999 0.023224000000000002 0 0.026207000000000001 0.000852 0.162047 0.00074899999999999999 0.0036920000000000004 0.070739000000000024 0.022198999999999986 0.0087889999999999999 0 0
173 linear 4 7 0.69332800000000006 593.21182529535884 1 74 0.40814800000000001 0.014873000000000001 0.24395899999999998 0.0045910000000000005 0.0011659999999999999 0.0025950000000000001 0.010501999999999999 0.018090999999999999 0.023352999999999999 0 0.025635999999999999 0.00086300000000000005 0.233871 0.000767 0.0036420000000000003 0.196659 0.021695999999999976 0.008823000000000001 0 1
173 linear 4 15 0.68547100000000005 627.75731079369496 1 74 0.38940999999999998 0.015155 0.25512499999999994 0.0042620000000000002 0.0010489999999999998 0.0025959999999999998 0.010493000000000001 0.025902000000000001 0.023118 0 0.026273999999999999 0.00089499999999999996 0.20556799999999997 0.00070799999999999997 0.0034949999999999998 0.20685399999999993 0.022619999999999984 0.0087750000000000015 0 2
173 linear 4 23 0.89540200000000003 664.2770131944053 1 96 0.47782799999999997 0.015484 0.36781699999999995 0.0054310000000000001 0.0016750000000000001 0.0025539999999999998 0.0099690000000000004 0.024719000000000001 0.020753000000000001 0 0.026043 0.00087600000000000004 0.29885899999999999 0.00066500000000000001 0.0037509999999999996 0.28908400000000001 0.036397999999999979 0.013779999999999997 0 3
173 uniform 3 0 0.60762000000000005 66.848990157477203 1 37 0.49691299999999999 0.040680000000000001 0.055012999999999999 0.0020639999999999999 0.000629 0.002604 0.010385999999999999 0.19756199999999999 0.175432 0 0.026761 0.00084900000000000004 0.0018249999999999998 0.0013339999999999999 0.0031720000000000003 0.036938000000000006 0.012409999999999997 0 0 0
173 uniform 3 7 0.38208199999999998 66.931716894500624 1 45 0.18592900000000001 0.040767999999999999 0.13711999999999994 0.0025429999999999997 0.00072199999999999999 0.0026830000000000001 0.010107 0.042969 0.021464 0 0.026558999999999999 0.00088599999999999996 0.001993 0.0012589999999999999 0.003095000000000001 0.11294199999999997 0.017375999999999999 0 0 1
173 uniform 3 15 0.37557499999999999 67.027539071399787 1 45 0.19176599999999999 0.039778000000000001 0.12617000000000003 0.0023739999999999998 0.00067600000000000006 0.0025430000000000001 0.010163 0.046753999999999997 0.021600999999999999 0 0.026737 0.00088000000000000003 0.0020219999999999999 0.0011980000000000001 0.0031510000000000002 0.10247800000000001 0.016910999999999999 0 0 2
173 uniform 3 23 0.37148900000000001 67.1280284672861 1 45 0.19395399999999999 0.038800000000000001 0.12094200000000002 0.0022850000000000001 0.00062000000000000011 0.0025110000000000002 0.0099349999999999994 0.048006 0.020996000000000001 0 0.026481999999999999 0.00084800000000000001 0.002029 0.0010859999999999999 0.003065 0.097574999999999981 0.016569000000000004 0 0 3
173 uniform 4 0 0.65303299999999997 566.56646216383638 1 82 0.50300999999999996 0.015729 0.10386000000000002 0.0052519999999999997 0.0011379999999999999 0.0025590000000000001 0.01086 0.18346599999999999 0.021233999999999999 0 0.026161 0.00087900000000000001 0.162024 0.00074100000000000001 0.0036509999999999997 0.067871000000000015 0.023602000000000001 0 0 0
173 uniform 4 7 0.69716299999999998 595.3026719004821 1 82 0.40742299999999998 0.014943 0.24451499999999993 0.0049389999999999998 0.00096999999999999994 0.0026510000000000001 0.010303 0.018110000000000001 0.020809999999999999 0 0.025512 0.000812 0.23391800000000001 0.00076099999999999996 0.003581 0.20808900000000002 0.024068999999999997 0 0 1
173 uniform 4 15 0.80476700000000001 630.27772619619668 1 90 0.38770500000000002 0.018873000000000001 0.36360599999999993 0.0052629999999999994 0.0011980000000000001 0.0024870000000000001 0.010199 0.026821000000000001 0.024379999999999999 0 0.02614 0.00091200000000000005 0.19973000000000002 0.00067100000000000005 0.0041229999999999999 0.29367700000000008 0.045885000000000009 0 0 2
173 uniform 4 23 0.93459899999999996 667.3251631593522 1 104 0.483958 0.016747000000000001 0.39572799999999991 0.0057470000000000004 0.0015870000000000001 0.0025850000000000001 0.010907999999999999 0.026141000000000001 0.023550000000000001 0 0.025982000000000002 0.00085300000000000003 0.298987 0.000669 0.0041339999999999997 0.33971099999999987 0.037934000000000023 0 0 3
174 linear 3 0 0.59777100000000005 44.433931403842529 1 61 0.45918300000000001 0.0097059999999999994 0.10380700000000001 0.0040590000000000001 0.00086300000000000005 0.0029650000000000002 0.010723 0.197274 0.042355999999999998 0 0.026695 0.00088000000000000003 0.096275000000000013 0.001335 0.0032890000000000003 0.057545999999999979 0.021871999999999992 0.0070290000000000014 0 0
174 linear 3 7 0.71828599999999998 44.387546181141317 1 61 0.46666299999999999 0.0096810000000000004 0.21721099999999996 0.0037949999999999998 0.00085599999999999999 0.0027160000000000001 0.010128 0.062867000000000006 0.022044000000000001 0 0.025985000000000001 0.00083500000000000002 0.26099499999999998 0.001266 0.0031180000000000001 0.17209700000000008 0.021135000000000015 0.0070149999999999995 0 1
174 linear 3 15 0.56679800000000002 44.34189127331841 1 61 0.328567 0.0094680000000000007 0.20440900000000001 0.0036020000000000002 0.00092899999999999992 0.002575 0.0097730000000000004 0.055212999999999998 0.022193000000000001 0 0.025559999999999999 0.00077399999999999995 0.13447499999999998 0.0011789999999999999 0.003058 0.15883100000000006 0.021850000000000005 0.0070230000000000006 0 2
174 linear 3 23 0.66876800000000003 44.302155618488008 1 61 0.42271799999999998 0.009332 0.21239800000000006 0.0037689999999999998 0.0008650000000000001 0.0025400000000000002 0.0096259999999999991 0.058706000000000001 0.021767999999999999 0 0.026186999999999998 0.000687 0.22638599999999998 0.0010579999999999999 0.0030289999999999996 0.16645800000000002 0.02212900000000001 0.0070260000000000001 0 3
174 linear 4 0 0.477497 46.002885783481254 1 61 0.34737899999999999 0.0093399999999999993 0.096274999999999972 0.0036870000000000002 0.00097499999999999996 0.0027690000000000002 0.010657 0.199132 0.023186999999999999 0 0.027050999999999999 0.00084199999999999998 0.002052 0.0011280000000000001 0.0031379999999999997 0.050161000000000018 0.021219999999999996 0.0070190000000000018 0 0
174 linear 4 7 0.45911999999999997 46.02074787050293 1 61 0.20525499999999999 0.0092759999999999995 0.22004499999999994 0.003545 0.00081299999999999992 0.0027820000000000002 0.009665 0.055934999999999999 0.0224 0 0.025520999999999999 0.00076800000000000002 0.010678999999999999 0.001018 0.0030990000000000006 0.17416600000000007 0.020889999999999992 0.007015000000000003 0 1
174 linear 4 15 0.536883 46.041344760283017 1 61 0.29242699999999999 0.0093259999999999992 0.21102700000000002 0.0034539999999999996 0.00083600000000000005 0.0025110000000000002 0.0095169999999999994 0.055010999999999997 0.027533999999999999 0 0.025479999999999999 0.00079199999999999995 0.095823000000000005 0.001018 0.0029990000000000004 0.16499800000000006 0.021277999999999995 0.0070310000000000008 0 2
174 linear 4 23 0.54845500000000003 46.062186911391926 1 61 0.28969600000000001 0.0092949999999999994 0.22528199999999998 0.0033660000000000001 0.00079299999999999998 0.0023280000000000002 0.0093310000000000008 0.055211000000000003 0.022619 0 0.025756000000000001 0.000745 0.098959999999999992 0.001016 0.0029899999999999996 0.17416000000000001 0.020886999999999979 0.0070160000000000005 0 3
174 uniform 3 0 0.54936499999999999 44.43854730407201 1 45 0.45436599999999999 0.0093120000000000008 0.068092999999999987 0.0024510000000000001 0.00076899999999999994 0.0027780000000000001 0.0098189999999999996 0.19797699999999999 0.043704 0 0.026162000000000001 0.000794 0.095748 0.001142 0.0029680000000000002 0.044259 0.016959000000000002 0 0 0
174 uniform 3 7 0.63227299999999997 44.391211490007599 1 45 0.461204 0.0092320000000000006 0.144478 0.0023420000000000003 0.00062 0.0025990000000000002 0.0095300000000000003 0.058918999999999999 0.023202 0 0.025499000000000001 0.00079500000000000003 0.26239999999999997 0.001088 0.0029810000000000001 0.12107399999999999 0.016573000000000001 0 0 1
174 uniform 3 15 0.489039 44.344794709581144 1 45 0.32490799999999997 0.0091739999999999999 0.137379 0.0023240000000000001 0.00075599999999999994 0.0024499999999999999 0.0098309999999999995 0.055155999999999997 0.023754000000000001 0 0.024905 0.00082899999999999998 0.13243000000000002 0.00099500000000000001 0.0028930000000000002 0.11351899999999999 0.017052000000000008 0 0 2
174 uniform 3 23 0.596391 44.304515279002374 1 45 0.426977 0.0091610000000000007 0.14274199999999998 0.0022789999999999998 0.00070600000000000003 0.002264 0.0094830000000000001 0.058609000000000001 0.023664000000000001 0 0.026065999999999999 0.00067500000000000004 0.22683400000000001 0.00086300000000000005 0.0029350000000000001 0.11844700000000001 0.017335000000000007 0 0 3
174 uniform 4 0 0.42549999999999999 46.003344907223713 1 45 0.33852399999999999 0.0092020000000000001 0.060333999999999992 0.002297 0.00069700000000000003 0.0026679999999999998 0.010114 0.197659 0.02086 0 0.026308999999999999 0.00078200000000000003 0.002019 0.0010399999999999999 0.0030220000000000004 0.037587000000000002 0.015993000000000004 0 0 0
174 uniform 4 7 0.36745299999999997 46.021229994624868 1 45 0.201123 0.0092339999999999992 0.13940199999999997 0.0023769999999999998 0.00066299999999999996 0.0025929999999999998 0.0094389999999999995 0.055821000000000003 0.020704 0 0.025083999999999999 0.00075000000000000002 0.010751999999999999 0.0010200000000000001 0.0030079999999999998 0.11687399999999999 0.015541000000000003 0 0 1
174 uniform 4 15 0.450243 46.041856472724291 1 45 0.28337800000000002 0.0092219999999999993 0.14024199999999995 0.0022299999999999998 0.00063299999999999999 0.0022790000000000002 0.0089630000000000005 0.055153000000000001 0.020847000000000001 0 0.025625999999999999 0.00072499999999999995 0.09577999999999999 0.00094300000000000004 0.0030099999999999997 0.11715399999999997 0.016274000000000007 0 0 2
174 uniform 4 23 0.45931 46.062732342175217 1 45 0.28609600000000002 0.0091020000000000007 0.146754 0.0023010000000000001 0.00059600000000000007 0.0022239999999999998 0.0090379999999999992 0.055113000000000002 0.020591000000000002 0 0.025316000000000002 0.00072300000000000001 0.098949000000000009 0.0010189999999999999 0.0029819999999999998 0.12398300000000004 0.015948000000000011 0 0 3
175 linear 3 0 0.446357 28.643102914002274 1 99 0.25733600000000001 0.013923 0.13508299999999998 0.0070839999999999992 0.0014720000000000002 0.0025360000000000001 0.010453 0.098836999999999994 0.021746999999999999 0 0.026169000000000001 0.00084000000000000003 0.0010040000000000001 0.00080099999999999995 0.0035469999999999998 0.065603999999999996 0.033354999999999975 0.011658999999999999 0 0
175 linear 3 7 0.60244600000000004 29.145507952128948 1 99 0.17347099999999999 0.013398 0.37569099999999989 0.0064809999999999998 0.0014469999999999999 0.0026020000000000001 0.010566000000000001 0.017322000000000001 0.021222999999999999 0 0.026186999999999998 0.00087799999999999998 0.0010369999999999999 0.00070899999999999999 0.0035389999999999996 0.3062410000000001 0.032642999999999978 0.011628999999999995 0 1
175 linear 3 15 0.54920199999999997 29.774003689961734 1 99 0.167994 0.013117 0.32914699999999991 0.0059229999999999994 0.001214 0.0024199999999999998 0.009613 0.015931000000000001 0.020760000000000001 0 0.025617999999999998 0.00080800000000000002 0.0009639999999999999 0.00065499999999999998 0.0034339999999999996 0.25944899999999999 0.03374899999999996 0.011644999999999999 0 2
175 linear 3 23 0.55327700000000002 30.472737053827327 1 99 0.167212 0.013220000000000001 0.33377000000000001 0.0059980000000000007 0.0012580000000000002 0.002343 0.0091809999999999999 0.016799000000000001 0.020636000000000002 0 0.025817 0.00080000000000000004 0.0010609999999999999 0.00065099999999999999 0.0034429999999999999 0.26252299999999995 0.033296999999999986 0.011668000000000005 0 3
175 linear 4 0 0.44491799999999998 25.471297612586842 1 99 0.254853 0.014421 0.13689000000000001 0.0057009999999999995 0.0013730000000000003 0.002225 0.010276 0.099159999999999998 0.023725 0 0.025975000000000002 0.00077700000000000002 0.001003 0.00063500000000000004 0.0037590000000000002 0.071225000000000011 0.031087000000000017 0.012055999999999997 0 0
175 linear 4 7 0.59561399999999998 25.555956387156577 1 99 0.172823 0.014331999999999999 0.36874800000000013 0.0057599999999999995 0.0012100000000000001 0.0022690000000000002 0.010460000000000001 0.018258 0.023425999999999999 0 0.025579999999999999 0.00071599999999999995 0.001021 0.00064000000000000005 0.003718 0.29244900000000007 0.036246000000000028 0.012249000000000005 0 1
175 linear 4 15 0.56053200000000003 25.657431329856511 1 99 0.170457 0.014330000000000001 0.3376610000000001 0.0053829999999999998 0.001114 0.0021320000000000002 0.010066 0.017389000000000002 0.023851000000000001 0 0.024882999999999999 0.00082700000000000004 0.001005 0.00066600000000000003 0.0036799999999999997 0.27322800000000003 0.030747000000000042 0.011871999999999997 0 2
175 linear 4 23 0.546624 25.764154517679213 1 99 0.16794799999999999 0.012888 0.32760900000000009 0.0055799999999999999 0.0012719999999999999 0.002114 0.0086960000000000006 0.018131000000000001 0.020514000000000001 0 0.025051 0.00077200000000000001 0.0010060000000000002 0.00067400000000000001 0.0033310000000000011 0.26382699999999992 0.030321000000000015 0.011774000000000003 0 3
175 uniform 3 0 0.36143700000000001 28.752368915950658 1 67 0.24415000000000001 0.013076000000000001 0.078726000000000018 0.0034609999999999997 0.001085 0.0020709999999999999 0.0087720000000000003 0.099232000000000001 0.020548 0 0.024698999999999999 0.00076099999999999996 0.001039 0.00060700000000000001 0.0033079999999999997 0.046382000000000013 0.022019999999999994 0 0 0
175 uniform 3 7 0.440498 29.268518293631011 1 67 0.16263900000000001 0.017100000000000001 0.23511499999999996 0.0036229999999999999 0.00097100000000000007 0.002189 0.0088819999999999993 0.016725 0.020539000000000002 0 0.024840999999999998 0.00074399999999999998 0.000977 0.00064099999999999997 0.0033879999999999991 0.20300900000000005 0.02191099999999999 0 0 1
175 uniform 3 15 0.40518700000000002 29.916394892739287 1 67 0.16370599999999999 0.013006 0.20328799999999997 0.003346 0.00092899999999999992 0.0022490000000000001 0.0092449999999999997 0.015672999999999999 0.021083000000000001 0 0.025878000000000002 0.00078899999999999999 0.00097799999999999992 0.00065600000000000001 0.0034289999999999998 0.17104499999999997 0.022149999999999989 0 0 2
175 uniform 3 23 0.41397699999999998 30.639927222838587 1 67 0.16366800000000001 0.012883 0.21262800000000001 0.0033440000000000002 0.00083399999999999989 0.0022160000000000001 0.0090869999999999996 0.016597000000000001 0.020556000000000001 0 0.025283 0.000767 0.0010060000000000002 0.00069300000000000004 0.003344999999999999 0.17618800000000001 0.026395999999999996 0 0 3
175 uniform 4 0 0.36526599999999998 25.515479543943346 1 67 0.24454699999999999 0.013249 0.082187999999999997 0.0033350000000000003 0.00095200000000000005 0.0021489999999999999 0.0088800000000000007 0.097517000000000006 0.020676 0 0.025356 0.00074600000000000003 0.00097799999999999992 0.00068999999999999997 0.0033700000000000006 0.051498000000000002 0.020623999999999993 0 0 0
175 uniform 4 7 0.40263599999999999 25.600023191183112 1 67 0.163159 0.012999999999999999 0.20163799999999993 0.0033079999999999997 0.00083000000000000001 0.002202 0.008822 0.016840000000000001 0.020407999999999999 0 0.025170999999999999 0.00077200000000000001 0.0010170000000000001 0.00063299999999999999 0.0033509999999999998 0.17066299999999995 0.02069699999999999 0 0 1
175 uniform 4 15 0.41585100000000003 25.701432440823623 1 67 0.16513900000000001 0.012947 0.21284800000000006 0.0033029999999999995 0.00080900000000000004 0.0021199999999999999 0.0085939999999999992 0.015768000000000001 0.021738 0 0.024691000000000001 0.00081899999999999996 0.00099099999999999991 0.00064400000000000004 0.0033319999999999999 0.18191399999999999 0.020582999999999994 0 0 2
175 uniform 4 23 0.42051100000000002 25.808163463012097 1 67 0.163273 0.012786 0.21955099999999991 0.0032230000000000002 0.00082199999999999992 0.0021419999999999998 0.0085170000000000003 0.017919999999999998 0.022162999999999999 0 0.024784 0.00072499999999999995 0.00098900000000000008 0.00060300000000000002 0.0033119999999999994 0.18894200000000003 0.020584999999999989 0 0 3
176 linear 3 0 0.42079299999999997 2.6181229528804866 1 61 0.29583799999999999 0.0085319999999999997 0.09076500000000004 0.0043890000000000005 0.0010199999999999999 0.0025899999999999999 0.010869999999999999 0.14155400000000001 0.023941 0 0.026686999999999999 0.000892 0.00059599999999999996 0.0013339999999999999 0.0031190000000000007 0.049217999999999998 0.020319000000000004 0.0072510000000000005 0 0
176 linear 3 7 0.46582600000000002 2.6167204753480564 1 61 0.18143300000000001 0.0083829999999999998 0.25070899999999996 0.0040160000000000005 0.00087200000000000016 0.0027650000000000001 0.010739 0.036756999999999998 0.023356999999999999 0 0.026321000000000001 0.00083000000000000001 0.00059699999999999998 0.001279 0.0030220000000000004 0.20905699999999999 0.020697999999999994 0.0072440000000000004 0 1
176 linear 3 15 0.471528 2.6151218502592033 1 61 0.17579400000000001 0.0082089999999999993 0.26297599999999999 0.0037090000000000001 0.00082400000000000008 0.0023969999999999998 0.010158 0.036438999999999999 0.023365 0 0.025325 0.00073399999999999995 0.00063900000000000003 0.0011919999999999999 0.0030460000000000001 0.22211599999999998 0.020087000000000004 0.0072410000000000018 0 2
176 linear 3 23 0.46326499999999998 2.6135276925122355 1 61 0.17521600000000001 0.0081550000000000008 0.25532200000000005 0.0038110000000000002 0.00083600000000000005 0.0022049999999999999 0.009639 0.036464999999999997 0.023300000000000001 0 0.025429 0.000785 0.00060599999999999998 0.001054 0.0030510000000000003 0.21489800000000006 0.019577000000000001 0.0072139999999999991 0 3
176 linear 4 0 0.52149000000000001 66.67771958307425 1 91 0.330822 0.015598000000000001 0.13961700000000007 0.0054299999999999999 0.0012079999999999999 0.0030179999999999998 0.011191 0.17075000000000001 0.023102999999999999 0 0.026439000000000001 0.00072800000000000002 0.00098999999999999999 0.00073899999999999997 0.003605999999999999 0.083334999999999979 0.025226000000000002 0.010761999999999999 0 0
176 linear 4 7 0.561025 67.958903513670023 1 91 0.20577999999999999 0.015252999999999999 0.30379399999999995 0.005757 0.0010070000000000001 0.0026830000000000001 0.010394 0.051359000000000002 0.022467000000000001 0 0.026009999999999998 0.00079500000000000003 0.00096500000000000004 0.000736 0.0035639999999999999 0.24642500000000003 0.025949000000000003 0.010822000000000002 0 1
176 linear 4 15 0.54476500000000005 69.530600970945585 1 91 0.19078300000000001 0.015098 0.30296399999999996 0.0055469999999999998 0.001075 0.0025660000000000001 0.010496 0.038925000000000001 0.020784 0 0.026884999999999999 0.000736 0.0010139999999999999 0.00070200000000000004 0.0034980000000000002 0.24656600000000009 0.024899999999999999 0.010810999999999994 0 2
176 linear 4 23 0.54641300000000004 71.233746259395176 1 91 0.188695 0.014737999999999999 0.30743400000000015 0.005359 0.001008 0.0024729999999999999 0.0096340000000000002 0.040691999999999999 0.020487999999999999 0 0.026001 0.00078799999999999996 0.00099700000000000006 0.00068199999999999999 0.0033890000000000005 0.25223900000000005 0.024106000000000002 0.010792000000000001 0 3
176 uniform 3 0 0.37950699999999998 2.6181758829544646 1 45 0.29093799999999997 0.0085369999999999994 0.062285000000000014 0.0023089999999999999 0.00087499999999999991 0.0027309999999999999 0.010888 0.14457800000000001 0.021954000000000001 0 0.02666 0.00087699999999999996 0.00060400000000000004 0.001266 0.0031210000000000005 0.039806000000000008 0.015640000000000005 0 0 0
176 uniform 3 7 0.37443500000000002 2.6167731144619197 1 45 0.17569799999999999 0.0083339999999999994 0.17254600000000006 0.0022000000000000001 0.00072400000000000003 0.002545 0.010244 0.036320999999999999 0.021153999999999999 0 0.026178 0.00076999999999999996 0.00058799999999999998 0.001194 0.0030629999999999998 0.14999800000000005 0.015699000000000001 0 0 1
176 uniform 3 15 0.37544899999999998 2.6151741592777085 1 45 0.17058999999999999 0.0081829999999999993 0.17882699999999999 0.0022659999999999998 0.00067599999999999995 0.0024399999999999999 0.0096790000000000001 0.036105999999999999 0.020833000000000001 0 0.025033 0.00070299999999999996 0.00063599999999999996 0.0010200000000000001 0.003052 0.15681700000000001 0.015225000000000002 0 0 2
176 uniform 3 23 0.37262200000000001 2.6135796740049342 1 45 0.171653 0.0082129999999999998 0.17497500000000002 0.0022660000000000002 0.0006559999999999999 0.0021870000000000001 0.0093410000000000003 0.036178000000000002 0.020792000000000001 0 0.025232999999999998 0.00075500000000000003 0.00060300000000000002 0.001042 0.0030179999999999998 0.15320600000000001 0.014974999999999995 0 0 3
176 uniform 4 0 0.47126400000000002 66.788272012812101 1 67 0.32277299999999998 0.015306999999999999 0.10768999999999999 0.0034160000000000002 0.0010330000000000001 0.0024949999999999998 0.0099900000000000006 0.17036699999999999 0.020697 0 0.026202 0.00079299999999999998 0.00098399999999999985 0.00073399999999999995 0.0034890000000000003 0.078952000000000008 0.018657 0 0 0
176 uniform 4 7 0.45605800000000002 68.082111442346374 1 67 0.20360600000000001 0.015499000000000001 0.210643 0.0036460000000000004 0.0010070000000000001 0.0024810000000000001 0.0095639999999999996 0.051387000000000002 0.020534 0 0.025395000000000001 0.00073999999999999999 0.00097399999999999993 0.00069800000000000005 0.0034870000000000001 0.18132300000000001 0.019244999999999998 0 0 1
176 uniform 4 15 0.424147 69.670990049993478 1 67 0.18607000000000001 0.014853 0.19761499999999993 0.0035260000000000001 0.00090800000000000017 0.0023210000000000001 0.0092599999999999991 0.038877000000000002 0.020289999999999999 0 0.026027000000000002 0.00062399999999999999 0.00098300000000000015 0.00065799999999999995 0.0034520000000000002 0.16969200000000001 0.017718000000000008 0 0 2
176 uniform 4 23 0.46385599999999999 71.395010765594137 1 67 0.18528800000000001 0.014649000000000001 0.23448899999999998 0.0042750000000000002 0.00092900000000000003 0.0021489999999999999 0.0090119999999999992 0.040599999999999997 0.020361000000000001 0 0.025506999999999998 0.00068300000000000001 0.00095900000000000011 0.00063699999999999998 0.0033600000000000001 0.19354099999999999 0.025199000000000006 0 0 3
177 linear 3 0 0.54557 116.4456863112916 1 90 0.365398 0.016392 0.129829 0.0061459999999999996 0.0014659999999999999 0.0028050000000000002 0.011937 0.19472900000000001 0.024532999999999999 0 0.027538 0.00093899999999999995 0.0048469999999999997 0.00073999999999999999 0.0038549999999999995 0.063843000000000011 0.034200000000000029 0.010992999999999996 0 0
177 linear 3 7 0.55136300000000005 115.20259747219458 1 90 0.19717299999999999 0.016292999999999998 0.30341800000000002 0.0062009999999999999 0.0013370000000000001 0.0027369999999999998 0.011676000000000001 0.022738000000000001 0.024313999999999999 0 0.026734999999999998 0.00085899999999999995 0.0045719999999999997 0.00068499999999999995 0.0079050000000000006 0.23737099999999983 0.034368000000000017 0.010930999999999993 0 1
177 linear 3 15 0.50814899999999996 113.76508223179687 1 90 0.17857300000000001 0.014600999999999999 0.28189700000000006 0.0054130000000000003 0.001271 0.002464 0.0099190000000000007 0.020920000000000001 0.020586 0 0.026172999999999998 0.00084699999999999999 0.0045209999999999998 0.00065499999999999998 0.0034930000000000004 0.21732299999999988 0.033803000000000007 0.010704 0 2
177 linear 3 23 0.50883299999999998 112.31527360645569 1 90 0.18185200000000001 0.014571000000000001 0.28030500000000003 0.0051519999999999995 0.0011979999999999998 0.0023640000000000002 0.0095899999999999996 0.020604999999999998 0.020775999999999999 0 0.025826999999999999 0.00077499999999999997 0.0046340000000000001 0.00073200000000000001 0.0034830000000000004 0.21651699999999996 0.032962999999999992 0.010697999999999992 0 3
177 linear 4 0 0.54961099999999996 270.44439433264625 1 88 0.34714299999999998 0.015273 0.15522400000000003 0.0051190000000000003 0.0012509999999999999 0.0026719999999999999 0.010936 0.18751699999999999 0.021009 0 0.026877000000000002 0.00080800000000000002 0.0049899999999999996 0.00063000000000000003 0.0039020000000000001 0.085509999999999933 0.034236999999999983 0.013054000000000001 0 0
177 linear 4 7 0.540551 272.86117001574007 1 88 0.17938699999999999 0.014827999999999999 0.31507499999999994 0.005012 0.00099700000000000006 0.0025070000000000001 0.010267 0.023345999999999999 0.020774999999999998 0 0.026449 0.000736 0.0048570000000000002 0.000696 0.0036210000000000005 0.243752 0.035657999999999961 0.013057000000000001 0 1
177 linear 4 15 0.57516199999999995 274.6787058551285 1 89 0.18377399999999999 0.015086 0.34015100000000015 0.0062720000000000007 0.0012590000000000001 0.0024659999999999999 0.010232 0.025236999999999999 0.021488 0 0.026155999999999999 0.00083799999999999999 0.0051380000000000002 0.00066500000000000001 0.0036299999999999995 0.25880999999999998 0.041341000000000003 0.015126999999999998 0 2
177 linear 4 23 0.79588899999999996 275.43775395101426 1 89 0.41265000000000002 0.015018 0.333096 0.005729999999999999 0.0011860000000000002 0.0028 0.010565 0.021514999999999999 0.021021000000000001 0 0.026100000000000002 0.00075500000000000003 0.23903099999999999 0.00064899999999999995 0.0037700000000000008 0.25319200000000003 0.040450999999999904 0.015080000000000003 0 3
177 uniform 3 0 0.49355100000000002 116.4988665270514 1 74 0.35832799999999998 0.015165 0.094825999999999966 0.0038530000000000001 0.001274 0.0025430000000000001 0.010152 0.19667499999999999 0.023030999999999999 0 0.026873999999999999 0.00084699999999999999 0.0043740000000000003 0.000629 0.003605999999999999 0.054863000000000009 0.028848999999999982 0 0 0
177 uniform 3 7 0.44877800000000001 115.25501876127424 1 74 0.18313599999999999 0.015004 0.22534300000000002 0.0035539999999999999 0.0010549999999999999 0.0025119999999999999 0.010108000000000001 0.021228 0.022058999999999999 0 0.026386 0.00085999999999999998 0.0045009999999999998 0.00070600000000000003 0.0035869999999999999 0.18480299999999994 0.029109999999999997 0 0 1
177 uniform 3 15 0.43617400000000001 113.81681341793912 1 74 0.182474 0.014562 0.21421300000000001 0.0033089999999999999 0.00096000000000000013 0.0024359999999999998 0.0095700000000000004 0.020794 0.021911 0 0.026478999999999999 0.00078700000000000005 0.0044169999999999999 0.00066399999999999999 0.0033679999999999995 0.17382800000000004 0.028987999999999993 0 0 2
177 uniform 3 23 0.41128999999999999 112.36657224193731 1 74 0.175985 0.014699 0.19581800000000002 0.0032730000000000003 0.00088400000000000002 0.002274 0.0092750000000000003 0.020660000000000001 0.021987 0 0.025871000000000002 0.00078600000000000002 0.0045079999999999999 0.00066600000000000003 0.0033969999999999998 0.15629899999999999 0.028465999999999988 0 0 3
177 uniform 4 0 0.53114499999999998 271.06822331173441 1 88 0.35060599999999997 0.015263000000000001 0.134099 0.0046890000000000005 0.0011360000000000001 0.002653 0.010586 0.18856999999999999 0.022842000000000001 0 0.028624 0.00074600000000000003 0.0050070000000000002 0.00066600000000000003 0.0036579999999999998 0.085668999999999967 0.034154999999999977 0 0 0
177 uniform 4 7 0.51689499999999999 273.50632408461036 1 88 0.17783499999999999 0.014871000000000001 0.29319699999999999 0.0044819999999999999 0.001062 0.0024780000000000002 0.010085999999999999 0.021169 0.022467999999999998 0 0.026020000000000001 0.00073200000000000001 0.004816 0.00067699999999999998 0.0035250000000000008 0.24312699999999995 0.035662999999999973 0 0 1
177 uniform 4 15 0.547875 275.34255975384724 1 89 0.18956500000000001 0.015259999999999999 0.30856000000000006 0.0052849999999999998 0.0010560000000000001 0.0025500000000000002 0.0098750000000000001 0.025329999999999998 0.023944 0 0.026293 0.000776 0.0051320000000000003 0.00069700000000000003 0.0037119999999999996 0.25201600000000007 0.041221999999999967 0 0 2
177 uniform 4 23 0.77431000000000005 276.11358353338721 1 89 0.41211700000000001 0.015025 0.312836 0.0051919999999999996 0.001078 0.0025639999999999999 0.0097949999999999999 0.021833000000000002 0.021010999999999998 0 0.026110000000000001 0.00072400000000000003 0.23881699999999997 0.00067000000000000002 0.0036680000000000003 0.25693400000000005 0.040631999999999981 0 0 3
178 linear 3 0 0.401889 20.827011416183744 1 53 0.30371100000000001 0.0085140000000000007 0.068038000000000001 0.0035099999999999997 0.00075100000000000004 0.0026970000000000002 0.010881 0.15454399999999999 0.022029 0 0.027167 0.00093899999999999995 0.0023160000000000004 0.001305 0.0031019999999999997 0.032991999999999987 0.016949999999999996 0.0062730000000000017 0 0
178 linear 3 7 0.36750899999999997 20.779907226037366 1 53 0.16130800000000001 0.0085380000000000005 0.17588400000000001 0.003261 0.00069499999999999987 0.0024239999999999999 0.0097590000000000003 0.020447 0.021069999999999998 0 0.02648 0.00089400000000000005 0.0022919999999999998 0.001165 0.003068 0.14133200000000004 0.016209000000000001 0.0062540000000000009 0 1
178 linear 3 15 0.37120199999999998 20.726410564960396 1 53 0.17085700000000001 0.0084700000000000001 0.1706 0.00314 0.00070899999999999999 0.0022499999999999998 0.0091199999999999996 0.020490999999999999 0.024250000000000001 0 0.025471000000000001 0.00079799999999999999 0.010441000000000001 0.00114 0.0030509999999999995 0.13481700000000005 0.01749199999999999 0.0062920000000000016 0 2
178 linear 3 23 0.36150300000000002 20.673270621245933 1 53 0.164244 0.0080839999999999992 0.168099 0.00313 0.00069399999999999996 0.0023310000000000002 0.0087039999999999999 0.020374 0.020649000000000001 0 0.025325 0.00073800000000000005 0.010470999999999999 0.001134 0.0029729999999999999 0.13320500000000002 0.016728000000000003 0.0062800000000000017 0 3
178 linear 4 0 0.54104399999999997 33.488854723231519 1 106 0.34335900000000003 0.015095000000000001 0.14270099999999999 0.0061199999999999996 0.0016050000000000001 0.0028050000000000002 0.010897 0.17610300000000001 0.021505 0 0.026138999999999999 0.00082100000000000001 0.0049249999999999997 0.000767 0.0036359999999999995 0.069403000000000006 0.03722700000000001 0.012555 0 0
178 linear 4 7 0.55275099999999999 33.492377617083896 1 106 0.18168500000000001 0.014867999999999999 0.314272 0.0071120000000000003 0.001454 0.0026819999999999999 0.010222 0.022207999999999999 0.020794 0 0.026331 0.00084099999999999995 0.0044949999999999999 0.00072499999999999995 0.0036429999999999995 0.24003200000000008 0.038038999999999989 0.012604999999999998 0 1
178 linear 4 15 0.68287299999999995 33.499843870221994 1 106 0.311446 0.014607 0.31651700000000005 0.0063449999999999999 0.0013349999999999998 0.00249 0.0095689999999999994 0.022261 0.020677999999999998 0 0.025604999999999999 0.00088800000000000001 0.13885 0.00077099999999999998 0.0034849999999999998 0.24116399999999999 0.039242000000000013 0.012595999999999996 0 2
178 linear 4 23 0.53920100000000004 33.510323218321297 1 106 0.18038299999999999 0.015713999999999999 0.30214100000000016 0.0062710000000000005 0.0013799999999999997 0.0025460000000000001 0.0092189999999999998 0.025433000000000001 0.020614 0 0.025548999999999999 0.00087699999999999996 0.0044320000000000002 0.00066399999999999999 0.0037109999999999999 0.22626499999999994 0.038776000000000005 0.012926999999999996 0 3
178 uniform 3 0 0.380353 20.8289767311453 1 37 0.30932599999999999 0.010021 0.04594100000000001 0.0019980000000000002 0.00062500000000000001 0.002647 0.011899 0.15562100000000001 0.025125999999999999 0 0.026280999999999999 0.00083299999999999997 0.0022030000000000001 0.001292 0.0034229999999999998 0.027904000000000005 0.012146999999999998 0 0 0
178 uniform 3 7 0.30173 20.781885257900225 1 37 0.16894799999999999 0.0088210000000000007 0.10779400000000001 0.0019250000000000001 0.00052500000000000008 0.0024719999999999998 0.01094 0.021697000000000001 0.024412 0 0.026124000000000001 0.00083600000000000005 0.0023829999999999997 0.001238 0.0033320000000000003 0.090959999999999985 0.010982000000000002 0 0 1
178 uniform 3 15 0.30999199999999999 20.728403297024592 1 37 0.17649300000000001 0.0085400000000000007 0.10980100000000001 0.002042 0.000522 0.0022910000000000001 0.010995 0.02137 0.023900000000000001 0 0.026970000000000001 0.00083299999999999997 0.010481000000000001 0.0010430000000000001 0.003019 0.091905999999999974 0.012324999999999999 0 0 2
178 uniform 3 23 0.29834300000000002 20.675278232800249 1 37 0.16839199999999999 0.0081600000000000006 0.107182 0.001897 0.00050699999999999996 0.0024529999999999999 0.0099590000000000008 0.020639000000000001 0.02102 0 0.025836999999999999 0.00080400000000000003 0.010445000000000001 0.0010740000000000001 0.0029630000000000004 0.090323999999999988 0.011227000000000004 0 0 3
178 uniform 4 0 0.46937499999999999 33.494301149742704 1 74 0.33726299999999998 0.015102000000000001 0.090347000000000011 0.0036459999999999999 0.0011100000000000001 0.0026830000000000001 0.0103 0.176179 0.021225000000000001 0 0.026186000000000001 0.00086799999999999996 0.0049260000000000007 0.00075199999999999996 0.0035950000000000001 0.051493999999999998 0.027798000000000007 0 0 0
178 uniform 4 7 0.40229700000000002 33.497184449455759 1 74 0.17987800000000001 0.014699 0.18101100000000003 0.0034440000000000004 0.00097300000000000002 0.002444 0.0094590000000000004 0.022296 0.020622000000000001 0 0.025958999999999999 0.00078399999999999997 0.0045539999999999999 0.00073399999999999995 0.0036240000000000001 0.14128499999999997 0.028643999999999999 0 0 1
178 uniform 4 15 0.538879 33.504059610565399 1 74 0.30492200000000003 0.014624 0.19275400000000004 0.003686 0.0009140000000000001 0.0023310000000000002 0.0089849999999999999 0.022161 0.020701000000000001 0 0.025352 0.00077200000000000001 0.13578700000000002 0.00074399999999999998 0.0034939999999999997 0.15275300000000003 0.028857999999999995 0 0 2
178 uniform 4 23 0.38962400000000003 33.514060968835381 1 74 0.184561 0.014381 0.164186 0.0035749999999999996 0.0008740000000000001 0.0024350000000000001 0.0095379999999999996 0.025384 0.020976000000000002 0 0.025708000000000002 0.00080000000000000004 0.0044349999999999997 0.00070100000000000002 0.0034190000000000006 0.12493300000000002 0.028180000000000007 0 0 3
179 linear 3 0 0.47725400000000001 57.17608127882179 1 99 0.29558200000000001 0.015264 0.12626700000000005 0.0071420000000000008 0.001467 0.0025439999999999998 0.010989000000000001 0.13750799999999999 0.020872000000000002 0 0.026439000000000001 0.00080599999999999997 0.0036930000000000001 0.00069099999999999999 0.0036159999999999999 0.06198699999999998 0.030944000000000006 0.011784000000000001 0 0
179 linear 3 7 0.641926 57.858971985935405 1 99 0.28247 0.014095 0.30606700000000014 0.0063400000000000001 0.0013899999999999997 0.0024130000000000002 0.009894 0.020742 0.020688000000000002 0 0.02564 0.00078700000000000005 0.10798100000000001 0.00069300000000000004 0.0034460000000000003 0.24129999999999996 0.03130900000000001 0.011762000000000005 0 1
179 linear 3 15 0.68087299999999995 58.710578264418608 1 99 0.27559499999999998 0.014175999999999999 0.35201100000000002 0.0060880000000000005 0.0012899999999999999 0.002313 0.009469 0.020754999999999999 0.022297999999999998 0 0.025444000000000001 0.00076300000000000001 0.10572100000000001 0.000794 0.0034060000000000002 0.28686599999999979 0.03166900000000001 0.011749000000000004 0 2
179 linear 3 23 0.64411399999999996 59.651602061016469 1 99 0.27532800000000002 0.013880999999999999 0.3159559999999999 0.0060999999999999995 0.001222 0.0022550000000000001 0.0095969999999999996 0.020393999999999999 0.021870000000000001 0 0.024969999999999999 0.00070299999999999996 0.10596399999999999 0.00066500000000000001 0.0034740000000000005 0.250973 0.031074999999999988 0.011750999999999999 0 3
179 linear 4 0 0.67241300000000004 15.322335571308919 1 107 0.47425099999999998 0.014625000000000001 0.14180799999999993 0.006398 0.001519 0.0026979999999999999 0.010878000000000001 0.171042 0.023023999999999999 0 0.026349000000000001 0.00087799999999999998 0.142792 0.00069399999999999996 0.0035080000000000003 0.066685999999999995 0.038962999999999991 0.012696999999999998 0 0
179 linear 4 7 0.58683700000000005 15.37784253131583 1 107 0.20292199999999999 0.014281 0.32760800000000018 0.0062150000000000009 0.0014959999999999999 0.002702 0.010018000000000001 0.044978999999999998 0.022634000000000001 0 0.026360000000000001 0.00080999999999999996 0.0045139999999999998 0.00061700000000000004 0.0035310000000000003 0.24897399999999995 0.042329000000000006 0.012697000000000003 0 1
179 linear 4 15 0.58346900000000002 15.447547232646972 1 107 0.19752900000000001 0.014146000000000001 0.33011299999999993 0.0060890000000000007 0.001405 0.0023389999999999999 0.0094599999999999997 0.042775000000000001 0.022953000000000001 0 0.025808999999999999 0.00072300000000000001 0.0044620000000000007 0.00064300000000000002 0.0034270000000000004 0.25479099999999999 0.039009999999999996 0.012699999999999998 0 2
179 linear 4 23 0.58889999999999998 15.52524063401829 1 107 0.19561400000000001 0.014168999999999999 0.33748800000000018 0.0061010000000000005 0.001387 0.002274 0.0091690000000000001 0.042206 0.023532000000000001 0 0.025742999999999999 0.00071500000000000003 0.004431 0.00059199999999999997 0.003383999999999999 0.26179800000000003 0.039492000000000006 0.012723 0 3
179 uniform 3 0 0.41142200000000001 57.349903411449553 1 67 0.293601 0.014841 0.077354999999999979 0.0035130000000000001 0.0011299999999999999 0.0024350000000000001 0.010414 0.13752200000000001 0.020789999999999999 0 0.026190000000000001 0.00070500000000000001 0.0036659999999999996 0.00066 0.003496 0.046186000000000005 0.021111999999999985 0 0 0
179 uniform 3 7 0.51232100000000003 58.052186870158664 1 67 0.27847499999999997 0.014095999999999999 0.19233199999999995 0.0036960000000000001 0.001021 0.002431 0.0096950000000000005 0.020875000000000001 0.020708000000000001 0 0.025436 0.00077399999999999995 0.108196 0.00065700000000000003 0.0034530000000000003 0.16065699999999999 0.021318999999999998 0 0 1
179 uniform 3 15 0.52225299999999997 58.930357750475807 1 67 0.27374799999999999 0.014063000000000001 0.208847 0.0034199999999999999 0.00095100000000000002 0.0024680000000000001 0.0097780000000000002 0.020882999999999999 0.020503 0 0.025833999999999999 0.00074200000000000004 0.10536700000000002 0.00061899999999999998 0.003388 0.17671300000000001 0.021724999999999984 0 0 2
179 uniform 3 23 0.51568700000000001 59.904121482097409 1 67 0.27255800000000002 0.013755 0.20412299999999992 0.0034270000000000004 0.00091799999999999998 0.0022690000000000002 0.0095949999999999994 0.020493999999999998 0.020313999999999999 0 0.02486 0.000754 0.105949 0.00064999999999999997 0.0034510000000000001 0.17070300000000002 0.021253999999999985 0 0 3
179 uniform 4 0 0.59884199999999999 15.328445747579494 1 75 0.46575100000000003 0.014500000000000001 0.08987100000000002 0.0039230000000000003 0.001147 0.0024940000000000001 0.0097929999999999996 0.17132500000000001 0.021038000000000001 0 0.026207999999999999 0.00085599999999999999 0.142817 0.00066399999999999999 0.0034330000000000003 0.049720999999999994 0.028905000000000007 0 0 0
179 uniform 4 7 0.43054500000000001 15.384805148727477 1 75 0.20185500000000001 0.014515999999999999 0.185776 0.0037669999999999999 0.00098999999999999999 0.002405 0.0099909999999999999 0.044802000000000002 0.020641 0 0.026053 0.00082100000000000001 0.0045629999999999993 0.00060800000000000003 0.0033790000000000001 0.14477699999999996 0.029676000000000004 0 0 1
179 uniform 4 15 0.41859800000000003 15.455715496633188 1 75 0.19250500000000001 0.014233000000000001 0.18377100000000007 0.0037079999999999999 0.0010549999999999999 0.002225 0.0092010000000000008 0.042748000000000001 0.020414000000000002 0 0.025408 0.00076000000000000004 0.0043610000000000003 0.00059699999999999998 0.0034159999999999993 0.143733 0.028789000000000002 0 0 2
179 uniform 4 23 0.44372099999999998 15.534950852203302 1 75 0.19181899999999999 0.014286999999999999 0.20943600000000001 0.0037129999999999997 0.00095699999999999995 0.002078 0.0088020000000000008 0.042006000000000002 0.020743000000000001 0 0.025520000000000001 0.00072499999999999995 0.0043899999999999998 0.00059699999999999998 0.0033770000000000002 0.165245 0.032833999999999988 0 0 3
180 linear 3 0 0.54628900000000002 5.6985691760156811 1 61 0.42491600000000002 0.010792 0.084983000000000003 0.0043680000000000004 0.00099099999999999991 0.0027820000000000002 0.010670000000000001 0.17344699999999999 0.024695000000000002 0 0.026224999999999998 0.00084199999999999998 0.10423900000000001 0.0012819999999999999 0.0033449999999999994 0.042168000000000004 0.021174999999999999 0.0074629999999999957 0 0
180 linear 3 7 0.61118399999999995 5.7075600979655352 1 61 0.345748 0.0097370000000000009 0.22948199999999999 0.0045710000000000004 0.00092900000000000014 0.002712 0.011155999999999999 0.052844000000000002 0.024354000000000001 0 0.026199 0.00076300000000000001 0.14809700000000001 0.001372 0.0033400000000000001 0.18682700000000002 0.021246000000000001 0.0074439999999999932 0 1
180 linear 3 15 0.57170799999999999 5.7181491014205097 1 61 0.303784 0.0098010000000000007 0.23318600000000003 0.0038909999999999999 0.00079600000000000005 0.0026970000000000002 0.010755000000000001 0.053133 0.024046000000000001 0 0.027546999999999999 0.00081800000000000004 0.10501499999999998 0.0011509999999999999 0.0030070000000000006 0.19184300000000004 0.020701000000000018 0.0072300000000000012 0 2
180 linear 3 23 0.57648100000000002 5.7290953139330654 1 61 0.33103399999999999 0.0096959999999999998 0.21113099999999993 0.0036800000000000001 0.00075500000000000003 0.0024399999999999999 0.0094809999999999998 0.051221999999999997 0.020804 0 0.027959000000000001 0.00079900000000000001 0.14217099999999999 0.0010380000000000001 0.0029419999999999997 0.16998000000000008 0.020385000000000004 0.0072890000000000003 0 3
180 linear 4 0 0.72091099999999997 27.200316313650273 1 53 0.58764000000000005 0.0091039999999999992 0.10264599999999997 0.0032320000000000005 0.00075299999999999998 0.0025869999999999999 0.010965000000000001 0.13392399999999999 0.022327 0 0.026634000000000001 0.00085300000000000003 0.30790500000000004 0.001101 0.003251 0.067571999999999993 0.016311999999999997 0.0062790000000000016 0 0
180 linear 4 7 0.63180599999999998 27.458490927674319 1 53 0.41306500000000002 0.0088699999999999994 0.18819800000000003 0.0031540000000000001 0.00075700000000000008 0.0024759999999999999 0.010434000000000001 0.034605999999999998 0.021682 0 0.025930999999999999 0.00081999999999999998 0.23617699999999997 0.001194 0.00314 0.15429900000000002 0.015156999999999999 0.0062720000000000015 0 1
180 linear 4 15 0.55689900000000003 27.749217744543522 1 53 0.33277099999999998 0.0089619999999999995 0.19220000000000001 0.0036610000000000002 0.00078199999999999993 0.0024220000000000001 0.010277 0.025943000000000001 0.021427000000000002 0 0.026481999999999999 0.00079699999999999997 0.15532200000000002 0.0011659999999999999 0.0031620000000000003 0.15863700000000008 0.014852000000000004 0.0062990000000000016 0 2
180 linear 4 23 0.61381200000000002 28.034628043870082 1 53 0.38012499999999999 0.0087559999999999999 0.20328900000000003 0.0031849999999999999 0.00069800000000000005 0.0026159999999999998 0.0095340000000000008 0.019977000000000002 0.023344 0 0.026688 0.00068900000000000005 0.218024 0.0010560000000000001 0.003173 0.169382 0.015418000000000001 0.0062780000000000032 0 3
180 uniform 3 0 0.50185800000000003 5.6987872162277009 1 45 0.420541 0.0092280000000000001 0.054318000000000012 0.0024599999999999999 0.00085300000000000013 0.0027330000000000002 0.010505 0.17166799999999999 0.022977999999999998 0 0.026095 0.00091699999999999995 0.10394399999999999 0.0012179999999999999 0.0030219999999999999 0.031520000000000006 0.015955999999999998 0 0 0
180 uniform 3 7 0.50838799999999995 5.7077907945442465 1 45 0.32777800000000001 0.0092980000000000007 0.15327000000000002 0.0023729999999999997 0.00071400000000000012 0.002516 0.0095739999999999992 0.051089000000000002 0.022381999999999999 0 0.025807 0.00075199999999999996 0.13668899999999998 0.0011440000000000001 0.0030370000000000002 0.12997600000000001 0.016093 0 0 1
180 uniform 3 15 0.47592499999999999 5.7183955630190892 1 45 0.29284100000000002 0.0095359999999999993 0.15573300000000001 0.0022499999999999998 0.00067400000000000001 0.0024559999999999998 0.0094380000000000002 0.051083000000000003 0.022109 0 0.025486000000000002 0.000736 0.10568100000000001 0.001052 0.0030899999999999999 0.13239399999999998 0.016095999999999996 0 0 2
180 uniform 3 23 0.498892 5.7293590955595413 1 45 0.33121200000000001 0.0096640000000000007 0.13717100000000004 0.0024499999999999999 0.00065399999999999996 0.0021930000000000001 0.0089990000000000001 0.051410999999999998 0.021981000000000001 0 0.025568 0.00078299999999999995 0.14234799999999997 0.0010039999999999999 0.003058 0.11425300000000002 0.015866999999999992 0 0 3
180 uniform 4 0 0.68028599999999995 27.207375377835632 1 37 0.58163399999999998 0.0088959999999999994 0.075199999999999975 0.0019419999999999999 0.00062799999999999998 0.0026229999999999999 0.010454 0.133357 0.023324999999999999 0 0.026721999999999999 0.00082200000000000003 0.30291700000000005 0.001078 0.0031410000000000006 0.058105999999999991 0.011522000000000006 0 0 0
180 uniform 4 7 0.55496999999999996 27.465666953978701 1 37 0.41511100000000001 0.0088260000000000005 0.116109 0.001905 0.00055900000000000004 0.002601 0.010135 0.034271999999999997 0.022894000000000001 0 0.025474 0.00076499999999999995 0.23880599999999999 0.0011529999999999999 0.0029690000000000003 0.10027099999999997 0.010197000000000003 0 0 1
180 uniform 4 15 0.467445 27.75651954318467 1 37 0.32025799999999999 0.0087569999999999992 0.12383900000000003 0.0018749999999999999 0.00052599999999999999 0.0024610000000000001 0.0093030000000000005 0.02581 0.022865 0 0.025985999999999999 0.00073200000000000001 0.15525499999999998 0.001008 0.0030360000000000005 0.108066 0.010185000000000001 0 0 2
180 uniform 4 23 0.51549500000000004 28.042046211547735 1 37 0.378637 0.0086470000000000002 0.11381800000000002 0.0018619999999999999 0.000495 0.0023310000000000002 0.0094500000000000001 0.019782999999999999 0.021218999999999998 0 0.025849 0.00065200000000000002 0.22221199999999999 0.00099599999999999992 0.003052 0.097431000000000018 0.010805000000000002 0 0 3
181 linear 3 0 0.38367800000000002 3.7144846951103832 1 61 0.27211400000000002 0.0082789999999999999 0.077641999999999975 0.0042659999999999998 0.0010280000000000001 0.002787 0.010864 0.12793399999999999 0.021742999999999998 0 0.025989999999999999 0.00084199999999999998 0.00060499999999999996 0.001165 0.0031019999999999997 0.036887000000000003 0.019677999999999994 0.007251000000000004 0 0
181 linear 3 7 0.43797999999999998 3.7149205094780759 1 61 0.17169200000000001 0.0082900000000000005 0.23252799999999998 0.0043189999999999999 0.00082599999999999991 0.002617 0.010106 0.032809999999999999 0.021520999999999998 0 0.025762 0.00088900000000000003 0.00059500000000000004 0.001225 0.0030919999999999997 0.19170999999999996 0.019911999999999996 0.0072260000000000024 0 1
181 linear 3 15 0.427149 3.7154186288825395 1 61 0.16900799999999999 0.0081980000000000004 0.22538799999999998 0.0037749999999999997 0.000883 0.0027299999999999998 0.010796999999999999 0.031961999999999997 0.021139000000000002 0 0.025538999999999999 0.00082200000000000003 0.00061700000000000004 0.00099700000000000006 0.002993 0.18508399999999994 0.019288999999999987 0.0072150000000000018 0 2
181 linear 3 23 0.42101100000000002 3.7159167987144808 1 61 0.16581099999999999 0.0081829999999999993 0.22286299999999998 0.0036800000000000001 0.00078800000000000007 0.0023630000000000001 0.0099089999999999994 0.030065000000000001 0.020801 0 0.025781999999999999 0.00085300000000000003 0.00060899999999999995 0.000968 0.0030850000000000001 0.17900500000000003 0.022875999999999987 0.0072360000000000037 0 3
181 linear 4 0 0.88468899999999995 101.92631347852539 1 126 0.55957100000000004 0.018924 0.25848399999999999 0.0083339999999999994 0.0018419999999999997 0.0027460000000000002 0.010754 0.18107200000000001 0.030727999999999998 0 0.025041000000000001 0.00081999999999999998 0.20289799999999997 0.00062399999999999999 0.0044910000000000002 0.13541399999999998 0.052437999999999971 0.020548999999999984 0 0
181 linear 4 7 0.94883499999999998 104.56749710766641 1 126 0.392843 0.018386 0.48885499999999987 0.0088039999999999993 0.0015600000000000002 0.002712 0.010647 0.057204999999999999 0.030692000000000001 0 0.026112 0.00080099999999999995 0.15870699999999999 0.00054199999999999995 0.0044999999999999997 0.35712100000000002 0.055578999999999976 0.021597000000000005 0 1
181 linear 4 15 0.96586300000000003 107.77710879348965 1 126 0.39246700000000001 0.019252999999999999 0.506332 0.0075510000000000013 0.0014329999999999998 0.0037829999999999999 0.010538 0.049981999999999999 0.035848999999999999 0 0.025843000000000001 0.00084000000000000003 0.16244600000000001 0.000522 0.0043530000000000001 0.3629420000000001 0.062672999999999993 0.021975999999999996 0 2
181 linear 4 23 0.93920899999999996 111.21408243062271 1 126 0.428701 0.018075999999999998 0.446683 0.0068799999999999998 0.001598 0.0025349999999999999 0.010962 0.048432999999999997 0.033299000000000002 0 0.028896000000000002 0.00085999999999999998 0.202374 0.000602 0.0040720000000000001 0.32506500000000005 0.051851999999999954 0.020622999999999999 0 3
181 uniform 3 0 0.35516799999999998 3.7144888092497799 1 45 0.27827499999999999 0.0085529999999999998 0.05000000000000001 0.0026500000000000004 0.00071099999999999994 0.0027799999999999999 0.010815 0.12832199999999999 0.025429 0 0.025939 0.00081599999999999999 0.00063099999999999994 0.0013799999999999999 0.0031700000000000001 0.028751000000000002 0.014485000000000001 0 0 0
181 uniform 3 7 0.35348000000000002 3.714924632282838 1 45 0.17372799999999999 0.0085830000000000004 0.15318999999999994 0.0024559999999999998 0.00066900000000000011 0.0026380000000000002 0.010854000000000001 0.032978 0.021412 0 0.026307000000000001 0.00087299999999999997 0.00058900000000000001 0.001322 0.0029839999999999997 0.13205299999999998 0.014371999999999998 0 0 1
181 uniform 3 15 0.33512599999999998 3.7154227616564248 1 45 0.16703000000000001 0.0081650000000000004 0.14243299999999998 0.0022369999999999998 0.000611 0.0024520000000000002 0.0097529999999999995 0.031973000000000001 0.021048999999999998 0 0.025921 0.00089099999999999997 0.00059599999999999996 0.001057 0.0029260000000000002 0.12206699999999999 0.013560000000000001 0 0 2
181 uniform 3 23 0.33236700000000002 3.7159209415271568 1 45 0.16899700000000001 0.008149 0.13770200000000002 0.002274 0.00057299999999999994 0.0022239999999999998 0.0093930000000000003 0.029812000000000002 0.020847000000000001 0 0.029772 0.00095100000000000002 0.00058500000000000002 0.001047 0.0029980000000000002 0.11752800000000002 0.013398999999999996 0 0 3
181 uniform 4 0 0.80512799999999995 102.11781027015049 1 110 0.55789900000000003 0.019040999999999999 0.1888199999999999 0.0058869999999999999 0.0015 0.002673 0.010758 0.181418 0.030557000000000001 0 0.025568 0.00079199999999999995 0.202596 0.00057799999999999995 0.0042649999999999997 0.12791999999999998 0.042919999999999965 0 0 0
181 uniform 4 7 0.77665399999999996 104.77993197182394 1 110 0.386712 0.018567 0.33235400000000015 0.0054250000000000001 0.001263 0.002666 0.010074 0.053025000000000003 0.032015000000000002 0 0.025843000000000001 0.000767 0.15860999999999995 0.00053200000000000003 0.0042500000000000003 0.27011200000000007 0.043724999999999986 0 0 1
181 uniform 4 15 0.761239 108.01748412815127 1 110 0.38544899999999999 0.018020000000000001 0.31948399999999993 0.0053030000000000004 0.001186 0.00249 0.0098080000000000007 0.048714 0.031850000000000003 0 0.029547 0.00087500000000000002 0.162359 0.000457 0.004141999999999999 0.2573470000000001 0.044182999999999958 0 0 2
181 uniform 4 23 0.80837400000000004 111.48769152582442 1 110 0.420047 0.017995000000000001 0.33220900000000014 0.0050889999999999998 0.00114 0.0023640000000000002 0.0094179999999999993 0.047055 0.032239999999999998 0 0.025072000000000001 0.00079799999999999999 0.20395900000000003 0.000513 0.0040939999999999995 0.27157899999999996 0.042616999999999995 0 0 3
182 linear 3 0 0.44059199999999998 4.3044316844501038 1 61 0.33603699999999997 0.0086650000000000008 0.069903999999999994 0.0049129999999999998 0.00095399999999999999 0.0029220000000000001 0.010866000000000001 0.17791100000000001 0.033789 0 0.026679999999999999 0.00086799999999999996 0.00057199999999999992 0.001333 0.0032760000000000003 0.031273000000000002 0.018369999999999994 0.0072740000000000027 0 0
182 linear 3 7 0.364263 4.2929897291852805 1 61 0.209643 0.0084220000000000007 0.11975100000000001 0.0044429999999999999 0.00091100000000000013 0.002696 0.010018000000000001 0.051201999999999998 0.036526000000000003 0 0.026661000000000001 0.00085099999999999998 0.00061800000000000006 0.0012960000000000001 0.0032590000000000002 0.081292000000000003 0.017961000000000005 0.0072570000000000004 0 1
182 linear 3 15 0.35289500000000001 4.2799944322404135 1 61 0.20085800000000001 0.0081880000000000008 0.11898699999999997 0.0038790000000000001 0.00083099999999999992 0.0024559999999999998 0.0098899999999999995 0.051395999999999997 0.032384999999999997 0 0.026287000000000001 0.00077399999999999995 0.00062299999999999996 0.0010660000000000001 0.0030999999999999999 0.080066000000000012 0.018297999999999998 0.0072650000000000015 0 2
182 linear 3 23 0.34798299999999999 4.2670852680280857 1 61 0.196965 0.0081049999999999994 0.11852 0.003568 0.00079299999999999987 0.0022390000000000001 0.0092060000000000006 0.051214999999999997 0.032204999999999998 0 0.025697000000000001 0.00073499999999999998 0.000602 0.0010250000000000001 0.0030009999999999993 0.078189999999999996 0.018382999999999997 0.0072440000000000013 0 3
182 linear 4 0 0.37936799999999998 4.754890903096876 1 61 0.26610099999999998 0.00843 0.080256999999999995 0.0039350000000000001 0.00083500000000000013 0.0028600000000000001 0.011165 0.116882 0.022381999999999999 0 0.027524 0.00076000000000000004 0.00064199999999999999 0.001191 0.003235 0.039152000000000006 0.020198000000000015 0.0072289999999999993 0 0
182 linear 4 7 0.39898400000000001 4.7039169083270949 1 61 0.17006399999999999 0.0082950000000000003 0.19548599999999999 0.0040540000000000003 0.00078299999999999995 0.0026310000000000001 0.010326999999999999 0.026942000000000001 0.021592 0 0.026578000000000001 0.00086399999999999997 0.00060400000000000004 0.0011440000000000001 0.0031339999999999996 0.15549700000000002 0.019006999999999986 0.0072430000000000029 0 1
182 linear 4 15 0.39891199999999999 4.6482640808474303 1 61 0.174563 0.0083800000000000003 0.19106299999999998 0.0039880000000000002 0.00074800000000000008 0.0025959999999999998 0.0099190000000000007 0.031302000000000003 0.021616 0 0.026891999999999999 0.000803 0.00063399999999999991 0.0011100000000000001 0.0031799999999999997 0.15077199999999999 0.019317999999999998 0.0072360000000000028 0 2
182 linear 4 23 0.390627 4.5951719363400922 1 61 0.16828699999999999 0.0082410000000000001 0.1896220000000001 0.0038370000000000001 0.000812 0.0024559999999999998 0.0094789999999999996 0.029447999999999998 0.020879000000000002 0 0.026741999999999998 0.00079699999999999997 0.00063099999999999994 0.00095100000000000002 0.0030359999999999996 0.15015000000000001 0.018757999999999993 0.0072530000000000034 0 3
182 uniform 3 0 0.40794399999999997 4.3049387895819722 1 45 0.33508300000000002 0.0084480000000000006 0.046578000000000008 0.0023930000000000002 0.000785 0.0027599999999999999 0.010813 0.17815 0.032245999999999997 0 0.027067000000000001 0.000812 0.000611 0.0011820000000000001 0.0032109999999999999 0.027571999999999996 0.012231000000000002 0 0 0
182 uniform 3 7 0.30846800000000002 4.2934904072898492 1 45 0.199852 0.0083680000000000004 0.082480000000000012 0.002346 0.00070100000000000002 0.0025760000000000002 0.0098300000000000002 0.051145000000000003 0.031469999999999998 0 0.026193999999999999 0.00077700000000000002 0.00062 0.001175 0.0031239999999999996 0.063271000000000008 0.012459999999999999 0 0 1
182 uniform 3 15 0.30342000000000002 4.2804878757201896 1 45 0.196796 0.0080859999999999994 0.081219 0.0021669999999999997 0.00064599999999999998 0.0024099999999999998 0.009417 0.051264999999999998 0.031077 0 0.025904 0.00076999999999999996 0.00061700000000000004 0.0010369999999999999 0.0030790000000000001 0.061922999999999992 0.012556000000000001 0 0 2
182 uniform 3 23 0.30681599999999998 4.2675715929691682 1 45 0.19590199999999999 0.0081639999999999994 0.084963000000000011 0.0024039999999999999 0.0006910000000000001 0.0022959999999999999 0.0090939999999999997 0.051221000000000003 0.030922999999999999 0 0.025409999999999999 0.00071199999999999996 0.00059400000000000002 0.0010809999999999999 0.0030679999999999995 0.065899999999999986 0.012326000000000005 0 0 3
182 uniform 4 0 0.34856799999999999 4.7664993610627437 1 45 0.26807599999999998 0.0084399999999999996 0.054568999999999993 0.002264 0.00066600000000000003 0.0025560000000000001 0.014539 0.11675199999999999 0.022266000000000001 0 0.027077 0.00072499999999999995 0.00063699999999999998 0.001158 0.0031399999999999996 0.032810999999999993 0.015014000000000001 0 0 0
182 uniform 4 7 0.32445099999999999 4.7147614101770214 1 45 0.167772 0.0081670000000000006 0.13073299999999999 0.0022239999999999998 0.00066400000000000009 0.002568 0.0096539999999999994 0.027023999999999999 0.021232000000000001 0 0.026647000000000001 0.00070899999999999999 0.000602 0.0010460000000000001 0.0031140000000000004 0.109775 0.014209000000000001 0 0 1
182 uniform 4 15 0.32778800000000002 4.6583209209042771 1 45 0.16705300000000001 0.0081560000000000001 0.13173200000000002 0.002307 0.00065000000000000008 0.0022560000000000002 0.0092049999999999996 0.031042 0.021056999999999999 0 0.026152000000000002 0.00073899999999999997 0.00059599999999999996 0.00093999999999999997 0.0030209999999999994 0.11059100000000002 0.014297000000000002 0 0 2
182 uniform 4 23 0.34348000000000001 4.6045204988426747 1 45 0.164686 0.0080560000000000007 0.15286799999999998 0.0022680000000000001 0.00071400000000000012 0.0021229999999999999 0.0089440000000000006 0.029533 0.020707 0 0.026342999999999998 0.00074899999999999999 0.00057400000000000007 0.00095100000000000002 0.0029380000000000005 0.12793000000000002 0.017072999999999998 0 0 3
183 linear 3 0 0.422209 1.9288820597236069 1 61 0.29991600000000002 0.010914999999999999 0.085773000000000016 0.0044609999999999997 0.00092600000000000007 0.0028449999999999999 0.012173 0.151893 0.024584999999999999 0 0.025687000000000001 0.00082200000000000003 0.00058799999999999998 0.0012669999999999999 0.0035480000000000008 0.044212000000000001 0.019930999999999994 0.0074979999999999995 0 0
183 linear 3 7 0.51585300000000001 1.9290867685783455 1 61 0.185388 0.014071 0.29028700000000002 0.0039329999999999999 0.00082400000000000008 0.002738 0.011686999999999999 0.038739999999999997 0.024315 0 0.025621000000000001 0.00081499999999999997 0.00060300000000000002 0.001194 0.0037130000000000002 0.23983600000000002 0.023541999999999997 0.008086999999999997 0 1
183 linear 3 15 0.46049299999999999 1.9293216893615217 1 61 0.184584 0.010675 0.23928699999999994 0.0037579999999999996 0.00094899999999999997 0.0024459999999999998 0.011396 0.041917000000000003 0.024625000000000001 0 0.025741 0.00078200000000000003 0.00058900000000000001 0.0011180000000000001 0.0033100000000000004 0.19809400000000002 0.020033000000000023 0.0073890000000000006 0 2
183 linear 3 23 0.44950400000000001 1.9295576404991379 1 61 0.170876 0.0092650000000000007 0.24503000000000005 0.0035489999999999996 0.00076900000000000004 0.0022829999999999999 0.0095989999999999999 0.037065000000000001 0.021377 0 0.024634 0.000727 0.00059000000000000003 0.00099500000000000001 0.0030169999999999997 0.20488999999999996 0.019506999999999993 0.0072410000000000026 0 3
183 linear 4 0 0.43721500000000002 4.5097455660639234 1 61 0.333648 0.0084700000000000001 0.071216000000000002 0.0033769999999999998 0.000901 0.002869 0.010743000000000001 0.176954 0.032291 0 0.026758000000000001 0.00071400000000000001 0.00062999999999999992 0.001279 0.0033140000000000001 0.032366999999999993 0.018367000000000001 0.0072350000000000027 0 0
183 linear 4 7 0.35703299999999999 4.4962597056436211 1 61 0.200323 0.0082159999999999993 0.12451499999999999 0.0034559999999999994 0.00076500000000000005 0.0025439999999999998 0.010102999999999999 0.051277000000000003 0.031326 0 0.025205999999999999 0.00071900000000000002 0.00059999999999999995 0.0011490000000000001 0.0031919999999999995 0.083697000000000049 0.020251999999999999 0.0072590000000000024 0 1
183 linear 4 15 0.34606100000000001 4.480945142844539 1 61 0.199655 0.0082439999999999996 0.11297399999999996 0.0041970000000000002 0.00082299999999999995 0.002287 0.0094120000000000002 0.051343 0.031 0 0.025236999999999999 0.00070899999999999999 0.000629 0.0011670000000000001 0.0031469999999999996 0.073778000000000038 0.018705999999999987 0.0072320000000000023 0 2
183 linear 4 23 0.341304 4.4657343520847164 1 61 0.19497600000000001 0.0080730000000000003 0.11391400000000003 0.0036639999999999997 0.000745 0.0023500000000000001 0.0091380000000000003 0.051484000000000002 0.030835000000000001 0 0.024892999999999998 0.00068800000000000003 0.00058399999999999999 0.00097300000000000002 0.0029869999999999996 0.074284000000000017 0.019211000000000009 0.0072500000000000038 0 3
183 uniform 3 0 0.37578699999999998 1.9288829180324856 1 45 0.29429699999999998 0.0095840000000000005 0.054335000000000008 0.002349 0.00072099999999999996 0.0025839999999999999 0.010178 0.15038199999999999 0.021715999999999999 0 0.029048999999999998 0.00078399999999999997 0.00060400000000000004 0.0012440000000000001 0.0032979999999999997 0.032826999999999995 0.014620000000000001 0 0 0
183 uniform 3 7 0.36468 1.9290876274029201 1 45 0.17277799999999999 0.0093620000000000005 0.16465599999999997 0.0022459999999999997 0.00067900000000000002 0.0024269999999999999 0.0096399999999999993 0.037288000000000002 0.021111000000000001 0 0.025589000000000001 0.00076400000000000003 0.00060600000000000009 0.00109 0.0030909999999999996 0.14218999999999998 0.015362999999999995 0 0 1
183 uniform 3 15 0.35380200000000001 1.9293225487778365 1 45 0.17347499999999999 0.0091699999999999993 0.15356 0.002281 0.00059400000000000002 0.002317 0.0091739999999999999 0.040294000000000003 0.02102 0 0.025364000000000001 0.00074799999999999997 0.00060800000000000003 0.00099400000000000009 0.0030500000000000002 0.13162900000000002 0.014838999999999995 0 0 2
183 uniform 3 23 0.35716500000000001 1.9295585005097877 1 45 0.17260800000000001 0.009136 0.15763199999999999 0.002235 0.00057800000000000006 0.0022769999999999999 0.0092960000000000004 0.036863 0.022360999999999999 0 0.026627000000000001 0.00068999999999999997 0.00057399999999999997 0.0010189999999999999 0.0029399999999999999 0.13573399999999997 0.014780999999999999 0 0 3
183 uniform 4 0 0.40321899999999999 4.5100819490341193 1 45 0.33155600000000002 0.0084440000000000001 0.045007999999999992 0.0024420000000000002 0.00075600000000000005 0.0025010000000000002 0.0094979999999999995 0.17688000000000001 0.033550000000000003 0 0.026155999999999999 0.00075699999999999997 0.00061799999999999995 0.0012669999999999999 0.0032439999999999999 0.025160000000000002 0.013082000000000005 0 0 0
183 uniform 4 7 0.316166 4.4965917110021252 1 45 0.19841500000000001 0.0081080000000000006 0.092039999999999997 0.002251 0.00065200000000000002 0.0023140000000000001 0.0089619999999999995 0.051293999999999999 0.032851999999999999 0 0.024795999999999999 0.00071299999999999998 0.00060000000000000006 0.001047 0.0031229999999999995 0.071905999999999998 0.013374999999999996 0 0 1
183 uniform 4 15 0.30174400000000001 4.4812722221893626 1 45 0.19611700000000001 0.0081040000000000001 0.080097000000000015 0.002258 0.00062299999999999996 0.0022230000000000001 0.0087069999999999995 0.051290000000000002 0.03279 0 0.024390999999999999 0.00067599999999999995 0.00063299999999999999 0.00092199999999999997 0.0029839999999999997 0.060353000000000011 0.012951000000000004 0 0 2
183 uniform 4 23 0.29748000000000002 4.4660565862387678 1 45 0.19529299999999999 0.0080660000000000003 0.07682700000000002 0.0021610000000000002 0.00057900000000000009 0.0020920000000000001 0.0086960000000000006 0.051452999999999999 0.033292000000000002 0 0.024341000000000002 0.00061899999999999998 0.00060399999999999994 0.00095600000000000004 0.0029630000000000004 0.057053000000000006 0.013076000000000009 0 0 3
184 linear 3 0 0.46426299999999998 35.950022596042849 1 61 0.34393200000000002 0.011761000000000001 0.083501000000000006 0.0042049999999999995 0.00090600000000000001 0.0028410000000000002 0.011195999999999999 0.19375999999999999 0.024618999999999999 0 0.026963999999999998 0.00093899999999999995 0.0021849999999999999 0.0012199999999999999 0.0033010000000000001 0.041632000000000016 0.020969999999999999 0.0072240000000000047 0 0
184 linear 3 7 0.39089499999999999 35.871547376061997 1 61 0.17833599999999999 0.0095779999999999997 0.17745399999999995 0.0041919999999999995 0.00085099999999999998 0.0026359999999999999 0.010551 0.030322000000000002 0.023935000000000001 0 0.026792 0.00088699999999999998 0.0021609999999999997 0.001096 0.0031909999999999998 0.135272 0.021475000000000008 0.0072300000000000021 0 1
184 linear 3 15 0.40804099999999999 35.778759653854884 1 61 0.171906 0.0094140000000000005 0.201962 0.0038619999999999995 0.00077000000000000007 0.0027330000000000002 0.010191 0.026209 0.022915000000000001 0 0.029315000000000001 0.000803 0.0019369999999999999 0.001114 0.0030350000000000004 0.16038699999999997 0.020735999999999997 0.0072350000000000018 0 2
184 linear 3 23 0.45236900000000002 35.681396552782999 1 69 0.171713 0.0092409999999999992 0.24359099999999995 0.0042989999999999999 0.00080099999999999995 0.0024880000000000002 0.0092969999999999997 0.025658 0.026522 0 0.028409 0.00086300000000000005 0.0019109999999999999 0.0010369999999999999 0.0029660000000000003 0.19769900000000004 0.022166999999999989 0.0081980000000000004 0 3
184 linear 4 0 0.50880000000000003 179.51679084217093 1 90 0.32921600000000001 0.015476999999999999 0.13061700000000001 0.0062429999999999994 0.001446 0.0028909999999999999 0.011247999999999999 0.16734599999999999 0.021076000000000001 0 0.026530999999999999 0.00081700000000000002 0.0046670000000000001 0.00074799999999999997 0.0035530000000000002 0.072185999999999986 0.027274999999999987 0.010711000000000004 0 0
184 linear 4 7 0.63693500000000003 188.82899903104467 1 90 0.31124499999999999 0.014951000000000001 0.2780959999999999 0.0056039999999999996 0.0012699999999999999 0.0028340000000000001 0.010685999999999999 0.018312999999999999 0.020516 0 0.031489999999999997 0.00083799999999999999 0.13506900000000002 0.00067100000000000005 0.0034480000000000005 0.21912899999999993 0.027766999999999997 0.010691000000000003 0 1
184 linear 4 15 0.59725499999999998 200.18060410913426 1 74 0.31714999999999999 0.015143 0.23829799999999998 0.004666 0.0010769999999999998 0.0025799999999999998 0.010430999999999999 0.019033999999999999 0.020302000000000001 0 0.025878000000000002 0.00086700000000000004 0.14325099999999999 0.00070899999999999999 0.0035230000000000001 0.18972900000000004 0.022935999999999998 0.0087970000000000027 0 2
184 linear 4 23 0.55780799999999997 212.22229183806959 1 96 0.17663699999999999 0.015237000000000001 0.33135199999999998 0.0057080000000000004 0.001622 0.0028519999999999999 0.010222 0.018252999999999998 0.022268 0 0.025814 0.00073499999999999998 0.0045340000000000007 0.00072900000000000005 0.0036339999999999996 0.25640300000000005 0.03595099999999999 0.014033000000000002 0 3
184 uniform 3 0 0.42777399999999999 35.95648295717713 1 45 0.34504000000000001 0.0095499999999999995 0.055060000000000019 0.0027390000000000001 0.00080400000000000003 0.0028660000000000001 0.010714 0.19413800000000001 0.023255000000000001 0 0.030523999999999999 0.00086399999999999997 0.0020429999999999997 0.0013079999999999999 0.0030740000000000003 0.032123999999999993 0.016077999999999999 0 0 0
184 uniform 3 7 0.30862800000000001 35.877421314090377 1 45 0.17139699999999999 0.0094830000000000001 0.109831 0.0024340000000000004 0.00067299999999999999 0.00264 0.0095530000000000007 0.030189000000000001 0.022623000000000001 0 0.026227 0.00079699999999999997 0.001983 0.001132 0.0031170000000000004 0.08674399999999996 0.016319000000000004 0 0 1
184 uniform 3 15 0.32616499999999998 35.78419524300503 1 45 0.17130699999999999 0.0094190000000000003 0.127471 0.0023609999999999998 0.00060400000000000004 0.0025760000000000002 0.0094990000000000005 0.026457999999999999 0.022976 0 0.027154000000000001 0.00086399999999999997 0.0020079999999999998 0.001078 0.0029870000000000001 0.10487199999999998 0.015813000000000001 0 0 2
184 uniform 3 23 0.325322 35.686679133382583 1 45 0.16814000000000001 0.0092860000000000009 0.13011799999999998 0.0022539999999999999 0.00058999999999999992 0.002395 0.0090139999999999994 0.025642000000000002 0.022974999999999999 0 0.026322000000000002 0.00083299999999999997 0.0019009999999999999 0.00098700000000000003 0.0029479999999999997 0.10784000000000002 0.015489999999999993 0 0 3
184 uniform 4 0 0.479466 180.1238943914075 1 82 0.32917400000000002 0.015089999999999999 0.104866 0.0051109999999999992 0.0012210000000000001 0.002748 0.010827 0.16753100000000001 0.022950000000000002 0 0.026061999999999998 0.00081599999999999999 0.0046789999999999991 0.00081999999999999998 0.0035529999999999997 0.067378000000000049 0.025172999999999997 0 0 0
184 uniform 4 7 0.58936299999999997 189.54620013255362 1 82 0.30754500000000001 0.014734000000000001 0.23725900000000003 0.0049100000000000003 0.0010730000000000002 0.002513 0.010279999999999999 0.018304999999999998 0.023157000000000001 0 0.026394000000000001 0.00081999999999999998 0.13493799999999997 0.00074299999999999995 0.003437 0.19460599999999995 0.03030399999999998 0 0 1
184 uniform 4 15 0.62931099999999995 201.05285887164462 1 90 0.31357400000000002 0.01453 0.26934299999999989 0.0050949999999999997 0.0011509999999999999 0.0024269999999999999 0.010019 0.01883 0.022973 0 0.025291999999999999 0.00082600000000000002 0.14276700000000001 0.00071299999999999998 0.0033850000000000009 0.22812799999999997 0.027713000000000005 0 0 2
184 uniform 4 23 0.58874800000000005 213.28802598680818 1 112 0.18323500000000001 0.015157 0.34911200000000003 0.0070199999999999993 0.0016249999999999999 0.0025079999999999998 0.0098410000000000008 0.018078 0.022187999999999999 0 0.025298999999999999 0.00080999999999999996 0.0045689999999999993 0.00066699999999999995 0.0036620000000000003 0.29062399999999983 0.040571999999999969 0 0 3
185 linear 3 0 0.40034999999999998 15.1423412669822 1 53 0.29260599999999998 0.0082850000000000007 0.07720299999999998 0.0040460000000000001 0.00078399999999999997 0.0028170000000000001 0.010536999999999999 0.14169499999999999 0.022186999999999998 0 0.027739 0.00081700000000000002 0.0035749999999999996 0.001073 0.0029879999999999998 0.040433999999999991 0.018142000000000002 0.0062970000000000031 0 0
185 linear 3 7 0.30169800000000002 14.947582745905775 1 53 0.16617699999999999 0.0081130000000000004 0.10565799999999997 0.003568 0.00066200000000000005 0.0025699999999999998 0.0097009999999999996 0.020369000000000002 0.021440000000000001 0 0.028306000000000001 0.00073700000000000002 0.0033619999999999995 0.0010579999999999999 0.002957 0.069261000000000017 0.018126999999999997 0.0062839999999999997 0 1
185 linear 3 15 0.46020100000000003 14.731340243738474 1 53 0.323349 0.0081060000000000004 0.10761199999999996 0.0032979999999999997 0.00066399999999999999 0.0024580000000000001 0.0099419999999999994 0.020327999999999999 0.02129 0 0.026471999999999999 0.000825 0.16264699999999999 0.00098999999999999999 0.0029109999999999995 0.070815000000000003 0.018276999999999995 0.0062870000000000001 0 2
185 linear 3 23 0.40967199999999998 14.521588930112397 1 53 0.26559300000000002 0.0082749999999999994 0.114207 0.0034749999999999998 0.00062200000000000005 0.0022750000000000001 0.0095460000000000007 0.020254000000000001 0.020652 0 0.027189000000000001 0.00077499999999999997 0.104659 0.00106 0.0028960000000000001 0.072550000000000017 0.023084000000000011 0.0062890000000000003 0 3
185 linear 4 0 0.492672 19.646629079828646 1 61 0.37339699999999998 0.0095659999999999999 0.085203999999999974 0.0039979999999999998 0.00092499999999999993 0.0026419999999999998 0.010932000000000001 0.17284099999999999 0.021964999999999998 0 0.026249999999999999 0.00085800000000000004 0.055083 0.0011770000000000001 0.003186 0.043096000000000009 0.02115400000000001 0.0072330000000000024 0 0
185 linear 4 7 0.38830300000000001 19.610993185320883 1 61 0.16317400000000001 0.0093279999999999995 0.19103700000000001 0.0038920000000000001 0.00088100000000000006 0.002598 0.010097999999999999 0.022617999999999999 0.021134 0 0.025609 0.00086399999999999997 0.0019030000000000002 0.00115 0.0030860000000000002 0.14923 0.020802999999999999 0.0072400000000000008 0 1
185 linear 4 15 0.37427100000000002 19.568606722394225 1 61 0.16181599999999999 0.0092630000000000004 0.17851599999999998 0.0037610000000000005 0.00080999999999999996 0.0024320000000000001 0.0093159999999999996 0.024296999999999999 0.02087 0 0.025489999999999999 0.00077700000000000002 0.0020579999999999999 0.00096299999999999999 0.0029020000000000005 0.13669499999999998 0.020757999999999999 0.0072470000000000017 0 2
185 linear 4 23 0.380245 19.524441441299647 1 61 0.15845200000000001 0.0093570000000000007 0.18837499999999999 0.0036680000000000003 0.00076400000000000003 0.002297 0.0092010000000000008 0.022679000000000001 0.020715999999999998 0 0.025531000000000002 0.00083100000000000003 0.001812 0.00094799999999999995 0.0029659999999999995 0.14652100000000001 0.021113999999999994 0.0072470000000000043 0 3
185 uniform 3 0 0.38860499999999998 15.144552324551176 1 53 0.29390300000000003 0.0083560000000000006 0.065287999999999999 0.0031850000000000003 0.00082899999999999988 0.0024420000000000002 0.010248 0.14138600000000001 0.021961000000000001 0 0.033602 0.00077099999999999998 0.003581 0.0011169999999999999 0.0029469999999999995 0.039409999999999994 0.01785200000000001 0 0 0
185 uniform 3 7 0.29632700000000001 14.949714769188329 1 53 0.16716300000000001 0.0084320000000000003 0.098499000000000017 0.0033249999999999998 0.00072800000000000002 0.002457 0.0098359999999999993 0.020580000000000001 0.021576999999999999 0 0.026686999999999999 0.00078899999999999999 0.0033769999999999998 0.0011360000000000001 0.0032739999999999996 0.071715000000000001 0.018530999999999992 0 0 1
185 uniform 3 15 0.462399 14.733387305944763 1 53 0.33323999999999998 0.0083160000000000005 0.099520000000000011 0.0031000000000000003 0.00065899999999999986 0.0024589999999999998 0.011027 0.022033000000000001 0.024344999999999999 0 0.027911999999999999 0.00084999999999999995 0.16257099999999999 0.0010189999999999999 0.0032109999999999999 0.072598999999999983 0.018661999999999998 0 0 2
185 uniform 3 23 0.40800399999999998 14.523556368306668 1 53 0.27846599999999999 0.0082690000000000003 0.10004699999999998 0.0029789999999999999 0.00061999999999999989 0.0023040000000000001 0.014371999999999999 0.021961000000000001 0.024008000000000002 0 0.029127 0.00076599999999999997 0.104561 0.00096400000000000001 0.0031430000000000004 0.073426999999999992 0.018473999999999994 0 0 3
185 uniform 4 0 0.46313100000000001 19.648205604392906 1 45 0.37878200000000001 0.0096830000000000006 0.056698999999999992 0.0024759999999999999 0.00071100000000000015 0.002477 0.010292000000000001 0.17477100000000001 0.024726000000000001 0 0.026370000000000001 0.00080400000000000003 0.054997999999999998 0.0012489999999999999 0.0031399999999999996 0.033843000000000012 0.016093999999999994 0 0 0
185 uniform 4 7 0.31035099999999999 19.612539750260439 1 45 0.16556100000000001 0.0094789999999999996 0.11748800000000001 0.0024580000000000001 0.00068000000000000005 0.0023549999999999999 0.0098300000000000002 0.022147 0.021018999999999999 0 0.025010000000000001 0.00080999999999999996 0.0018930000000000002 0.0011360000000000001 0.0031170000000000008 0.094475000000000017 0.016170000000000004 0 0 1
185 uniform 4 15 0.30889100000000003 19.570122882432202 1 45 0.16068399999999999 0.0094839999999999994 0.12097600000000003 0.0023219999999999998 0.00062700000000000006 0.0023119999999999998 0.0092969999999999997 0.023914000000000001 0.021034000000000001 0 0.025035000000000002 0.00075900000000000002 0.001944 0.00098799999999999995 0.0030489999999999996 0.098020000000000024 0.016163000000000004 0 0 2
185 uniform 4 23 0.308896 19.525930483397708 1 45 0.16061500000000001 0.0094149999999999998 0.121334 0.0022659999999999998 0.00062600000000000004 0.0023280000000000002 0.0093989999999999994 0.022446000000000001 0.020788000000000001 0 0.025621999999999999 0.00076400000000000003 0.0018210000000000001 0.001047 0.0029610000000000001 0.098228999999999997 0.016341999999999999 0 0 3
186 linear 3 0 0.41489399999999999 7.7509443832301015 1 61 0.30812699999999998 0.0086479999999999994 0.073009000000000018 0.0042550000000000001 0.0009549999999999999 0.002421 0.0099439999999999997 0.16616800000000001 0.021517999999999999 0 0.025524999999999999 0.00081899999999999996 0.0019 0.001165 0.0030210000000000002 0.032424999999999989 0.019803999999999992 0.0072380000000000014 0 0
186 linear 3 7 0.41950900000000002 7.7480702810926978 1 61 0.17949499999999999 0.0088669999999999999 0.20660599999999998 0.0039680000000000002 0.00082900000000000009 0.0023410000000000002 0.0094020000000000006 0.041369999999999997 0.021089 0 0.025505 0.00080599999999999997 0.0018830000000000001 0.0010839999999999999 0.0030689999999999997 0.16548700000000005 0.020294999999999987 0.0072500000000000004 0 1
186 linear 3 15 0.41084700000000002 7.7446953034928443 1 61 0.17286299999999999 0.0089110000000000005 0.204732 0.0037600000000000003 0.00081899999999999996 0.0022330000000000002 0.0089999999999999993 0.037746000000000002 0.020899999999999998 0 0.025481 0.00080500000000000005 0.0018620000000000002 0.0010369999999999999 0.0030270000000000002 0.16359199999999996 0.020367999999999997 0.0072180000000000013 0 2
186 linear 3 23 0.39891599999999999 7.7412216222265151 1 61 0.17210400000000001 0.0086580000000000008 0.19349999999999998 0.0037980000000000002 0.00080000000000000004 0.002212 0.0089680000000000003 0.037943999999999999 0.020697 0 0.025006 0.00072599999999999997 0.0019759999999999999 0.0010460000000000001 0.0030499999999999998 0.15260899999999999 0.020008999999999975 0.0072420000000000028 0 3
186 linear 4 0 0.43881100000000001 6.807297337253722 1 61 0.32882 0.0091760000000000001 0.076483999999999996 0.0037569999999999999 0.00078100000000000001 0.0026220000000000002 0.010592000000000001 0.18323200000000001 0.023328000000000002 0 0.025914 0.00080599999999999997 0.0024989999999999999 0.0011360000000000001 0.0029940000000000001 0.03648499999999999 0.019313999999999991 0.0072349999999999992 0 0
186 linear 4 7 0.58600099999999999 6.7813464574134246 1 61 0.334395 0.0091719999999999996 0.21809000000000003 0.0035700000000000003 0.00081900000000000007 0.0026340000000000001 0.0095949999999999994 0.054031000000000003 0.022707000000000001 0 0.025177000000000001 0.00079699999999999997 0.143231 0.001155 0.002921 0.177561 0.019473999999999991 0.0072520000000000032 0 1
186 linear 4 15 0.58661600000000003 6.7555454862147695 1 61 0.32393 0.008966 0.22932599999999995 0.003666 0.00082100000000000001 0.0024529999999999999 0.0097300000000000008 0.049088 0.022994000000000001 0 0.024955999999999999 0.00087299999999999997 0.137771 0.0010139999999999999 0.002921 0.18900500000000001 0.019519999999999996 0.007257999999999998 0 2
186 linear 4 23 0.50568999999999997 6.733036886573438 1 61 0.28671600000000003 0.0092350000000000002 0.18548500000000004 0.0036299999999999995 0.00075599999999999994 0.0023140000000000001 0.0099839999999999998 0.049327000000000003 0.023163 0 0.025127 0.00079600000000000005 0.099927999999999989 0.001036 0.0029090000000000006 0.14426499999999998 0.020476999999999992 0.0072570000000000013 0 3
186 uniform 3 0 0.381749 7.7510874032329644 1 45 0.30293700000000001 0.012786 0.048438999999999982 0.0024169999999999999 0.00080199999999999998 0.0025349999999999999 0.010008 0.15945400000000001 0.023916 0 0.025746999999999999 0.00082100000000000001 0.0019780000000000002 0.001155 0.0029220000000000001 0.026806 0.014777000000000002 0 0 0
186 uniform 3 7 0.34556399999999998 7.7482119615256595 1 45 0.18141099999999999 0.0089189999999999998 0.13738299999999998 0.002245 0.00065399999999999996 0.0022279999999999999 0.0093159999999999996 0.041493000000000002 0.023675999999999999 0 0.026123 0.00082399999999999997 0.0018680000000000001 0.00096699999999999998 0.0029520000000000002 0.11575900000000003 0.014855999999999998 0 0 1
186 uniform 3 15 0.32905099999999998 7.7448355465488472 1 45 0.17554900000000001 0.0087659999999999995 0.12714099999999992 0.0022769999999999999 0.00060599999999999998 0.0021029999999999998 0.00911 0.037898000000000001 0.023526999999999999 0 0.026034000000000002 0.00072599999999999997 0.0018310000000000002 0.0010809999999999999 0.0029169999999999999 0.10553900000000002 0.014819999999999998 0 0 2
186 uniform 3 23 0.32733000000000001 7.7413605202257232 1 45 0.17307400000000001 0.0086180000000000007 0.12444299999999998 0.0061070000000000004 0.00057799999999999995 0.002225 0.0090119999999999992 0.038127000000000001 0.022596999999999999 0 0.025271999999999999 0.00071900000000000002 0.0019350000000000001 0.000959 0.0029320000000000001 0.10300200000000002 0.014677999999999997 0 0 3
186 uniform 4 0 0.40631400000000001 6.8095086326040084 1 45 0.32622099999999998 0.0094249999999999994 0.052503999999999995 0.0024840000000000001 0.00065300000000000004 0.0024269999999999999 0.0095949999999999994 0.18285399999999999 0.023154999999999999 0 0.025739000000000001 0.00078600000000000002 0.0024390000000000002 0.0011039999999999999 0.003179 0.031156999999999994 0.014542999999999999 0 0 0
186 uniform 4 7 0.50300400000000001 6.7831675238739306 1 45 0.32811400000000002 0.0093550000000000005 0.14766300000000002 0.0024369999999999999 0.00063600000000000006 0.0023010000000000001 0.0094420000000000007 0.048395000000000001 0.02291 0 0.025047 0.00075500000000000003 0.14335500000000001 0.0010529999999999999 0.0030080000000000007 0.12596399999999996 0.014655999999999999 0 0 1
186 uniform 4 15 0.49578299999999997 6.7570329882069435 1 45 0.322575 0.0090220000000000005 0.14654400000000001 0.0024210000000000004 0.00060099999999999997 0.0024069999999999999 0.0093810000000000004 0.049154999999999997 0.021155 0 0.024885999999999998 0.00080699999999999999 0.13808200000000001 0.001029 0.0030009999999999998 0.12514700000000004 0.014327999999999997 0 0 2
186 uniform 4 23 0.428589 6.7342733147095952 1 45 0.28194999999999998 0.0091579999999999995 0.12019200000000001 0.0022959999999999999 0.00057399999999999997 0.0022269999999999998 0.0095460000000000007 0.049320000000000003 0.020829 0 0.024982000000000001 0.00077800000000000005 0.099595000000000003 0.00099500000000000001 0.0029590000000000003 0.098220999999999989 0.015171000000000006 0 0 3
187 linear 3 0 0.48886800000000002 8.7318453653043022 1 107 0.29296899999999998 0.013702000000000001 0.13957299999999997 0.0071709999999999994 0.001609 0.002552 0.010194 0.13118299999999999 0.021240999999999999 0 0.026242999999999999 0.00075100000000000004 0.00096700000000000009 0.00080000000000000004 0.0035249999999999999 0.064781000000000005 0.038060999999999963 0.012735000000000005 0 0
187 linear 3 7 0.57584800000000003 8.7810316152455954 1 107 0.18295700000000001 0.01376 0.33193800000000001 0.006699000000000001 0.001467 0.0025590000000000001 0.0095490000000000002 0.030012 0.020604999999999998 0 0.026450999999999999 0.00078799999999999996 0.001065 0.00070399999999999998 0.0034119999999999997 0.25780099999999989 0.037341000000000006 0.012694999999999998 0 1
187 linear 3 15 0.56135800000000002 8.8420462391661925 1 107 0.178595 0.014033 0.32723900000000011 0.0063100000000000005 0.0012989999999999998 0.00233 0.0094230000000000008 0.028267 0.020622000000000001 0 0.025981000000000001 0.00080000000000000004 0.00095799999999999998 0.00069800000000000005 0.0034549999999999993 0.25306200000000001 0.037603999999999999 0.012715999999999996 0 2
187 linear 3 23 0.55910700000000002 8.9091111786590957 1 107 0.17346700000000001 0.013564 0.3298859999999999 0.0066439999999999997 0.0014710000000000001 0.0022829999999999999 0.0094109999999999992 0.024062 0.020405 0 0.025610999999999998 0.000843 0.00096299999999999988 0.00069300000000000004 0.0034079999999999996 0.25497899999999996 0.038470999999999991 0.012697999999999996 0 3
187 linear 4 0 0.42129 5.3700598973545128 1 53 0.32911400000000002 0.0087049999999999992 0.062322999999999996 0.003124 0.00072100000000000007 0.0028149999999999998 0.011147000000000001 0.18021499999999999 0.022148999999999999 0 0.027019999999999999 0.00079900000000000001 0.00058100000000000003 0.001219 0.0031770000000000001 0.02911 0.015617000000000004 0.0063100000000000022 0 0
187 linear 4 7 0.31866100000000003 5.3453570900311016 1 53 0.19383900000000001 0.0082620000000000002 0.094633999999999982 0.0031870000000000002 0.00068300000000000001 0.0027000000000000001 0.010030000000000001 0.051198 0.021468999999999999 0 0.026214999999999999 0.00080400000000000003 0.00059499999999999993 0.0011230000000000001 0.0032479999999999996 0.060727000000000017 0.015585 0.0065089999999999983 0 1
187 linear 4 15 0.32047700000000001 5.317265691835944 1 53 0.20002600000000001 0.0094000000000000004 0.089341999999999963 0.003186 0.00066899999999999989 0.0025209999999999998 0.011039 0.056161000000000003 0.023845000000000002 0 0.025804000000000001 0.00084800000000000001 0.00060599999999999998 0.0010280000000000001 0.0034739999999999997 0.054891000000000009 0.016251999999999999 0.0064889999999999974 0 2
187 linear 4 23 0.32246599999999997 5.2893352747871374 1 53 0.19686699999999999 0.0095379999999999996 0.093523000000000023 0.0036110000000000005 0.00068300000000000001 0.0023739999999999998 0.010168999999999999 0.052430999999999998 0.023819 0 0.025661 0.00077300000000000003 0.00062500000000000001 0.001116 0.0034399999999999999 0.059230000000000012 0.015989999999999997 0.0064899999999999975 0 3
187 uniform 3 0 0.43852400000000002 8.7396303776160575 1 75 0.29896699999999998 0.015058 0.094554999999999945 0.0040490000000000005 0.0013060000000000001 0.003032 0.012033 0.13292399999999999 0.024829 0 0.026832000000000002 0.00080999999999999996 0.00096900000000000013 0.00079199999999999995 0.0039899999999999996 0.04985499999999999 0.033061000000000007 0 0 0
187 uniform 3 7 0.42357400000000001 8.7897973113509469 1 75 0.19228999999999999 0.013681 0.18918499999999994 0.0037360000000000002 0.0011050000000000001 0.0026870000000000002 0.011362000000000001 0.031642999999999998 0.024146999999999998 0 0.026450999999999999 0.00080999999999999996 0.00097999999999999997 0.00070299999999999996 0.0035200000000000001 0.15045 0.027482000000000003 0 0 1
187 uniform 3 15 0.413713 8.8521734576289752 1 75 0.1784 0.013976000000000001 0.19305000000000003 0.003751 0.001052 0.0024810000000000001 0.009587 0.028268999999999999 0.020494999999999999 0 0.025718000000000001 0.00079699999999999997 0.000968 0.00065600000000000001 0.0034679999999999993 0.15422899999999998 0.027611999999999998 0 0 2
187 uniform 3 23 0.41701199999999999 8.9209420657251677 1 75 0.17784800000000001 0.013336000000000001 0.19722399999999998 0.0037910000000000001 0.0010089999999999999 0.0025330000000000001 0.0096559999999999997 0.024138 0.024371 0 0.025465999999999999 0.00080500000000000005 0.00096100000000000005 0.00070600000000000003 0.0034360000000000003 0.15737699999999993 0.028561999999999987 0 0 3
187 uniform 4 0 0.38403399999999999 5.3833282673963812 1 37 0.325152 0.0085330000000000007 0.035617000000000003 0.0018940000000000001 0.00060399999999999994 0.0028319999999999999 0.010201999999999999 0.18015800000000001 0.021604999999999999 0 0.026658000000000001 0.00071500000000000003 0.00058299999999999997 0.001276 0.0032439999999999999 0.019832999999999996 0.010178 0 0 0
187 uniform 4 7 0.27571699999999999 5.358341461123878 1 37 0.190191 0.0083110000000000007 0.062351000000000011 0.001835 0.00052699999999999991 0.0024329999999999998 0.0093120000000000008 0.051235000000000003 0.021149999999999999 0 0.025696 0.00073700000000000002 0.00059400000000000002 0.001065 0.003078 0.046910999999999994 0.0098080000000000007 0 0 1
187 uniform 4 15 0.26758900000000002 5.3299293661514451 1 37 0.187365 0.0081410000000000007 0.057698000000000006 0.0017729999999999998 0.00049100000000000001 0.0023400000000000001 0.0088339999999999998 0.051163 0.020913999999999999 0 0.025548999999999999 0.00079699999999999997 0.00061200000000000002 0.000977 0.0029889999999999999 0.041213 0.010913000000000001 0 0 2
187 uniform 4 23 0.267787 5.3016826846746952 1 37 0.18481300000000001 0.0080389999999999993 0.060688000000000006 0.0017980000000000001 0.00044099999999999999 0.0021919999999999999 0.0087019999999999997 0.050964000000000002 0.020864000000000001 0 0.025152999999999998 0.00072999999999999996 0.00062300000000000007 0.00099599999999999992 0.0029169999999999999 0.045490000000000017 0.0096570000000000041 0 0 3
188 linear 3 0 0.51741300000000001 10.25123462639853 1 106 0.32392399999999999 0.01389 0.14057000000000008 0.0074689999999999999 0.0015839999999999999 0.0024870000000000001 0.0096769999999999998 0.168546 0.021045999999999999 0 0.027118 0.000794 0.00099799999999999997 0.00066500000000000001 0.0035450000000000004 0.071367000000000028 0.033221999999999995 0.012617000000000001 0 0
188 linear 3 7 0.41833599999999999 10.02744357051184 1 98 0.20577100000000001 0.014043999999999999 0.16196400000000005 0.0059030000000000003 0.001382 0.002532 0.0097190000000000002 0.046461000000000002 0.022152999999999999 0 0.026825000000000002 0.00077499999999999997 0.001067 0.00064199999999999999 0.00362 0.10068399999999997 0.028483000000000005 0.011661000000000003 0 1
188 linear 3 15 0.41609000000000002 9.8020529146335544 1 98 0.20213999999999999 0.013527000000000001 0.16506399999999996 0.0055050000000000003 0.0012769999999999997 0.0024629999999999999 0.0094640000000000002 0.048009999999999997 0.021780000000000001 0 0.026232999999999999 0.00077200000000000001 0.0010409999999999998 0.00058399999999999999 0.0034980000000000002 0.10252500000000002 0.029949000000000003 0.011656000000000003 0 2
188 linear 3 23 0.40178799999999998 9.6014012202213568 1 98 0.197661 0.013374 0.15561299999999997 0.0054100000000000007 0.0012080000000000001 0.0022910000000000001 0.0090659999999999994 0.044812999999999999 0.022307 0 0.026407 0.00074299999999999995 0.00099099999999999991 0.00064300000000000002 0.0034320000000000002 0.093686999999999993 0.02918999999999998 0.011674999999999998 0 3
188 linear 4 0 0.43611100000000003 4.2018501868611988 1 61 0.32197300000000001 0.010309 0.079340999999999995 0.003673 0.00094399999999999996 0.0026090000000000002 0.010928999999999999 0.173184 0.024146999999999998 0 0.026627000000000001 0.00093800000000000003 0.00060299999999999991 0.001286 0.0032599999999999999 0.03725499999999999 0.021277999999999995 0.0072519999999999998 0 0
188 linear 4 7 0.46615099999999998 4.123510367993541 1 61 0.19966 0.0098049999999999995 0.23195700000000002 0.0034470000000000004 0.00087299999999999986 0.002395 0.010453 0.051339000000000003 0.023178000000000001 0 0.025974000000000001 0.00094600000000000001 0.00059500000000000004 0.001189 0.0031709999999999998 0.19054099999999993 0.019972999999999998 0.0072440000000000039 0 1
188 linear 4 15 0.44394499999999998 4.0503956771647571 1 61 0.19639100000000001 0.010293999999999999 0.21153800000000009 0.0041389999999999995 0.00085800000000000004 0.0024759999999999999 0.010147 0.051235999999999997 0.022984000000000001 0 0.026463 0.00089700000000000001 0.00059899999999999992 0.0012210000000000001 0.0031730000000000005 0.169456 0.021083999999999999 0.007250000000000003 0 2
188 linear 4 23 0.44720300000000002 3.9898062300835262 1 61 0.19283 0.016730999999999999 0.21306799999999998 0.0036700000000000001 0.00082100000000000001 0.002398 0.00975 0.051338000000000002 0.023120999999999999 0 0.025992999999999999 0.00079199999999999995 0.00061499999999999999 0.00098900000000000008 0.0030929999999999998 0.17170900000000003 0.020553999999999989 0.0072430000000000012 0 3
188 uniform 3 0 0.475823 10.322717350022407 1 90 0.33031700000000003 0.013986 0.10005000000000001 0.00511 0.0013399999999999998 0.0024689999999999998 0.010071999999999999 0.16883300000000001 0.022898999999999999 0 0.027431000000000001 0.00082600000000000002 0.001024 0.00083799999999999999 0.0038019999999999998 0.05853400000000001 0.027951999999999973 0 0 0
188 uniform 3 7 0.38461000000000001 10.086953069977547 1 90 0.20285900000000001 0.013514999999999999 0.13736099999999998 0.0048349999999999999 0.0010659999999999999 0.0024139999999999999 0.0093279999999999995 0.046408999999999999 0.023060000000000001 0 0.026817000000000001 0.00077399999999999995 0.001031 0.00068999999999999997 0.0036549999999999998 0.096914000000000028 0.026965000000000006 0 0 1
188 uniform 3 15 0.36331000000000002 9.8515394417723918 1 82 0.19973199999999999 0.013370999999999999 0.12157599999999995 0.003898 0.0011329999999999999 0.0022160000000000001 0.0094959999999999992 0.047966000000000002 0.020378 0 0.026186999999999998 0.00077200000000000001 0.0010189999999999999 0.00058799999999999998 0.0035009999999999993 0.084623000000000018 0.024731000000000006 0 0 2
188 uniform 3 23 0.34404699999999999 9.6433267857004861 1 74 0.19741600000000001 0.013455999999999999 0.10709199999999998 0.0036709999999999998 0.00093199999999999999 0.0022269999999999998 0.0090969999999999992 0.044701999999999999 0.020798000000000001 0 0.026595000000000001 0.00073399999999999995 0.00099200000000000004 0.00077099999999999998 0.0036999999999999997 0.073100000000000012 0.022963000000000001 0 0 3
188 uniform 4 0 0.40587699999999999 4.2106700198738682 1 45 0.32340600000000003 0.010222 0.054481999999999982 0.002284 0.00079799999999999988 0.002624 0.010361 0.177893 0.022062999999999999 0 0.026793999999999998 0.00086399999999999997 0.00060799999999999993 0.0012019999999999999 0.0032150000000000004 0.031773999999999997 0.016001999999999999 0 0 0
188 uniform 4 7 0.37079000000000001 4.1300724388567298 1 45 0.191582 0.0097479999999999997 0.15160900000000002 0.0022620000000000001 0.00067900000000000002 0.0024870000000000001 0.009894 0.051360999999999997 0.021256000000000001 0 0.026085000000000001 0.00090200000000000002 0.00060499999999999996 0.0011609999999999999 0.0030730000000000002 0.12975999999999999 0.015017000000000001 0 0 1
188 uniform 4 15 0.35611199999999998 4.0552843034989596 1 45 0.187857 0.0099799999999999993 0.14051099999999997 0.0022439999999999999 0.00065300000000000004 0.0023340000000000001 0.0092790000000000008 0.051041000000000003 0.021028999999999999 0 0.026061000000000001 0.00076800000000000002 0.00059099999999999995 0.001078 0.0030270000000000006 0.11809299999999999 0.015469000000000004 0 0 2
188 uniform 4 23 0.35162300000000002 3.9935750684556841 1 45 0.18601200000000001 0.0097389999999999994 0.13831599999999994 0.0022070000000000002 0.00059400000000000002 0.0022850000000000001 0.0089420000000000003 0.051185000000000001 0.020825 0 0.025135999999999999 0.00083699999999999996 0.00059999999999999995 0.001003 0.0030279999999999999 0.11610599999999999 0.015201000000000003 0 0 3
189 linear 3 0 0.51056000000000001 12.240318143151695 1 105 0.290854 0.016178000000000001 0.16131099999999998 0.0075630000000000003 0.0016800000000000001 0.0027239999999999999 0.010546 0.13588700000000001 0.021049999999999999 0 0.025971000000000001 0.00084199999999999998 0.00096499999999999993 0.00077499999999999997 0.0036530000000000004 0.081966999999999998 0.036900999999999975 0.016064000000000002 0 0
189 linear 3 7 0.54743200000000003 12.665880750448665 1 105 0.189528 0.015432 0.30109400000000014 0.0068439999999999994 0.0015480000000000001 0.0025579999999999999 0.01057 0.030189000000000001 0.020910000000000002 0 0.028910000000000002 0.00083199999999999995 0.001005 0.00067000000000000002 0.0038510000000000003 0.22308100000000003 0.035782000000000015 0.016036999999999999 0 1
189 linear 3 15 0.58147899999999997 13.244952537320247 1 105 0.18764900000000001 0.015478 0.3372619999999999 0.0067549999999999997 0.0014350000000000001 0.0025219999999999999 0.010038999999999999 0.037724000000000001 0.020725 0 0.025704000000000001 0.00082399999999999997 0.0010040000000000001 0.00072000000000000005 0.0035019999999999999 0.25805199999999978 0.036871999999999974 0.016021999999999998 0 2
189 linear 3 23 0.58432200000000001 13.972873610147303 1 113 0.17752899999999999 0.014824 0.34734400000000004 0.007144000000000001 0.0014739999999999998 0.002271 0.0095440000000000004 0.029454999999999999 0.020486999999999998 0 0.025866 0.00075900000000000002 0.00095100000000000002 0.00072000000000000005 0.0034580000000000001 0.25401999999999991 0.043566000000000077 0.019314000000000015 0 3
189 linear 4 0 0.46283200000000002 4.8836734072962802 1 106 0.26872800000000002 0.015084999999999999 0.13398300000000005 0.012109 0.0017329999999999999 0.0027309999999999999 0.011131 0.105028 0.024650999999999999 0 0.027744999999999999 0.00078600000000000002 0.0009990000000000001 0.00070299999999999996 0.0038779999999999999 0.064223000000000002 0.033083999999999995 0.012898999999999996 0 0
189 linear 4 7 0.49307600000000001 4.9064585237710432 1 106 0.19110199999999999 0.014799 0.24737900000000004 0.0063929999999999994 0.0016749999999999998 0.0026589999999999999 0.011559 0.032603 0.024389999999999998 0 0.025971999999999999 0.00077200000000000001 0.00098999999999999999 0.00070699999999999995 0.0039550000000000002 0.1783759999999999 0.032516000000000003 0.012876000000000004 0 1
189 linear 4 15 0.49548599999999998 4.9332560082215924 1 106 0.189139 0.013382 0.255019 0.0059460000000000008 0.0015380000000000001 0.0025999999999999999 0.011476999999999999 0.027847 0.024521000000000001 0 0.026558999999999999 0.00079600000000000005 0.00095899999999999989 0.00069200000000000002 0.0035229999999999997 0.18634399999999995 0.033037999999999998 0.012659000000000002 0 2
189 linear 4 23 0.47121000000000002 4.9608962345768273 1 106 0.17583599999999999 0.013220000000000001 0.244392 0.0057269999999999995 0.0014800000000000002 0.0023900000000000002 0.0094219999999999998 0.025572999999999999 0.020846 0 0.026325999999999999 0.00080000000000000004 0.0009810000000000001 0.00073300000000000004 0.0034210000000000004 0.17729799999999998 0.031610000000000006 0.012581 0 3
189 uniform 3 0 0.46495799999999998 12.272800165774379 1 89 0.28900300000000001 0.015899 0.12549199999999994 0.005216000000000001 0.0014310000000000002 0.0024759999999999999 0.010744999999999999 0.135934 0.020889000000000001 0 0.025862 0.00073499999999999998 0.00097800000000000014 0.00065600000000000001 0.0035619999999999996 0.078069000000000027 0.032452000000000002 0 0 0
189 uniform 3 7 0.47223900000000002 12.707100133582463 1 89 0.17909700000000001 0.015197 0.24371299999999996 0.0049199999999999999 0.0014059999999999999 0.002395 0.0098860000000000007 0.029939 0.020723999999999999 0 0.025878999999999999 0.00081599999999999999 0.0009850000000000002 0.00071100000000000004 0.0035970000000000004 0.19713 0.031710999999999996 0 0 1
189 uniform 3 15 0.51174200000000003 13.301457189578892 1 89 0.188587 0.015538 0.27299899999999999 0.0051329999999999987 0.0012210000000000001 0.0023670000000000002 0.0099659999999999992 0.037822000000000001 0.020511999999999999 0 0.025669000000000001 0.000754 0.00098399999999999985 0.00070600000000000003 0.0035690000000000001 0.22557699999999994 0.032382999999999995 0 0 2
189 uniform 3 23 0.47864099999999998 14.056026046737268 1 89 0.17729900000000001 0.015086 0.25248500000000001 0.0046600000000000001 0.0011789999999999999 0.002264 0.0095750000000000002 0.029436 0.020451 0 0.025562999999999999 0.00077399999999999995 0.00096199999999999996 0.00070200000000000004 0.0034629999999999999 0.20442499999999997 0.032825000000000007 0 0 3
189 uniform 4 0 0.39632600000000001 4.8879818719283232 1 90 0.25822299999999998 0.013795999999999999 0.093155999999999975 0.0045799999999999999 0.001436 0.0024199999999999998 0.010388 0.10288 0.021250999999999999 0 0.026544999999999999 0.00076999999999999996 0.00099799999999999997 0.00064800000000000003 0.0035220000000000004 0.052753999999999988 0.026937000000000003 0 0 0
189 uniform 4 7 0.40768199999999999 4.9110320451254248 1 90 0.181449 0.013468000000000001 0.18157600000000002 0.0044080000000000005 0.001173 0.0024499999999999999 0.010087 0.030724000000000001 0.022686000000000001 0 0.025538000000000002 0.00080099999999999995 0.00098399999999999985 0.00071199999999999996 0.0034870000000000001 0.14130800000000007 0.026811000000000015 0 0 1
189 uniform 4 15 0.40576099999999998 4.9381586899812753 1 90 0.17680299999999999 0.013396999999999999 0.18499800000000005 0.0042209999999999991 0.0011609999999999999 0.002264 0.00941 0.025950000000000001 0.022773999999999999 0 0.025505 0.00076900000000000004 0.00095100000000000002 0.00060899999999999995 0.003424 0.14385999999999996 0.027728000000000006 0 0 2
189 uniform 4 23 0.39200000000000002 4.9661598127046132 1 82 0.18417700000000001 0.013497 0.16543500000000005 0.0040169999999999997 0.0010709999999999999 0.0022560000000000002 0.0092739999999999993 0.025085 0.023428999999999998 0 0.025530000000000001 0.00078899999999999999 0.001418 0.00069499999999999998 0.0035580000000000008 0.12867800000000001 0.024422999999999993 0 0 3
190 linear 3 0 0.45810699999999999 10.680882953081159 1 91 0.29302400000000001 0.014468999999999999 0.11410600000000003 0.0059589999999999999 0.001359 0.0026150000000000001 0.010961 0.13511600000000001 0.023372 0 0.026610000000000002 0.00078200000000000003 0.0010120000000000001 0.00072300000000000001 0.0035730000000000002 0.055455999999999971 0.027460000000000002 0.010828000000000003 0 0
190 linear 3 7 0.46860299999999999 11.070305018836272 1 91 0.19286 0.014225 0.22537600000000005 0.0057089999999999997 0.001292 0.0024550000000000002 0.010215999999999999 0.034853000000000002 0.023125 0 0.027896000000000001 0.000843 0.00096200000000000007 0.00069499999999999998 0.0034559999999999999 0.16748399999999999 0.026933999999999989 0.010816000000000003 0 1
190 linear 3 15 0.53761899999999996 11.59925971091497 1 107 0.19422500000000001 0.014683 0.28607799999999989 0.0069269999999999991 0.001364 0.0023040000000000001 0.0098560000000000002 0.045109000000000003 0.022478999999999999 0 0.025767999999999999 0.00071100000000000004 0.00096199999999999996 0.00064099999999999997 0.0033759999999999997 0.21759500000000007 0.03200699999999998 0.012719999999999993 0 2
190 linear 3 23 0.536497 12.260241313172676 1 107 0.190411 0.014865 0.28857699999999997 0.0070779999999999992 0.0014109999999999999 0.0020950000000000001 0.0094470000000000005 0.043776000000000002 0.022214999999999999 0 0.0253 0.00068300000000000001 0.00097999999999999997 0.00063599999999999996 0.0033639999999999994 0.21929799999999991 0.03243299999999999 0.012706000000000002 0 3
190 linear 4 0 0.51866199999999996 9.1928318361216359 1 98 0.34239900000000001 0.014272 0.125331 0.0060429999999999998 0.001444 0.0026410000000000001 0.010573000000000001 0.17733499999999999 0.022765000000000001 0 0.026737 0.00070200000000000004 0.001034 0.00079699999999999997 0.0038070000000000009 0.061446999999999988 0.030876999999999981 0.011689000000000001 0 0
190 linear 4 7 0.41586400000000001 9.0006206564624982 1 98 0.21313299999999999 0.013745 0.15326800000000004 0.0056799999999999993 0.0012929999999999999 0.0025490000000000001 0.010023000000000001 0.051423000000000003 0.021047 0 0.026499000000000002 0.00072000000000000005 0.001041 0.00071000000000000002 0.003663 0.091023000000000021 0.029498999999999994 0.011647000000000001 0 1
190 linear 4 15 0.39811600000000003 8.7985334711976897 1 98 0.20277000000000001 0.013386 0.14683500000000005 0.0052939999999999992 0.001353 0.0023839999999999998 0.0096799999999999994 0.051089000000000002 0.020632000000000001 0 0.026332000000000001 0.00074200000000000004 0.0010020000000000001 0.00061600000000000001 0.0035519999999999996 0.084385999999999975 0.029705000000000013 0.011666000000000004 0 2
190 linear 4 23 0.40531099999999998 8.612478862879108 1 98 0.201762 0.013325 0.15493599999999999 0.0054330000000000003 0.0013259999999999999 0.0023449999999999999 0.0093749999999999997 0.051337000000000001 0.020702000000000002 0 0.025547 0.00072199999999999999 0.0010189999999999999 0.00059000000000000003 0.0035319999999999991 0.094355000000000036 0.027768000000000001 0.011656999999999997 0 3
190 uniform 3 0 0.415578 10.707860269888974 1 75 0.29130699999999998 0.014763 0.080554999999999988 0.0040890000000000006 0.0011740000000000001 0.0025950000000000001 0.010233000000000001 0.13497200000000001 0.021080000000000002 0 0.026616999999999998 0.00078399999999999997 0.00098600000000000011 0.00070299999999999996 0.0037370000000000003 0.046903000000000007 0.022302000000000002 0 0 0
190 uniform 3 7 0.39486500000000002 11.104524572292064 1 75 0.18590999999999999 0.014343 0.16556899999999999 0.0039779999999999998 0.0011839999999999999 0.00231 0.0098139999999999998 0.034646999999999997 0.020598000000000002 0 0.026134000000000001 0.00079799999999999999 0.00099200000000000004 0.00071599999999999995 0.0034419999999999997 0.13223800000000005 0.021819999999999992 0 0 1
190 uniform 3 15 0.424763 11.646043448636453 1 75 0.196247 0.01494 0.18479799999999999 0.0038809999999999999 0.0010209999999999998 0.0024949999999999998 0.010378 0.045074999999999997 0.020583000000000001 0 0.027611 0.00072199999999999999 0.00097799999999999992 0.00066799999999999997 0.0033620000000000004 0.15158600000000003 0.021957000000000011 0 0 2
190 uniform 3 23 0.40146799999999999 12.32853928864863 1 75 0.19028500000000001 0.014749 0.16811900000000005 0.0038009999999999997 0.00098600000000000011 0.0022929999999999999 0.0097199999999999995 0.044066000000000001 0.020434000000000001 0 0.025641000000000001 0.00070500000000000001 0.00099099999999999991 0.00062600000000000004 0.00332 0.13461500000000004 0.022304999999999998 0 0 3
190 uniform 4 0 0.47286400000000001 9.216501725288758 1 82 0.33988200000000002 0.013932 0.09006500000000002 0.0041939999999999998 0.0011409999999999999 0.0026059999999999998 0.010101000000000001 0.178152 0.021189 0 0.026547999999999999 0.00067299999999999999 0.0010530000000000001 0.00067599999999999995 0.0037910000000000001 0.051629000000000029 0.026078000000000021 0 0 0
190 uniform 4 7 0.362292 9.0211777892430547 1 82 0.20566499999999999 0.013665999999999999 0.114203 0.0039360000000000003 0.0010940000000000001 0.002666 0.0097479999999999997 0.051448000000000001 0.020902 0 0.025767999999999999 0.00071100000000000004 0.0010200000000000001 0.00065399999999999996 0.0037089999999999992 0.076794000000000001 0.025100000000000008 0 0 1
190 uniform 4 15 0.35227700000000001 8.8162158885222084 1 82 0.20336899999999999 0.013596 0.10580800000000003 0.004091 0.0012409999999999999 0.0022880000000000001 0.0095569999999999995 0.051159000000000003 0.020573000000000001 0 0.02606 0.00076099999999999996 0.0010089999999999999 0.00060899999999999995 0.0035469999999999998 0.068760000000000002 0.024734000000000006 0 0 2
190 uniform 4 23 0.36783900000000003 8.6278351487253673 1 82 0.21129600000000001 0.014468 0.11245299999999998 0.0041229999999999999 0.001121 0.0024780000000000002 0.010121 0.053872999999999997 0.024102999999999999 0 0.026414 0.00072400000000000003 0.0010070000000000001 0.00069200000000000002 0.0038150000000000002 0.07586900000000002 0.023903000000000021 0 0 3
191 linear 3 0 0.56104299999999996 33.528632517187084 1 59 0.43774099999999999 0.011072 0.091281999999999974 0.0036159999999999994 0.0010009999999999999 0.0030079999999999998 0.012743000000000001 0.197551 0.10858 0 0.027213000000000001 0.00080599999999999997 0.002137 0.001266 0.0037510000000000004 0.046489000000000003 0.021951999999999992 0.0082269999999999982 0 0
191 linear 3 7 0.32443100000000002 32.403133247676244 1 52 0.18045900000000001 0.0098519999999999996 0.11557199999999999 0.003065 0.00084800000000000001 0.0028730000000000001 0.012305 0.023977999999999999 0.024729000000000001 0 0.029984 0.00088199999999999997 0.0019459999999999998 0.001333 0.0035250000000000004 0.080770000000000036 0.016573000000000004 0.0063279999999999977 0 1
191 linear 3 15 0.30246899999999999 31.110233390380991 1 52 0.17676700000000001 0.0093369999999999998 0.098551000000000027 0.0029260000000000002 0.000825 0.002699 0.010872 0.027296000000000001 0.024146999999999998 0 0.029062000000000001 0.00077300000000000003 0.0019269999999999999 0.001214 0.0031600000000000005 0.064634999999999984 0.01595499999999999 0.0063540000000000029 0 2
191 linear 3 23 0.29418100000000003 29.833157687040458 1 52 0.16530900000000001 0.0091050000000000002 0.10150700000000001 0.0029720000000000002 0.00078899999999999999 0.0025339999999999998 0.010255 0.021408 0.021149000000000001 0 0.027094 0.00083000000000000001 0.0018489999999999999 0.0011670000000000001 0.0032290000000000001 0.067011999999999988 0.016208 0.0065100000000000028 0 3
191 linear 4 0 0.53499799999999997 28.609482894489663 1 59 0.428174 0.0096939999999999995 0.078137999999999985 0.0031019999999999997 0.00088599999999999996 0.002673 0.011061 0.199824 0.103602 0 0.027387999999999999 0.00092900000000000003 0.0018680000000000001 0.001224 0.0030709999999999999 0.038948999999999991 0.019178999999999998 0.007010999999999999 0 0
191 linear 4 7 0.29119899999999999 27.817631989147792 1 52 0.164523 0.0089689999999999995 0.10019600000000001 0.0026680000000000002 0.00075600000000000005 0.0025149999999999999 0.010189 0.021465000000000001 0.021003000000000001 0 0.027241000000000001 0.00081899999999999996 0.001933 0.0012359999999999999 0.0030600000000000002 0.066735000000000003 0.015876999999999995 0.0061940000000000025 0 1
191 linear 4 15 0.29570299999999999 26.90044913693135 1 52 0.16195599999999999 0.0086840000000000007 0.10734600000000002 0.0029170000000000003 0.00068400000000000004 0.0024120000000000001 0.0099860000000000001 0.019689999999999999 0.020943 0 0.027331000000000001 0.00078799999999999996 0.0018220000000000001 0.0010480000000000001 0.0029559999999999994 0.072016000000000011 0.015559 0.0061980000000000021 0 2
191 linear 4 23 0.288802 25.983860160998073 1 52 0.161495 0.0084489999999999999 0.10189299999999998 0.0024910000000000002 0.00064000000000000005 0.0023960000000000001 0.0099850000000000008 0.021321 0.020573000000000001 0 0.026477000000000001 0.00069300000000000004 0.0018340000000000001 0.0011280000000000001 0.0030900000000000003 0.068815000000000015 0.015513999999999988 0.0061619999999999999 0 3
191 uniform 3 0 0.52817099999999995 33.632526038580146 1 59 0.42228900000000003 0.0092160000000000002 0.075926000000000007 0.0033390000000000004 0.00094300000000000004 0.0024299999999999999 0.010307 0.196294 0.10315100000000001 0 0.026748000000000001 0.00081099999999999998 0.0018270000000000001 0.0012049999999999999 0.0030960000000000002 0.045277999999999992 0.021293999999999993 0 0 0
191 uniform 3 7 0.29982999999999999 32.496627790768592 1 52 0.17049 0.009221 0.10243600000000003 0.0026259999999999999 0.00077999999999999999 0.0026450000000000002 0.010546 0.022518 0.020920000000000001 0 0.027882000000000001 0.00077700000000000002 0.001843 0.0010809999999999999 0.0030260000000000005 0.078525000000000011 0.016103999999999993 0 0 1
191 uniform 3 15 0.28086800000000001 31.192802214587985 1 52 0.16641400000000001 0.0091850000000000005 0.087931999999999996 0.0023969999999999998 0.00079500000000000003 0.0025230000000000001 0.0097619999999999998 0.025430999999999999 0.020877 0 0.027285 0.00076400000000000003 0.0017819999999999999 0.001049 0.0029859999999999999 0.064497000000000013 0.015708999999999997 0 0 2
191 uniform 3 23 0.301263 29.905944523251559 1 60 0.162219 0.0087840000000000001 0.10804699999999998 0.0035530000000000006 0.00075599999999999994 0.0023869999999999998 0.0097850000000000003 0.021115999999999999 0.022734999999999998 0 0.026868 0.00068999999999999997 0.0017620000000000001 0.0010859999999999999 0.0030099999999999997 0.081322999999999979 0.017742999999999998 0 0 3
191 uniform 4 0 0.51935900000000002 28.672274516101826 1 59 0.425016 0.0095600000000000008 0.066507000000000011 0.0026179999999999997 0.00086000000000000009 0.0025839999999999999 0.010090999999999999 0.19997500000000001 0.10459599999999999 0 0.026322000000000002 0.000745 0.001843 0.0011720000000000001 0.0030200000000000001 0.038509000000000002 0.019127000000000002 0 0 0
191 uniform 4 7 0.28239599999999998 27.875262762129182 1 52 0.16517999999999999 0.0089259999999999999 0.090657000000000029 0.0025500000000000002 0.00076899999999999994 0.0024810000000000001 0.0097680000000000006 0.021229000000000001 0.022197000000000001 0 0.026563 0.00072900000000000005 0.0019509999999999998 0.0010920000000000001 0.0030729999999999998 0.066791000000000003 0.015990999999999991 0 0 1
191 uniform 4 15 0.28626600000000002 26.952493100583059 1 52 0.16505700000000001 0.0089079999999999993 0.09527999999999999 0.0023210000000000001 0.00071100000000000004 0.0026029999999999998 0.010297000000000001 0.019945999999999998 0.022578000000000001 0 0.027774 0.00065700000000000003 0.0018649999999999999 0.0010369999999999999 0.0030269999999999997 0.07174599999999999 0.015616000000000003 0 0 2
191 uniform 4 23 0.26203100000000001 26.030724323087476 1 44 0.166189 0.0084489999999999999 0.072620999999999977 0.0018700000000000001 0.00053699999999999993 0.0024740000000000001 0.0098980000000000005 0.021269 0.022245999999999998 0 0.030620999999999999 0.00075699999999999997 0.001836 0.0010549999999999999 0.0029610000000000005 0.052610999999999998 0.013292999999999999 0 0 3
192 linear 3 0 0.42290499999999998 21.522216915165707 1 52 0.32857199999999998 0.0091739999999999999 0.067776000000000003 0.0027870000000000004 0.00084100000000000006 0.0024260000000000002 0.0099839999999999998 0.18438499999999999 0.023505000000000002 0 0.027189000000000001 0.00084099999999999995 0.0019129999999999998 0.001078 0.0029729999999999999 0.033645000000000008 0.016274 0.0061640000000000028 0 0
192 linear 3 7 0.29744599999999999 20.953298087838142 1 52 0.16189000000000001 0.0086969999999999999 0.10955100000000001 0.0025119999999999999 0.00075500000000000003 0.0023159999999999999 0.0097579999999999993 0.021078 0.022853999999999999 0 0.026911000000000001 0.00078799999999999996 0.0018939999999999999 0.001126 0.0029169999999999999 0.076541999999999985 0.015138999999999993 0.0061720000000000021 0 1
192 linear 3 15 0.33912900000000001 20.299623867533317 1 68 0.160417 0.0081060000000000004 0.14543900000000001 0.0043140000000000001 0.00088400000000000013 0.0023249999999999998 0.0096150000000000003 0.018054000000000001 0.023848999999999999 0 0.026613000000000001 0.00078799999999999996 0.0019130000000000002 0.00098299999999999993 0.0029680000000000002 0.10283500000000001 0.019409000000000006 0.0080680000000000005 0 2
192 linear 3 23 0.29885499999999998 19.649786660475531 1 60 0.163767 0.0087930000000000005 0.10366000000000002 0.0041869999999999997 0.00079799999999999999 0.0023050000000000002 0.0094889999999999992 0.021357000000000001 0.023248999999999999 0 0.02639 0.00082600000000000002 0.0020670000000000003 0.0010380000000000001 0.0030359999999999996 0.065943000000000002 0.017356000000000007 0.0071100000000000017 0 3
192 linear 4 0 0.42987399999999998 21.08305664617323 1 52 0.33413900000000002 0.0088100000000000001 0.065041000000000002 0.003068 0.00077800000000000005 0.0024559999999999998 0.010416 0.18811700000000001 0.024278999999999998 0 0.027126000000000001 0.00080000000000000004 0.0018960000000000001 0.0011000000000000001 0.0030810000000000004 0.032183000000000003 0.015242999999999996 0.0061800000000000006 0 0
192 linear 4 7 0.29774600000000001 20.577053033667969 1 52 0.16592499999999999 0.0087860000000000004 0.105347 0.002751 0.00073499999999999998 0.0024020000000000001 0.010078999999999999 0.021589000000000001 0.02383 0 0.027049 0.00082899999999999998 0.0018709999999999998 0.0010349999999999999 0.0029820000000000003 0.07193999999999999 0.015826999999999994 0.0061790000000000013 0 1
192 linear 4 15 0.29389999999999999 19.987832109795015 1 52 0.16100600000000001 0.0087060000000000002 0.10691600000000002 0.0027629999999999998 0.00069200000000000002 0.0023029999999999999 0.0099450000000000007 0.021332 0.020711 0 0.026544000000000002 0.00077200000000000001 0.0018779999999999999 0.001122 0.0029550000000000002 0.074147000000000005 0.015240999999999999 0.0061800000000000006 0 2
192 linear 4 23 0.28457100000000002 19.394632255834377 1 52 0.15989300000000001 0.0083610000000000004 0.099186000000000024 0.00264 0.00066400000000000009 0.0021879999999999998 0.0097389999999999994 0.021139000000000002 0.021065 0 0.026683999999999999 0.00064999999999999997 0.0017880000000000001 0.00094499999999999998 0.0028970000000000003 0.066863000000000006 0.014736999999999997 0.0061830000000000019 0 3
192 uniform 3 0 0.40879599999999999 21.562781524267116 1 52 0.325048 0.0090880000000000006 0.057659000000000002 0.0026129999999999999 0.000861 0.0021740000000000002 0.0096150000000000003 0.18675 0.020879999999999999 0 0.026877000000000002 0.000794 0.0019659999999999999 0.00099299999999999996 0.0029849999999999998 0.033693999999999995 0.016019000000000002 0 0 0
192 uniform 3 7 0.283808 20.99075571598356 1 52 0.15872700000000001 0.0087209999999999996 0.099420000000000008 0.002323 0.00075200000000000006 0.0021619999999999999 0.0096780000000000008 0.020964 0.020965999999999999 0 0.026603999999999999 0.00065300000000000004 0.001874 0.00094200000000000002 0.0029040000000000003 0.076574000000000003 0.015078999999999997 0 0 1
192 uniform 3 15 0.28150599999999998 20.333752381105736 1 52 0.15488299999999999 0.0080479999999999996 0.10190899999999999 0.0022160000000000001 0.00072300000000000012 0.0021329999999999999 0.0094940000000000007 0.018287999999999999 0.020618000000000001 0 0.026481000000000001 0.00067400000000000001 0.0019239999999999999 0.00095100000000000002 0.0028990000000000001 0.078882000000000008 0.015231999999999994 0 0 2
192 uniform 3 23 0.25074800000000003 19.680832678317454 1 44 0.16253200000000001 0.0088030000000000001 0.064375000000000002 0.0021679999999999998 0.00056999999999999998 0.002166 0.0094739999999999998 0.024129999999999999 0.020576000000000001 0 0.025944999999999999 0.00072400000000000003 0.0020569999999999998 0.00097900000000000005 0.0029710000000000001 0.044372000000000002 0.013371999999999998 0 0 3
192 uniform 4 0 0.41018700000000002 21.120924771847069 1 52 0.32905000000000001 0.0088280000000000008 0.055271999999999995 0.0024559999999999998 0.0007539999999999999 0.00233 0.010149 0.18817 0.020709999999999999 0 0.026598 0.00077099999999999998 0.001915 0.0010460000000000001 0.0030249999999999999 0.032285999999999988 0.015137999999999997 0 0 0
192 uniform 4 7 0.28177200000000002 20.612253863304854 1 52 0.16077900000000001 0.0086390000000000008 0.095273999999999998 0.0022789999999999998 0.000745 0.002369 0.0095899999999999996 0.021323999999999999 0.020757000000000001 0 0.026608 0.00072400000000000003 0.0018780000000000001 0.0010690000000000001 0.0030229999999999992 0.071640999999999996 0.015810999999999995 0 0 1
192 uniform 4 15 0.28267199999999998 20.020119050964126 1 52 0.16022400000000001 0.0086870000000000003 0.096808999999999992 0.0023149999999999998 0.00067200000000000007 0.0022780000000000001 0.0097949999999999999 0.021055000000000001 0.02052 0 0.026123 0.00075100000000000004 0.0018469999999999999 0.001057 0.0029809999999999997 0.073780999999999999 0.015221999999999996 0 0 2
192 uniform 4 23 0.27097500000000002 19.424177911290077 1 52 0.15726100000000001 0.0083840000000000008 0.08861299999999997 0.0021510000000000001 0.00062800000000000009 0.0021350000000000002 0.0096259999999999991 0.020945999999999999 0.020757000000000001 0 0.026110999999999999 0.00067000000000000002 0.001771 0.00096599999999999995 0.002942000000000001 0.066092999999999985 0.014726999999999994 0 0 3
193 linear 3 0 0.43842599999999998 18.096387426391722 1 68 0.31654100000000002 0.0092049999999999996 0.088069999999999996 0.0043889999999999997 0.00096100000000000005 0.0025469999999999998 0.0099769999999999998 0.17269200000000001 0.021884000000000001 0 0.026061999999999998 0.00080500000000000005 0.0018489999999999999 0.001152 0.0030369999999999998 0.044255000000000003 0.020659999999999998 0.0080879999999999997 0 0
193 linear 3 7 0.35727500000000001 17.838944956226847 1 68 0.16785900000000001 0.0091859999999999997 0.15567600000000001 0.0041850000000000004 0.00089100000000000008 0.0027070000000000002 0.010331 0.023882 0.021704999999999999 0 0.027234999999999999 0.00089899999999999995 0.001944 0.0011329999999999999 0.0030710000000000008 0.11178799999999997 0.020580999999999988 0.0080890000000000007 0 1
193 linear 3 15 0.46534999999999999 17.529861865817832 1 68 0.29126999999999997 0.0099559999999999996 0.138989 0.0040679999999999996 0.00084599999999999996 0.0024039999999999999 0.0097579999999999993 0.020944999999999998 0.021218999999999998 0 0.026782 0.00091500000000000001 0.13063 0.0009990000000000001 0.0033660000000000001 0.094533999999999979 0.020695000000000005 0.0083049999999999964 0 2
193 linear 3 23 0.35308499999999998 17.20735087162014 1 68 0.16800699999999999 0.010093 0.15038199999999999 0.0037159999999999997 0.00076400000000000003 0.0023800000000000002 0.010928999999999999 0.022556 0.024691999999999999 0 0.026927 0.00082899999999999998 0.0020230000000000001 0.00094300000000000004 0.0033249999999999998 0.10523099999999998 0.021434000000000005 0.0083369999999999955 0 3
193 linear 4 0 0.431755 16.574902269123829 1 68 0.31662699999999999 0.0084950000000000008 0.082222000000000031 0.0038420000000000004 0.00096299999999999999 0.00248 0.011134 0.168656 0.024048 0 0.027793000000000002 0.00081700000000000002 0.001851 0.0010549999999999999 0.0032679999999999992 0.038306 0.020318000000000003 0.0082759999999999952 0 0
193 linear 4 7 0.32613199999999998 16.263316950849557 1 68 0.16624 0.0090200000000000002 0.12657499999999999 0.0037529999999999998 0.00086200000000000003 0.0024719999999999998 0.0099690000000000004 0.019897999999999999 0.024102999999999999 0 0.027983999999999998 0.00079299999999999998 0.0017959999999999999 0.0010070000000000001 0.0033350000000000003 0.082040999999999989 0.020928999999999993 0.0082839999999999945 0 1
193 linear 4 15 0.30085000000000001 15.90601282458004 1 60 0.15989600000000001 0.0084480000000000006 0.11089400000000008 0.0032960000000000003 0.00075000000000000002 0.0024130000000000002 0.010456999999999999 0.017582 0.024178000000000002 0 0.026195 0.00075900000000000002 0.001823 0.0010920000000000001 0.0029689999999999994 0.07387500000000001 0.016803999999999996 0.0071260000000000004 0 2
193 linear 4 23 0.31142999999999998 15.549527051915286 1 60 0.158579 0.0086540000000000002 0.12176699999999997 0.003673 0.00075700000000000008 0.0022109999999999999 0.0092779999999999998 0.018960999999999999 0.021214 0 0.026093000000000002 0.00077700000000000002 0.0018879999999999999 0.001085 0.0030040000000000002 0.084203999999999987 0.017196000000000003 0.0071160000000000034 0 3
193 uniform 3 0 0.40226600000000001 18.117816401599267 1 52 0.314668 0.0093589999999999993 0.059962999999999995 0.0026460000000000003 0.000852 0.002447 0.0098480000000000009 0.17247499999999999 0.021850000000000001 0 0.026587 0.00078899999999999999 0.0018930000000000002 0.0010280000000000001 0.0029719999999999998 0.034748999999999995 0.017383999999999997 0 0 0
193 uniform 3 7 0.286914 17.859177196300525 1 52 0.16147400000000001 0.0091070000000000005 0.098400000000000029 0.0024489999999999998 0.00075200000000000006 0.0024030000000000002 0.0092840000000000006 0.022016999999999998 0.021482000000000001 0 0.026103999999999999 0.00078200000000000003 0.0019940000000000001 0.0010460000000000001 0.0030019999999999999 0.073394000000000001 0.017212999999999999 0 0 1
193 uniform 3 15 0.40335700000000002 17.548927643452259 1 52 0.28599000000000002 0.0087069999999999995 0.091835000000000042 0.0023369999999999997 0.00072799999999999991 0.00232 0.0091990000000000006 0.02052 0.021004999999999999 0 0.025982999999999999 0.00073099999999999999 0.13036999999999999 0.00096000000000000002 0.0030010000000000002 0.068792000000000006 0.01525399999999999 0 0 2
193 uniform 3 23 0.28200399999999998 17.225357273750422 1 52 0.15787300000000001 0.0090109999999999999 0.098371 0.0022449999999999996 0.00068199999999999999 0.0022929999999999999 0.0093539999999999995 0.020968000000000001 0.020652 0 0.026283000000000001 0.00072400000000000003 0.00199 0.00089700000000000001 0.0029450000000000001 0.075791999999999998 0.014789 0 0 3
193 uniform 4 0 0.38253199999999998 16.59116062819723 1 52 0.30451 0.0081919999999999996 0.053215999999999979 0.0021719999999999999 0.00075000000000000002 0.0023319999999999999 0.0094509999999999993 0.166549 0.021162 0 0.026043 0.00069899999999999997 0.0019459999999999998 0.001065 0.0029150000000000001 0.029439 0.015983000000000001 0 0 0
193 uniform 4 7 0.266623 16.278760289489121 1 52 0.15587999999999999 0.0088739999999999999 0.085050000000000001 0.0022290000000000001 0.00070099999999999991 0.002346 0.0094619999999999999 0.019325999999999999 0.020739 0 0.026020000000000001 0.00072099999999999996 0.0018600000000000001 0.0010889999999999999 0.0029449999999999997 0.060936999999999991 0.016266999999999997 0 0 1
193 uniform 4 15 0.28762300000000002 15.920568988231153 1 60 0.15764900000000001 0.0085979999999999997 0.099927000000000002 0.0032429999999999998 0.00068599999999999998 0.0024160000000000002 0.009946 0.017937999999999999 0.022439000000000001 0 0.026468999999999999 0.00077200000000000001 0.0018010000000000001 0.00099400000000000009 0.002977 0.074019000000000001 0.016872999999999996 0 0 2
193 uniform 4 23 0.26509199999999999 15.563246793167824 1 44 0.162357 0.0084869999999999998 0.079612000000000016 0.0019169999999999999 0.00054100000000000003 0.002362 0.013797 0.019071999999999999 0.022872 0 0.026100999999999999 0.00074700000000000005 0.001769 0.0010250000000000001 0.0029320000000000006 0.059940999999999987 0.013023999999999997 0 0 3
194 linear 3 0 0.71149399999999996 18.388999072267758 1 112 0.46670400000000001 0.015854 0.18653500000000003 0.007358 0.0016719999999999999 0.0028289999999999999 0.011289 0.169264 0.023175000000000001 0 0.026848 0.00080800000000000002 0.13616200000000001 0.000745 0.0038170000000000001 0.085964000000000013 0.051465999999999998 0.018755000000000004 0 0
194 linear 3 7 0.55989299999999997 18.435184201245978 1 104 0.20546900000000001 0.015492000000000001 0.30002200000000007 0.0067320000000000001 0.0013859999999999999 0.0027820000000000002 0.014119 0.039025999999999998 0.022435 0 0.026473 0.000861 0.0042489999999999993 0.00070200000000000004 0.0037980000000000002 0.20415299999999992 0.049475000000000019 0.017778000000000002 0 1
194 linear 3 15 0.67367500000000002 18.490351223843657 1 104 0.30054900000000001 0.015136999999999999 0.31990600000000008 0.0063099999999999996 0.001209 0.002686 0.01042 0.045692000000000003 0.022547000000000001 0 0.026325000000000001 0.00076499999999999995 0.099773000000000001 0.000718 0.0036729999999999996 0.22141600000000006 0.049200000000000001 0.017819999999999999 0 2
194 linear 3 23 0.56173099999999998 18.546572935950273 1 112 0.19980400000000001 0.014855999999999999 0.30616100000000002 0.0065919999999999998 0.0013160000000000001 0.0026029999999999998 0.010047 0.041838 0.02249 0 0.026158000000000001 0.000794 0.0042959999999999995 0.00077499999999999997 0.0035430000000000001 0.20666199999999993 0.050671000000000008 0.01874000000000001 0 3
194 linear 4 0 0.63566699999999998 26.76273619589848 1 97 0.41414400000000001 0.015006 0.16909800000000005 0.0058769999999999994 0.0012970000000000002 0.0026559999999999999 0.010624 0.147921 0.025531000000000002 0 0.026075999999999998 0.000794 0.10771700000000001 0.00067599999999999995 0.0035660000000000006 0.081234999999999988 0.044358999999999947 0.016992000000000004 0 0
194 linear 4 7 0.43982199999999999 26.863145072078289 1 89 0.18184800000000001 0.014897000000000001 0.20855800000000005 0.0053900000000000007 0.0013440000000000001 0.0027910000000000001 0.010593 0.019407000000000001 0.022457000000000001 0 0.026391000000000001 0.00084999999999999995 0.0040470000000000002 0.00066600000000000003 0.00365 0.13688999999999993 0.034626000000000018 0.014136000000000001 0 1
194 linear 4 15 0.44206200000000001 26.93246881533787 1 89 0.18130099999999999 0.014832 0.21200199999999991 0.0052049999999999996 0.0011770000000000001 0.0027490000000000001 0.010244 0.019134000000000002 0.020639000000000001 0 0.02639 0.00083900000000000001 0.0040750000000000005 0.00071900000000000002 0.0034639999999999996 0.14044799999999999 0.034639000000000017 0.014144000000000002 0 2
194 linear 4 23 0.45097300000000001 26.953803099154534 1 96 0.16603499999999999 0.015216 0.23512900000000009 0.0054549999999999998 0.0013830000000000001 0.002418 0.0095069999999999998 0.011620999999999999 0.020334999999999999 0 0.026047000000000001 0.00073899999999999997 0.0039500000000000004 0.00067900000000000002 0.0035479999999999999 0.16067800000000002 0.035114999999999959 0.014996999999999996 0 3
194 uniform 3 0 0.63080099999999995 18.412093043179933 1 88 0.46163199999999999 0.015018999999999999 0.12244300000000002 0.004535 0.001225 0.0027000000000000001 0.010423 0.173128 0.020657999999999999 0 0.026246999999999999 0.00076400000000000003 0.13608299999999998 0.00067599999999999995 0.0035820000000000001 0.06903999999999999 0.038640999999999988 0 0 0
194 uniform 3 7 0.47265699999999999 18.456816023340981 1 88 0.19145899999999999 0.01473 0.23483899999999996 0.0043739999999999994 0.00123 0.0026259999999999999 0.010029 0.038796999999999998 0.020337999999999998 0 0.025749999999999999 0.00081099999999999998 0.0040940000000000004 0.00064499999999999996 0.0034939999999999997 0.18072899999999997 0.039366999999999985 0 0 1
194 uniform 3 15 0.59339399999999998 18.512089803539823 1 88 0.297599 0.014817 0.24855100000000011 0.0046820000000000004 0.0010140000000000001 0.0025079999999999998 0.0097710000000000002 0.047391000000000003 0.020315 0 0.025856000000000001 0.00073200000000000001 0.099867999999999998 0.00067400000000000001 0.0035859999999999993 0.19323699999999999 0.040554999999999994 0 0 2
194 uniform 3 23 0.466777 18.570053160183495 1 96 0.19556799999999999 0.014695 0.22041900000000003 0.0049280000000000001 0.001209 0.0026289999999999998 0.0099710000000000007 0.041834000000000003 0.020535000000000001 0 0.025627 0.00075000000000000002 0.0041609999999999998 0.00075500000000000003 0.0034990000000000004 0.16203400000000004 0.042192999999999981 0 0 3
194 uniform 4 0 0.58162599999999998 26.807137858152803 1 89 0.40759699999999999 0.014800000000000001 0.12533599999999992 0.0047039999999999998 0.0013339999999999999 0.0025579999999999999 0.010017 0.14802499999999999 0.020428000000000002 0 0.026342000000000001 0.000696 0.107784 0.00062 0.0034779999999999993 0.072663999999999979 0.037821999999999995 0 0 0
194 uniform 4 7 0.41136699999999998 26.909038211512652 1 89 0.17219499999999999 0.014567 0.19091900000000003 0.0046540000000000002 0.001356 0.0026220000000000002 0.0097900000000000001 0.019487000000000001 0.020202999999999999 0 0.025884000000000001 0.00079000000000000001 0.0039480000000000001 0.00067000000000000002 0.003388 0.13726099999999999 0.038724999999999975 0 0 1
194 uniform 4 15 0.42857699999999999 26.980087225401942 1 89 0.182057 0.015914000000000001 0.19577699999999992 0.005182 0.001248 0.0026069999999999999 0.011065999999999999 0.020188000000000001 0.023716000000000001 0 0.02606 0.00075699999999999997 0.0041340000000000005 0.00064400000000000004 0.0037629999999999994 0.14472699999999994 0.035765999999999999 0 0 2
194 uniform 4 23 0.44282899999999997 27.003176570195052 1 96 0.17533099999999999 0.015479 0.21740799999999996 0.0047549999999999997 0.0013989999999999999 0.0026099999999999999 0.011564 0.013410999999999999 0.023942000000000001 0 0.026442 0.000718 0.0038470000000000002 0.00064199999999999999 0.003862 0.16515100000000008 0.035957000000000017 0 0 3
195 linear 3 0 0.73901399999999995 36.32931770524938 1 222 0.31964900000000002 0.016129000000000001 0.31321500000000024 0.031980999999999996 0.0021440000000000001 0.0028349999999999998 0.011298000000000001 0.14041600000000001 0.023715 0 0.027740000000000001 0.00078600000000000002 0.012118 0.00062799999999999998 0.0043080000000000011 0.15825900000000009 0.066941999999999932 0.028317000000000009 0 0
195 linear 3 7 0.73660999999999999 38.930307771100026 1 133 0.36872199999999999 0.018512000000000001 0.30071399999999998 0.0081249999999999985 0.0019199999999999996 0.0027529999999999998 0.011025 0.021474 0.020826999999999998 0 0.027643000000000001 0.00086499999999999999 0.17240300000000003 0.00052700000000000002 0.0045010000000000007 0.182639 0.04724799999999995 0.018626999999999987 0 1
195 linear 3 15 0.700743 42.41278169603342 1 141 0.32500699999999999 0.018388000000000002 0.30808199999999991 0.0081289999999999991 0.002189 0.0026809999999999998 0.010666999999999999 0.017444999999999999 0.020426 0 0.026200000000000001 0.00080099999999999995 0.14099 0.00051599999999999997 0.0044130000000000003 0.18551999999999996 0.047822999999999956 0.020085000000000002 0 2
195 linear 3 23 0.56258600000000003 46.619772185513085 1 141 0.186555 0.018128999999999999 0.30933700000000014 0.0079819999999999995 0.0020270000000000002 0.0025509999999999999 0.010532 0.017343000000000001 0.020428000000000002 0 0.026296 0.000852 0.004235 0.00054000000000000001 0.004228 0.19270499999999988 0.04719199999999997 0.019456999999999995 0 3
195 linear 4 0 0.39831100000000003 9.3871913244610319 1 61 0.29069699999999998 0.0088360000000000001 0.073568000000000022 0.0042599999999999999 0.00093400000000000004 0.0025720000000000001 0.011162999999999999 0.13850599999999999 0.022252000000000001 0 0.026800999999999998 0.00091100000000000003 0.0020239999999999998 0.001289 0.0032560000000000002 0.035147000000000005 0.017828 0.0072309999999999987 0 0
195 linear 4 7 0.32734400000000002 9.4707302785811383 1 61 0.16361200000000001 0.0084939999999999998 0.12919600000000001 0.0045249999999999995 0.00091799999999999998 0.0025479999999999999 0.010729000000000001 0.017353 0.021588 0 0.026398999999999999 0.00088099999999999995 0.0019850000000000002 0.00142 0.003225 0.089824999999999974 0.018575000000000001 0.0072679999999999993 0 1
195 linear 4 15 0.33768900000000002 9.5651237582627999 1 61 0.16147300000000001 0.0082810000000000002 0.14304400000000003 0.0039170000000000003 0.00084200000000000008 0.0028149999999999998 0.010498 0.017243999999999999 0.023324000000000001 0 0.026376 0.00084500000000000005 0.0019299999999999999 0.0011540000000000001 0.003055 0.10376800000000001 0.018458999999999989 0.0072509999999999996 0 2
195 linear 4 23 0.33802199999999999 9.6582853245863589 1 61 0.159775 0.0079839999999999998 0.14556799999999995 0.0038539999999999998 0.00082599999999999991 0.0025869999999999999 0.010194999999999999 0.018332999999999999 0.022596999999999999 0 0.025992999999999999 0.000834 0.0018790000000000002 0.00109 0.0029729999999999995 0.10650400000000002 0.018249999999999999 0.0072560000000000046 0 3
195 uniform 3 0 0.65468300000000001 36.477303510076318 1 222 0.30949399999999999 0.015976000000000001 0.25474699999999983 0.019428999999999998 0.002134 0.0025760000000000002 0.010638 0.135329 0.022582999999999999 0 0.026061999999999998 0.00079500000000000003 0.012135999999999999 0.00072599999999999997 0.0041830000000000001 0.15437099999999998 0.066241999999999857 0 0 0
195 uniform 3 7 0.67909200000000003 39.117707744958004 1 133 0.36312299999999997 0.018260999999999999 0.250029 0.0074579999999999994 0.0018150000000000002 0.0024659999999999999 0.010515 0.021416999999999999 0.022789 0 0.026509000000000001 0.00083100000000000003 0.17241100000000001 0.00056099999999999998 0.004357999999999999 0.18177299999999996 0.047212999999999929 0 0 1
195 uniform 3 15 0.63195500000000004 42.666317978432126 1 133 0.32980100000000001 0.018445 0.23792800000000003 0.007084 0.0014649999999999999 0.0026069999999999999 0.010441000000000001 0.017489000000000001 0.022227 0 0.026492999999999999 0.00079600000000000005 0.14101700000000003 0.00050600000000000005 0.0044949999999999999 0.17135200000000006 0.045503999999999933 0 0 2
195 uniform 3 23 0.494556 46.979302323787927 1 133 0.18918099999999999 0.018131999999999999 0.24179200000000009 0.0066489999999999995 0.0016609999999999999 0.0024740000000000001 0.010418 0.017144 0.022859999999999998 0 0.026466 0.00078899999999999999 0.0043550000000000004 0.00061799999999999995 0.004359 0.17585700000000007 0.044878999999999981 0 0 3
195 uniform 4 0 0.36451099999999997 9.3894874617353334 1 45 0.28835699999999997 0.0087829999999999991 0.049297000000000001 0.0026059999999999998 0.00080400000000000003 0.002578 0.011211 0.138408 0.023973000000000001 0 0.026512999999999998 0.00087600000000000004 0.0020249999999999999 0.001341 0.0031850000000000003 0.029423999999999999 0.013045000000000005 0 0 0
195 uniform 4 7 0.26183099999999998 9.4731319229243827 1 45 0.16183 0.0083739999999999995 0.073726999999999987 0.0022959999999999999 0.00070200000000000004 0.0025360000000000001 0.010832 0.017226000000000002 0.023113000000000002 0 0.026172000000000001 0.000812 0.002032 0.001178 0.0031720000000000003 0.053373000000000011 0.013548000000000006 0 0 1
195 uniform 4 15 0.279945 9.5676605392074983 1 45 0.16226699999999999 0.008293 0.091004999999999989 0.0025310000000000003 0.0006510000000000001 0.0024090000000000001 0.010194 0.017201000000000001 0.022848 0 0.026293 0.00086200000000000003 0.0019610000000000001 0.0011150000000000001 0.0032059999999999996 0.070712999999999998 0.013490000000000004 0 0 2
195 uniform 4 23 0.28093000000000001 9.6609787199454491 1 45 0.15878999999999999 0.0081209999999999997 0.096207999999999988 0.0022880000000000001 0.00060599999999999998 0.0023739999999999998 0.01025 0.018329999999999999 0.021076000000000001 0 0.025974000000000001 0.00082600000000000002 0.0018999999999999998 0.0010070000000000001 0.0030860000000000002 0.076021999999999992 0.013456999999999997 0 0 3
196 linear 3 0 0.36954300000000001 3.2906742383776582 1 53 0.28031699999999998 0.0085389999999999997 0.058671000000000001 0.0038180000000000002 0.00075199999999999996 0.0026710000000000002 0.010997 0.13356399999999999 0.021840999999999999 0 0.026502999999999999 0.00084900000000000004 0.00064900000000000005 0.001224 0.0032429999999999998 0.026682000000000004 0.014357 0.0063200000000000018 0 0
196 linear 3 7 0.26293 3.300771085577713 1 53 0.16364799999999999 0.0084049999999999993 0.069214999999999999 0.0034780000000000002 0.00065500000000000009 0.0026389999999999999 0.010321 0.020979999999999999 0.021384 0 0.026418000000000001 0.00089099999999999997 0.00062 0.0010820000000000001 0.0031019999999999997 0.037124000000000011 0.014765000000000002 0.0063100000000000005 0 1
196 linear 3 15 0.26238699999999998 3.3132629240836207 1 53 0.16041900000000001 0.0081510000000000003 0.072460999999999984 0.0033410000000000002 0.00064799999999999992 0.0025010000000000002 0.0098289999999999992 0.020909000000000001 0.020944000000000001 0 0.026630999999999998 0.00082899999999999998 0.00058399999999999999 0.00098299999999999993 0.003055 0.041008999999999983 0.014134000000000001 0.0063050000000000016 0 2
196 linear 3 23 0.26835999999999999 3.3268572806703158 1 53 0.16450699999999999 0.012271000000000001 0.069631000000000012 0.0036519999999999999 0.00062699999999999995 0.002444 0.0099089999999999994 0.020867 0.020878000000000001 0 0.026831000000000001 0.00075299999999999998 0.00056599999999999999 0.001054 0.0031099999999999995 0.036691999999999995 0.015479999999999992 0.0063010000000000028 0 3
196 linear 4 0 0.37899699999999997 5.7439199786606316 1 61 0.26688299999999998 0.0085319999999999997 0.078740999999999992 0.0039880000000000002 0.00087100000000000003 0.002568 0.010725999999999999 0.11933100000000001 0.021885000000000002 0 0.026612 0.00077700000000000002 0.00059699999999999998 0.001224 0.0032379999999999996 0.039380999999999999 0.018606999999999999 0.0072390000000000024 0 0
196 linear 4 7 0.29391 5.7971452522186722 1 61 0.14980199999999999 0.0082810000000000002 0.111346 0.0037249999999999996 0.00080000000000000015 0.0025899999999999999 0.010201 0.0085210000000000008 0.020825 0 0.026206 0.00091 0.00059800000000000001 0.001212 0.0030829999999999998 0.072338 0.018420999999999996 0.0072610000000000001 0 1
196 linear 4 15 0.299483 5.8584252708944629 1 61 0.14963899999999999 0.0085559999999999994 0.116607 0.0037789999999999998 0.00077200000000000001 0.0023960000000000001 0.0096849999999999992 0.0090900000000000009 0.021302000000000001 0 0.026419000000000002 0.00084199999999999998 0.0014999999999999998 0.0010219999999999999 0.0030219999999999999 0.077805000000000041 0.018094000000000009 0.0072100000000000011 0 2
196 linear 4 23 0.29641899999999999 5.9206197511211753 1 61 0.14810100000000001 0.008116 0.115596 0.0038509999999999998 0.00081900000000000007 0.0023909999999999999 0.0094940000000000007 0.011124 0.020816000000000001 0 0.025763000000000001 0.00077099999999999998 0.0013869999999999998 0.0010269999999999999 0.0029560000000000003 0.076857000000000009 0.018086000000000001 0.0072360000000000037 0 3
196 uniform 3 0 0.33496199999999998 3.2986976479918497 1 37 0.27437899999999998 0.0084550000000000007 0.036372000000000002 0.0022530000000000002 0.00063900000000000003 0.0023830000000000001 0.010252000000000001 0.12803800000000001 0.021145000000000001 0 0.026714999999999999 0.00078799999999999996 0.00060700000000000012 0.0011999999999999999 0.0031640000000000001 0.020461 0.010248 0 0 0
196 uniform 3 7 0.23405200000000001 3.3084134985717983 1 37 0.16076599999999999 0.0083759999999999998 0.043799999999999999 0.0020100000000000001 0.0066150000000000002 0.0023240000000000001 0.0098320000000000005 0.020958000000000001 0.020905 0 0.026269000000000001 0.00083299999999999997 0.00059999999999999995 0.001145 0.0030479999999999995 0.027872000000000008 0.010380000000000002 0 0 1
196 uniform 3 15 0.229292 3.320474730088931 1 37 0.15958 0.0081499999999999993 0.046942999999999999 0.0019470000000000002 0.00050599999999999994 0.0023050000000000002 0.0098320000000000005 0.021016 0.020740999999999999 0 0.026259999999999999 0.00081899999999999996 0.00059800000000000001 0.00099500000000000001 0.0030150000000000003 0.031765000000000002 0.0096320000000000034 0 0 2
196 uniform 3 23 0.222299 3.3336475842206736 1 37 0.15678400000000001 0.0079819999999999995 0.043036000000000005 0.0018650000000000003 0.000473 0.0021740000000000002 0.0093589999999999993 0.020316000000000001 0.020627 0 0.026148999999999999 0.00074799999999999997 0.00059299999999999999 0.00097799999999999992 0.0029760000000000003 0.026994000000000001 0.010486000000000001 0 0 3
196 uniform 4 0 0.34026699999999999 5.7456188594413193 1 45 0.263627 0.0085310000000000004 0.050286999999999984 0.0024310000000000004 0.00070599999999999992 0.002467 0.010423 0.118645 0.021854999999999999 0 0.026329000000000002 0.00074100000000000001 0.000571 0.001207 0.0036689999999999995 0.029755000000000004 0.013677000000000002 0 0 0
196 uniform 4 7 0.258573 5.7989934558944594 1 45 0.159054 0.0085649999999999997 0.072769000000000028 0.002395 0.00067299999999999999 0.00248 0.01141 0.0083540000000000003 0.024244999999999999 0 0.027251999999999998 0.00081400000000000005 0.00061200000000000002 0.0011349999999999999 0.0034070000000000003 0.05200200000000002 0.013774000000000003 0 0 1
196 uniform 4 15 0.25812400000000002 5.8604976218183893 1 45 0.15603600000000001 0.0086499999999999997 0.07527399999999998 0.0023370000000000001 0.00066399999999999999 0.0023969999999999998 0.0098960000000000003 0.0091990000000000006 0.024596 0 0.027363999999999999 0.00078899999999999999 0.0014529999999999999 0.0010300000000000001 0.003395 0.054808999999999997 0.013508000000000003 0 0 2
196 uniform 4 23 0.265486 5.9230097605541774 1 45 0.161298 0.0082609999999999992 0.077799000000000007 0.0023149999999999998 0.00066200000000000005 0.0024090000000000001 0.010012 0.011457 0.024400000000000002 0 0.027597 0.00080099999999999995 0.0013129999999999997 0.001134 0.0032269999999999998 0.057368999999999983 0.013520000000000004 0 0 3
197 linear 3 0 0.58595699999999995 11.947680903937327 1 114 0.36290699999999998 0.0094529999999999996 0.17563700000000004 0.008829 0.0014319999999999999 0.0029320000000000001 0.011672 0.113514 0.025488 0 0.029745000000000001 0.00087699999999999996 0.087073000000000012 0.0011039999999999999 0.003385 0.099475000000000049 0.035031999999999994 0.013881000000000004 0 0
197 linear 3 7 0.53551099999999996 11.410579840349188 1 114 0.27274100000000001 0.009299 0.21650500000000009 0.0084790000000000004 0.0013309999999999997 0.0028240000000000001 0.011087 0.017621999999999999 0.021753000000000002 0 0.028146999999999998 0.000834 0.10691299999999999 0.00096199999999999996 0.0033289999999999999 0.14380799999999999 0.032766999999999998 0.013543999999999999 0 1
197 linear 3 15 0.614537 10.815817561306693 1 82 0.41764400000000002 0.0092409999999999992 0.16203899999999993 0.0048200000000000005 0.000977 0.0026489999999999999 0.010843999999999999 0.017686 0.021284000000000001 0 0.028466000000000002 0.00082600000000000002 0.24909599999999998 0.0010380000000000001 0.0033660000000000001 0.109885 0.023281000000000003 0.0097470000000000005 0 2
197 linear 3 23 0.48461100000000001 10.249604376371712 1 82 0.29911700000000002 0.0088350000000000008 0.15140000000000001 0.0043619999999999996 0.0010679999999999999 0.0027009999999999998 0.011112 0.017285999999999999 0.021114999999999998 0 0.029328 0.00082600000000000002 0.13152800000000001 0.001016 0.0032339999999999999 0.099472999999999992 0.023264000000000007 0.0097620000000000068 0 3
197 linear 4 0 0.42882399999999998 12.924783703908288 1 98 0.25853300000000001 0.015238 0.11767400000000003 0.0064190000000000002 0.001562 0.0029329999999999998 0.012024999999999999 0.095297999999999994 0.021166000000000001 0 0.028305 0.00082899999999999998 0.00099599999999999992 0.00077800000000000005 0.003738 0.057211000000000005 0.027511000000000008 0.011643999999999996 0 0
197 linear 4 7 0.38602999999999998 13.341654089985493 1 98 0.16814799999999999 0.014687 0.16697700000000001 0.0059290000000000002 0.001258 0.0027920000000000002 0.011049 0.010381 0.020722999999999998 0 0.026889 0.00083500000000000002 0.00097000000000000016 0.00067299999999999999 0.0036149999999999993 0.10801799999999999 0.026133999999999998 0.011651 0 1
197 linear 4 15 0.53472500000000001 13.856326595075894 1 114 0.281246 0.014392 0.19814699999999993 0.0072239999999999995 0.001343 0.002758 0.010574 0.020056000000000001 0.0206 0 0.026710999999999999 0.00086899999999999998 0.108364 0.00068000000000000005 0.0034989999999999991 0.1292829999999999 0.030371999999999965 0.013524000000000001 0 2
197 linear 4 23 0.44586999999999999 14.420629629611682 1 113 0.164296 0.014949 0.22211799999999993 0.0070850000000000002 0.0017329999999999999 0.0025839999999999999 0.010265 0.011145 0.021926999999999999 0 0.026342000000000001 0.00076000000000000004 0.0017409999999999999 0.00059000000000000003 0.0036659999999999996 0.1429220000000001 0.035925999999999958 0.015996000000000003 0 3
197 uniform 3 0 0.546153 11.990885320777759 1 114 0.35412100000000002 0.0090489999999999998 0.14734599999999992 0.0076559999999999996 0.0012889999999999998 0.0027980000000000001 0.011204 0.11203 0.023598000000000001 0 0.029204999999999998 0.00084400000000000002 0.087044999999999983 0.0010300000000000001 0.0032470000000000003 0.096335000000000018 0.03396399999999998 0 0 0
197 uniform 3 7 0.51241999999999999 11.44588802494733 1 114 0.27530700000000002 0.0091199999999999996 0.19270700000000002 0.0070569999999999999 0.0012359999999999999 0.0028679999999999999 0.011303000000000001 0.017469999999999999 0.023719 0 0.028634 0.00082399999999999997 0.106694 0.001023 0.003209 0.142929 0.032708999999999953 0 0 1
197 uniform 3 15 0.64454999999999996 10.843712674547382 1 114 0.41457100000000002 0.0089750000000000003 0.18628000000000003 0.0066670000000000002 0.0010640000000000001 0.0027299999999999998 0.010968 0.017329000000000001 0.023140000000000001 0 0.028133999999999999 0.00078700000000000005 0.24856000000000003 0.00094700000000000003 0.0031969999999999998 0.13777499999999998 0.031454999999999997 0 0 2
197 uniform 3 23 0.46606399999999998 10.2732259314164 1 82 0.29858499999999999 0.0085880000000000001 0.13420100000000001 0.003653 0.00099299999999999996 0.002568 0.010614 0.017469999999999999 0.023605999999999999 0 0.029166000000000001 0.00075199999999999996 0.13166699999999998 0.00092800000000000001 0.0031090000000000002 0.098688000000000053 0.02322999999999999 0 0 3
197 uniform 4 0 0.38923400000000002 12.950405726182771 1 82 0.25989800000000002 0.014814000000000001 0.085204999999999989 0.0041949999999999999 0.001328 0.0029009999999999999 0.011122999999999999 0.098470000000000002 0.022943000000000002 0 0.027453999999999999 0.00077099999999999998 0.00099399999999999987 0.00074899999999999999 0.003594 0.049627999999999999 0.023323000000000007 0 0 0
197 uniform 4 7 0.33373700000000001 13.371408795667307 1 82 0.16766300000000001 0.014498 0.12279300000000001 0.0039630000000000004 0.0011069999999999999 0.0026129999999999999 0.010534 0.010154 0.022473 0 0.026817000000000001 0.00082600000000000002 0.00096199999999999986 0.000678 0.0035910000000000004 0.088271999999999975 0.022225999999999992 0 0 1
197 uniform 4 15 0.47516900000000001 13.892211838392434 1 98 0.28255400000000003 0.014522 0.14474699999999999 0.0051690000000000009 0.0012540000000000001 0.0026489999999999999 0.010540000000000001 0.019980000000000001 0.022429000000000001 0 0.026574 0.00088800000000000001 0.10422599999999999 0.00061499999999999999 0.0036110000000000009 0.10354900000000002 0.026500999999999969 0 0 2
197 uniform 4 23 0.39687800000000001 14.464923082166438 1 97 0.163324 0.015143 0.18089599999999995 0.0052240000000000003 0.001542 0.002483 0.010245000000000001 0.011200999999999999 0.020369999999999999 0 0.026120999999999998 0.000745 0.0017799999999999999 0.00071199999999999996 0.0036790000000000004 0.13308400000000001 0.032131 0 0 3
198 linear 3 0 0.42277300000000001 6.6166200252152372 1 60 0.31720799999999999 0.0088299999999999993 0.073958999999999983 0.004274 0.00089300000000000002 0.002813 0.01106 0.163935 0.021888000000000001 0 0.027574000000000001 0.00092500000000000004 0.001859 0.0011950000000000001 0.0033769999999999998 0.038428000000000004 0.014908999999999993 0.0071670000000000024 0 0
198 linear 3 7 0.27732099999999998 6.9391764036990455 1 60 0.16451199999999999 0.0084440000000000001 0.082269000000000009 0.0039649999999999998 0.00069000000000000008 0.0026840000000000002 0.010806 0.017842 0.021174999999999999 0 0.026158000000000001 0.00091500000000000001 0.001717 0.001235 0.003209 0.046882000000000007 0.015111000000000005 0.0071300000000000001 0 1
198 linear 3 15 0.27660499999999999 7.3364625815424462 1 60 0.16309699999999999 0.008319 0.083433000000000021 0.0037759999999999998 0.00075999999999999993 0.002637 0.010108000000000001 0.018290000000000001 0.021100000000000001 0 0.027182000000000001 0.00085999999999999998 0.0017880000000000001 0.0010839999999999999 0.0031279999999999993 0.049052999999999986 0.014157999999999997 0.0071040000000000009 0 2
198 linear 3 23 0.25792199999999998 7.7644876478709328 1 52 0.16155 0.0082500000000000004 0.070086000000000009 0.0031749999999999999 0.00071400000000000001 0.0025270000000000002 0.010135999999999999 0.018884000000000001 0.021291999999999998 0 0.026849999999999999 0.00085599999999999999 0.0018109999999999999 0.0010039999999999999 0.0029900000000000005 0.039252999999999989 0.013164 0.0061640000000000019 0 3
198 linear 4 0 0.45835500000000001 6.6307650219359173 1 75 0.33081899999999997 0.0092020000000000001 0.090275999999999954 0.005182 0.001263 0.0027850000000000001 0.010803999999999999 0.182754 0.021663000000000002 0 0.027396 0.00089599999999999999 0.0019559999999999998 0.0011479999999999999 0.0032280000000000004 0.04211199999999999 0.020892999999999991 0.0097599999999999978 0 0
198 linear 4 7 0.30996000000000001 6.4768718044871321 1 68 0.17002800000000001 0.0086899999999999998 0.10664100000000004 0.0043529999999999992 0.00098999999999999999 0.0028300000000000001 0.011243 0.024211 0.021700000000000001 0 0.027404999999999999 0.000901 0.0018800000000000002 0.00098400000000000007 0.0029630000000000004 0.066529000000000005 0.016946000000000003 0.0080680000000000005 0 1
198 linear 4 15 0.30155399999999999 6.2905818070361947 1 68 0.16414400000000001 0.0083009999999999994 0.10475700000000003 0.0040300000000000006 0.001018 0.0025469999999999998 0.010514000000000001 0.021576000000000001 0.021152000000000001 0 0.028056000000000001 0.00077999999999999999 0.00189 0.00091600000000000004 0.0028130000000000004 0.064853999999999995 0.016780999999999997 0.0080790000000000028 0 2
198 linear 4 23 0.28849599999999997 6.0974333506475435 1 68 0.164386 0.0081869999999999998 0.091748000000000038 0.0039179999999999996 0.00095 0.0066759999999999996 0.010237 0.018314 0.020917000000000002 0 0.027949999999999999 0.00084999999999999995 0.001874 0.00090300000000000005 0.0028599999999999993 0.051711999999999994 0.017026000000000003 0.0080650000000000027 0 3
198 uniform 3 0 0.37952599999999997 6.6311428537372565 1 44 0.31073200000000001 0.0086809999999999995 0.045064000000000028 0.0022989999999999998 0.00067500000000000004 0.0027699999999999999 0.010743000000000001 0.16416 0.021538000000000002 0 0.026949000000000001 0.00087399999999999999 0.001823 0.001116 0.0031949999999999995 0.027169999999999993 0.011199000000000001 0 0 0
198 uniform 3 7 0.264959 6.9562262196080624 1 60 0.16186400000000001 0.0087600000000000004 0.071996999999999992 0.0037479999999999996 0.000767 0.0025839999999999999 0.01051 0.017628999999999999 0.020979999999999999 0 0.025985000000000001 0.00086200000000000003 0.001676 0.001103 0.003258 0.047613000000000003 0.015387 0 0 1
198 uniform 3 15 0.26767400000000002 7.3570782401827328 1 60 0.165182 0.0084399999999999996 0.072714999999999988 0.0032370000000000003 0.00068100000000000007 0.002751 0.010817999999999999 0.018221000000000001 0.023056 0 0.026887000000000001 0.00087399999999999999 0.0017910000000000001 0.001041 0.0030910000000000009 0.049441000000000006 0.014222000000000002 0 0 2
198 uniform 3 23 0.27182000000000001 7.7895279092990082 1 60 0.16275200000000001 0.0095890000000000003 0.076818000000000011 0.0035340000000000002 0.00075099999999999993 0.0024989999999999999 0.010470999999999999 0.018700000000000001 0.020929 0 0.026780999999999999 0.00080800000000000002 0.0016510000000000001 0.00096000000000000002 0.0033159999999999999 0.049394 0.017525000000000006 0 0 3
198 uniform 4 0 0.44217200000000001 6.647115075194507 1 67 0.332256 0.010305 0.075864999999999988 0.0036329999999999999 0.0010839999999999999 0.002859 0.012066 0.18054600000000001 0.024348999999999999 0 0.027272999999999999 0.00083900000000000001 0.0018729999999999999 0.00099200000000000004 0.0032820000000000002 0.04230600000000001 0.022249000000000001 0 0 0
198 uniform 4 7 0.27728000000000003 6.4920723429325973 1 52 0.174065 0.0090399999999999994 0.075428000000000009 0.0025369999999999998 0.00084199999999999998 0.0025850000000000001 0.011684 0.026789 0.024029999999999999 0 0.02666 0.00078299999999999995 0.001856 0.00098200000000000002 0.0031459999999999991 0.054145999999999986 0.013221 0 0 1
198 uniform 4 15 0.26974100000000001 6.3044708517568715 1 52 0.17008599999999999 0.0085019999999999991 0.073747000000000021 0.002428 0.00078399999999999997 0.0025200000000000001 0.011656 0.022688 0.024358999999999999 0 0.027536999999999999 0.00077700000000000002 0.00183 0.00095600000000000004 0.0031030000000000003 0.052854999999999992 0.012893999999999999 0 0 2
198 uniform 4 23 0.257552 6.1100494878883271 1 52 0.16877 0.0085550000000000001 0.062334999999999981 0.0026119999999999997 0.00081499999999999997 0.0025040000000000001 0.011448 0.019583 0.024303999999999999 0 0.027229 0.00080999999999999996 0.0018990000000000001 0.00096599999999999995 0.0032100000000000006 0.041073999999999999 0.013261000000000005 0 0 3
199 linear 3 0 0.37055199999999999 3.7892040221488372 1 52 0.28377799999999997 0.0087349999999999997 0.060421999999999983 0.0029129999999999998 0.00085799999999999993 0.0029359999999999998 0.011361 0.133413 0.021694999999999999 0 0.028049999999999999 0.00082200000000000003 0.0018729999999999999 0.0012489999999999999 0.003179 0.027832000000000003 0.014732 0.0061540000000000006 0 0
199 linear 3 7 0.26089299999999999 3.8437750821326371 1 52 0.16648299999999999 0.0085120000000000005 0.068254999999999996 0.002745 0.00080199999999999998 0.0026120000000000002 0.010630000000000001 0.020504999999999999 0.021194000000000001 0 0.026544000000000002 0.00077099999999999998 0.0017830000000000001 0.001214 0.0032140000000000003 0.036243000000000004 0.014295 0.0061680000000000016 0 1
199 linear 3 15 0.25736700000000001 3.9098238271664538 1 52 0.16375600000000001 0.0083140000000000002 0.067894999999999997 0.0027390000000000001 0.00067700000000000008 0.00263 0.010208999999999999 0.020580999999999999 0.020913000000000001 0 0.026349999999999998 0.00079799999999999999 0.0018440000000000002 0.001158 0.0030180000000000003 0.035158000000000009 0.015101999999999999 0.0061890000000000009 0 2
199 linear 3 23 0.255359 3.9800595573012414 1 52 0.162885 0.0082789999999999999 0.066956999999999989 0.0027140000000000003 0.00065500000000000009 0.0025469999999999998 0.010402 0.020663999999999998 0.021191999999999999 0 0.025815000000000001 0.000794 0.0018079999999999999 0.001039 0.0030729999999999998 0.035118999999999997 0.014147000000000002 0.0061660000000000039 0 3
199 linear 4 0 0.37448100000000001 6.7279747067257558 1 60 0.27531600000000001 0.0087060000000000002 0.069398000000000001 0.0035590000000000001 0.00091299999999999997 0.002728 0.011393 0.12590699999999999 0.021923000000000002 0 0.02741 0.00085099999999999998 0.0019510000000000003 0.0011739999999999999 0.0032499999999999999 0.030404999999999998 0.018557999999999991 0.0071110000000000001 0 0
199 linear 4 7 0.28142800000000001 6.6531301378261656 1 60 0.16062599999999999 0.0083809999999999996 0.091605999999999993 0.0033790000000000001 0.00089799999999999993 0.0028709999999999999 0.011103999999999999 0.015643000000000001 0.021514999999999999 0 0.027275000000000001 0.00086399999999999997 0.0019120000000000003 0.00107 0.0032060000000000001 0.05464200000000001 0.016717000000000003 0.0071300000000000035 0 1
199 linear 4 15 0.27743499999999999 6.5641544055125562 1 60 0.16009499999999999 0.0082690000000000003 0.088534999999999961 0.0033319999999999999 0.00089099999999999997 0.002493 0.010324 0.017888999999999999 0.021222999999999999 0 0.026921 0.00071400000000000001 0.0019789999999999999 0.001103 0.0030580000000000004 0.052331999999999997 0.015904999999999999 0.0071140000000000014 0 2
199 linear 4 23 0.282165 6.4720148131877764 1 60 0.156805 0.0083180000000000007 0.09677700000000003 0.0031700000000000005 0.00085200000000000011 0.0024109999999999999 0.010113 0.015448 0.022755999999999998 0 0.026061000000000001 0.00078100000000000001 0.002091 0.0010709999999999999 0.0029529999999999999 0.059586 0.016865000000000002 0.0071410000000000015 0 3
199 uniform 3 0 0.35500900000000002 3.794093021516499 1 52 0.27859600000000001 0.0087270000000000004 0.050588000000000001 0.0025330000000000001 0.00079400000000000011 0.0028170000000000001 0.010893 0.13226499999999999 0.021860000000000001 0 0.026578999999999998 0.00072199999999999999 0.0018439999999999997 0.0011789999999999999 0.0032880000000000001 0.027787000000000003 0.014794999999999999 0 0 0
199 uniform 3 7 0.24779599999999999 3.8483047537388186 1 52 0.165273 0.0083800000000000003 0.057310000000000014 0.0023209999999999997 0.00067200000000000007 0.0024880000000000002 0.010562999999999999 0.020295000000000001 0.022582999999999999 0 0.026145999999999999 0.00076999999999999996 0.0018970000000000002 0.0011590000000000001 0.003251 0.035152000000000003 0.014341999999999997 0 0 1
199 uniform 3 15 0.253054 3.9139568948375767 1 52 0.16844700000000001 0.0085140000000000007 0.058504 0.0026410000000000001 0.00070299999999999996 0.0025639999999999999 0.010262 0.020464 0.022416999999999999 0 0.026079000000000001 0.00077499999999999997 0.0018649999999999999 0.0011150000000000001 0.003212 0.035345000000000001 0.015266000000000004 0 0 2
199 uniform 3 23 0.24917300000000001 3.983813594002839 1 52 0.16687299999999999 0.0083580000000000008 0.05694600000000001 0.0023599999999999997 0.00064700000000000001 0.0026519999999999998 0.010936 0.020861000000000001 0.023123000000000001 0 0.026020000000000001 0.00077200000000000001 0.0018790000000000002 0.0010089999999999999 0.0031209999999999996 0.035082000000000002 0.014087999999999998 0 0 3
199 uniform 4 0 0.353522 6.7335665292563682 1 52 0.27495999999999998 0.0086879999999999995 0.05173500000000001 0.0025789999999999997 0.00077099999999999998 0.002738 0.011129 0.12578500000000001 0.023481999999999999 0 0.027473000000000001 0.00084900000000000004 0.0018209999999999999 0.001098 0.0031919999999999995 0.027651000000000002 0.016301000000000003 0 0 0
199 uniform 4 7 0.27076600000000001 6.6585329874752492 1 60 0.15953899999999999 0.0084250000000000002 0.08237300000000003 0.00281 0.00093399999999999993 0.0025969999999999999 0.010456999999999999 0.015723000000000001 0.022931 0 0.026546 0.00080400000000000003 0.00191 0.0011529999999999999 0.0031570000000000001 0.056547000000000014 0.016800000000000009 0 0 1
199 uniform 4 15 0.26671299999999998 6.5693608132189247 1 60 0.16069 0.0083330000000000001 0.077544000000000002 0.0027680000000000001 0.00087699999999999996 0.002385 0.010009000000000001 0.017781000000000002 0.023115 0 0.026426000000000002 0.00073499999999999998 0.0019949999999999998 0.0010790000000000001 0.0030630000000000002 0.05256100000000001 0.015998000000000002 0 0 2
199 uniform 4 23 0.27653699999999998 6.4770386212991395 1 60 0.160827 0.0084080000000000005 0.086649000000000045 0.0031849999999999995 0.0008830000000000001 0.0024060000000000002 0.010045 0.015395000000000001 0.023906 0 0.025899999999999999 0.00079500000000000003 0.0021460000000000003 0.001029 0.003104 0.060763999999999999 0.016901999999999997 0 0 3
200 linear 3 0 0.37309500000000001 7.8301361238652563 1 61 0.243368 0.0089960000000000005 0.095165999999999973 0.0047150000000000004 0.00092899999999999992 0.0027810000000000001 0.011061 0.091995999999999994 0.024715999999999998 0 0.027059 0.00083799999999999999 0.00063299999999999999 0.001124 0.0030169999999999997 0.056223999999999989 0.017374000000000007 0.0072560000000000012 0 0
200 linear 3 7 0.30879200000000001 7.6741146506712097 1 61 0.16476099999999999 0.0090559999999999998 0.10981199999999997 0.0042829999999999995 0.00081899999999999996 0.002663 0.010692999999999999 0.018329999999999999 0.023848999999999999 0 0.026891000000000002 0.00078200000000000003 0.00061600000000000001 0.0010399999999999999 0.0029299999999999994 0.071429000000000034 0.017412000000000004 0.0072260000000000015 0 1
200 linear 3 15 0.30287199999999997 7.4646652587745761 1 61 0.15776399999999999 0.0086420000000000004 0.11171099999999999 0.0042159999999999993 0.00079299999999999998 0.0024840000000000001 0.010555 0.014120000000000001 0.024128 0 0.026422999999999999 0.00075600000000000005 0.00060599999999999998 0.001052 0.0028139999999999997 0.073165000000000022 0.017407000000000002 0.0072370000000000004 0 2
200 linear 3 23 0.30399999999999999 7.2329793120572488 1 61 0.15668799999999999 0.0086940000000000003 0.11352899999999996 0.0042059999999999997 0.00087699999999999996 0.002333 0.010257 0.01289 0.023060000000000001 0 0.029148 0.00079900000000000001 0.00063299999999999999 0.0010820000000000001 0.0028530000000000001 0.075717000000000007 0.016563000000000001 0.0072470000000000017 0 3
200 linear 4 0 0.35402699999999998 2.6552163784365446 1 75 0.22644 0.0087569999999999992 0.091598999999999972 0.0046579999999999998 0.0011740000000000001 0.0026900000000000001 0.011112 0.075024999999999994 0.022696000000000001 0 0.028108999999999999 0.00084900000000000004 0.00061800000000000006 0.00108 0.0028609999999999998 0.045266000000000015 0.020920999999999981 0.0088880000000000001 0 0
200 linear 4 7 0.29355399999999998 2.6384206135271606 1 75 0.152616 0.0084620000000000008 0.10572500000000004 0.0043339999999999993 0.00092200000000000008 0.002483 0.010371 0.0067019999999999996 0.021607999999999999 0 0.028121 0.00091699999999999995 0.00063100000000000005 0.0010369999999999999 0.0027999999999999995 0.059268000000000001 0.021119999999999983 0.0089309999999999997 0 1
200 linear 4 15 0.285354 2.6190950837276223 1 75 0.14827799999999999 0.0082810000000000002 0.10243600000000001 0.0041510000000000002 0.00086299999999999994 0.0024840000000000001 0.010297000000000001 0.0048370000000000002 0.021477 0 0.027040000000000002 0.00090200000000000002 0.00059299999999999999 0.0010009999999999999 0.0028239999999999997 0.055767000000000011 0.021401999999999977 0.0088959999999999977 0 2
200 linear 4 23 0.29565900000000001 2.5996593725153252 1 75 0.151281 0.0083049999999999999 0.10890299999999997 0.0045510000000000004 0.00096100000000000016 0.0024350000000000001 0.010160000000000001 0.0062680000000000001 0.021335 0 0.026669000000000002 0.00089099999999999997 0.00058200000000000005 0.00093000000000000005 0.0028170000000000001 0.063378000000000004 0.020249999999999994 0.0088860000000000067 0 3
200 uniform 3 0 0.35587000000000002 7.8565964295074773 1 61 0.239733 0.0087840000000000001 0.082301999999999986 0.0040269999999999993 0.00089300000000000002 0.0026229999999999999 0.011113 0.091998999999999997 0.022075000000000001 0 0.027323 0.00086600000000000002 0.00060700000000000001 0.0009810000000000001 0.0029180000000000005 0.055740000000000012 0.017318000000000004 0 0 0
200 uniform 3 7 0.295319 7.6966233543334104 1 61 0.16378000000000001 0.0090039999999999999 0.098070999999999992 0.0036149999999999997 0.00077499999999999997 0.0025089999999999999 0.010394 0.018482999999999999 0.023276000000000002 0 0.027252999999999999 0.00087699999999999996 0.00059199999999999997 0.0010920000000000001 0.0028239999999999997 0.071482999999999991 0.017393999999999993 0 0 1
200 uniform 3 15 0.29020600000000002 7.4833620328141413 1 61 0.15817200000000001 0.0087240000000000009 0.09943200000000002 0.0035899999999999999 0.00071499999999999992 0.0024090000000000001 0.010448000000000001 0.014184 0.02324 0 0.026630000000000001 0.000776 0.00058100000000000003 0.00091600000000000004 0.0027369999999999998 0.073007999999999976 0.017297000000000007 0 0 2
200 uniform 3 23 0.28600500000000001 7.2485805494857178 1 61 0.153083 0.0086610000000000003 0.10057800000000003 0.0034489999999999998 0.00074199999999999993 0.0023760000000000001 0.010579 0.012867999999999999 0.023259999999999999 0 0.027054999999999999 0.00084999999999999995 0.00063199999999999997 0.00088400000000000002 0.0028040000000000005 0.075187000000000004 0.016241999999999996 0 0 3
200 uniform 4 0 0.31806299999999998 2.6570715019949831 1 59 0.22521099999999999 0.0087010000000000004 0.063708999999999988 0.0033389999999999995 0.00086700000000000004 0.0025219999999999999 0.010659 0.073077000000000003 0.025177000000000001 0 0.027057000000000001 0.00090399999999999996 0.00061900000000000008 0.0010640000000000001 0.002928 0.038275999999999998 0.016590000000000004 0 0 0
200 uniform 4 7 0.25258399999999998 2.6402547278354187 1 59 0.155308 0.0084600000000000005 0.068948000000000009 0.0029750000000000002 0.00077699999999999991 0.0025990000000000002 0.010588 0.0068310000000000003 0.024469999999999999 0 0.027539999999999999 0.00091 0.00059299999999999999 0.0010120000000000001 0.0028469999999999997 0.04148099999999999 0.016492 0 0 1
200 uniform 4 15 0.244839 2.620901818545831 1 59 0.14963499999999999 0.0082920000000000008 0.067418999999999993 0.0028110000000000001 0.00070699999999999995 0.0024380000000000001 0.010290000000000001 0.0050699999999999999 0.024060000000000002 0 0.026741999999999998 0.00087000000000000001 0.00058 0.00092900000000000003 0.0027829999999999994 0.042131999999999996 0.016491000000000002 0 0 2
200 uniform 4 23 0.248556 2.6014351674706644 1 59 0.14963799999999999 0.0082459999999999999 0.071320000000000008 0.0027230000000000002 0.00076000000000000004 0.0023050000000000002 0.010437999999999999 0.0063619999999999996 0.024164999999999999 0 0.026440000000000002 0.00083699999999999996 0.00060700000000000001 0.00091299999999999997 0.0027360000000000002 0.046855999999999995 0.015658999999999996 0 0 3
201 linear 3 0 0.41486000000000001 5.241617733220683 1 52 0.32497199999999998 0.0094710000000000003 0.062425999999999995 0.003166 0.00093300000000000002 0.0029380000000000001 0.011240999999999999 0.16874900000000001 0.023192000000000001 0 0.029662999999999998 0.00088800000000000001 0.0018800000000000002 0.0011670000000000001 0.0034379999999999997 0.029005 0.01555 0.0061779999999999995 0 0
201 linear 3 7 0.30080299999999999 5.4703759441565021 1 67 0.17232800000000001 0.0088959999999999994 0.095574999999999979 0.0041259999999999995 0.001072 0.002954 0.011102000000000001 0.019425999999999999 0.022860999999999999 0 0.028986000000000001 0.00086300000000000005 0.001784 0.0013010000000000001 0.0033900000000000002 0.049953999999999998 0.019238999999999996 0.0097460000000000029 0 1
201 linear 3 15 0.294823 5.7351061616642367 1 67 0.16395399999999999 0.0088240000000000002 0.098987999999999979 0.003692 0.00092899999999999992 0.0026749999999999999 0.011469 0.017923999999999999 0.020663000000000001 0 0.026887999999999999 0.00093800000000000003 0.0016969999999999999 0.001157 0.002993 0.053450999999999992 0.019241999999999988 0.0097579999999999993 0 2
201 linear 3 23 0.28942899999999999 5.9961273640682169 1 59 0.16857800000000001 0.0086029999999999995 0.091226000000000002 0.0032269999999999998 0.00085000000000000006 0.0026559999999999999 0.011089 0.022606000000000001 0.020979999999999999 0 0.027576 0.00081899999999999996 0.001686 0.00093099999999999997 0.0030200000000000001 0.051031000000000007 0.016716999999999992 0.0087809999999999954 0 3
201 linear 4 0 0.44661899999999999 5.1723546087449046 1 67 0.32439099999999998 0.0089470000000000001 0.089067000000000021 0.0040499999999999998 0.0010560000000000001 0.0027690000000000002 0.010999 0.17352799999999999 0.022172000000000001 0 0.027639 0.00095100000000000002 0.0021259999999999999 0.00114 0.0031510000000000002 0.043449000000000015 0.019098999999999991 0.0097410000000000031 0 0
201 linear 4 7 0.32486100000000001 5.0347101216129619 1 75 0.17329700000000001 0.0088590000000000006 0.11520700000000003 0.0049500000000000004 0.0010640000000000001 0.0028630000000000001 0.01082 0.025359 0.021465000000000001 0 0.027722 0.00087399999999999999 0.0019620000000000002 0.0010660000000000001 0.0029359999999999994 0.068107999999999974 0.019930999999999994 0.0097470000000000022 0 1
201 linear 4 15 0.29724200000000001 4.8676028571032601 1 68 0.16325600000000001 0.0083590000000000001 0.101177 0.0043670000000000002 0.00093799999999999992 0.002712 0.010501999999999999 0.018492999999999999 0.022669999999999999 0 0.027869000000000001 0.00084599999999999996 0.001799 0.0010120000000000001 0.0028630000000000001 0.057094000000000013 0.016555999999999987 0.0081260000000000013 0 2
201 linear 4 23 0.28361799999999998 4.6948709127654578 1 68 0.158947 0.0082819999999999994 0.09204500000000003 0.004228 0.00089300000000000002 0.0024480000000000001 0.010066 0.01736 0.022658000000000001 0 0.026823 0.00076999999999999996 0.001797 0.00094200000000000002 0.0027810000000000001 0.052173999999999998 0.016789999999999996 0.0080700000000000025 0 3
201 uniform 3 0 0.39457799999999998 5.2588048160331953 1 52 0.31853300000000001 0.009299 0.049441999999999979 0.0026670000000000001 0.00079999999999999993 0.0027959999999999999 0.010666 0.168796 0.023021 0 0.026533000000000001 0.00084900000000000004 0.001768 0.0012600000000000001 0.0032810000000000001 0.028649000000000001 0.012942000000000006 0 0 0
201 uniform 3 7 0.28202100000000002 5.4902305618576754 1 67 0.16811300000000001 0.0088319999999999996 0.081301999999999985 0.0035849999999999996 0.00098400000000000007 0.0026450000000000002 0.010534 0.019390000000000001 0.022464000000000001 0 0.026481000000000001 0.00095600000000000004 0.0018939999999999999 0.0012149999999999999 0.0033670000000000002 0.049602999999999987 0.019038999999999986 0 0 1
201 uniform 3 15 0.270679 5.7584149108761338 1 59 0.16378899999999999 0.0087609999999999997 0.077724000000000001 0.0027829999999999999 0.000812 0.002526 0.010645999999999999 0.017611000000000002 0.022277000000000002 0 0.026960999999999999 0.000825 0.0017440000000000001 0.001008 0.0030470000000000007 0.05053499999999999 0.017534999999999988 0 0 2
201 uniform 3 23 0.27313500000000002 6.0232638965874417 1 59 0.16767199999999999 0.0085000000000000006 0.076500000000000012 0.0026699999999999996 0.0008650000000000001 0.0024620000000000002 0.010257 0.022148000000000001 0.0229 0 0.027630999999999999 0.00092500000000000004 0.0016560000000000001 0.00097000000000000005 0.0028990000000000001 0.050224999999999992 0.016700999999999994 0 0 3
201 uniform 4 0 0.42530899999999999 5.1895935657903181 1 67 0.31772800000000001 0.0086110000000000006 0.076412999999999981 0.0031220000000000002 0.0010610000000000001 0.0026580000000000002 0.010307999999999999 0.169683 0.023800999999999999 0 0.027400999999999998 0.00088199999999999997 0.001892 0.001044 0.0029150000000000001 0.046682000000000001 0.018956999999999984 0 0 0
201 uniform 4 7 0.28394399999999997 5.050546129537179 1 59 0.170292 0.0086999999999999994 0.085475999999999983 0.0027979999999999997 0.00075099999999999993 0.002581 0.010357999999999999 0.024951000000000001 0.023095000000000001 0 0.027050999999999999 0.00089999999999999998 0.0018879999999999999 0.001129 0.002944 0.060214000000000018 0.016036999999999999 0 0 1
201 uniform 4 15 0.25744600000000001 4.881848954055731 1 52 0.164495 0.0084799999999999997 0.066456999999999988 0.0028319999999999999 0.00083400000000000011 0.0023670000000000002 0.010104 0.017957999999999998 0.023508000000000001 0 0.027345000000000001 0.00091699999999999995 0.0018809999999999999 0.0010070000000000001 0.0029420000000000002 0.045800000000000007 0.012894000000000001 0 0 2
201 uniform 4 23 0.26076899999999997 4.7075861408123734 1 60 0.15981500000000001 0.0081370000000000001 0.070714999999999986 0.0037200000000000002 0.00069999999999999999 0.0025569999999999998 0.0098549999999999992 0.017330999999999999 0.023261 0 0.027179999999999999 0.00079199999999999995 0.0018630000000000001 0.00094600000000000001 0.0028350000000000007 0.047025999999999991 0.014732999999999998 0 0 3
202 linear 3 0 0.35552400000000001 2.906711041489086 1 52 0.27167799999999998 0.0087860000000000004 0.057068000000000008 0.0032310000000000004 0.000883 0.002856 0.011259 0.119492 0.024709999999999999 0 0.027033999999999999 0.000852 0.00060000000000000006 0.0011709999999999999 0.0031299999999999991 0.026583000000000002 0.012552000000000002 0.0061690000000000017 0 0
202 linear 3 7 0.284219 3.0011638397383105 1 60 0.16958100000000001 0.0085039999999999994 0.083170999999999981 0.004228 0.00085999999999999998 0.0026800000000000001 0.010593 0.021715000000000002 0.024299000000000001 0 0.025963 0.00083500000000000002 0.00061899999999999998 0.001183 0.0030890000000000002 0.047359000000000005 0.015345999999999992 0.007140000000000004 0 1
202 linear 3 15 0.275945 3.1189010816104261 1 60 0.16988600000000001 0.0084130000000000003 0.07517299999999999 0.0038829999999999997 0.00079799999999999999 0.0026450000000000002 0.010326999999999999 0.021409000000000001 0.022905999999999999 0 0.028865999999999999 0.00075500000000000003 0.00063199999999999997 0.0010870000000000001 0.0031349999999999998 0.03955599999999998 0.015265999999999995 0.0071370000000000001 0 2
202 linear 3 23 0.28279500000000002 3.2482023969744418 1 60 0.16477600000000001 0.0085939999999999992 0.082869999999999971 0.0041330000000000004 0.00079799999999999999 0.0024550000000000002 0.010707 0.017978000000000001 0.021219999999999999 0 0.026681 0.00071500000000000003 0.00057700000000000004 0.0011770000000000001 0.0031949999999999999 0.047703000000000016 0.014581999999999993 0.0071430000000000018 0 3
202 linear 4 0 0.37401200000000001 3.2105733825983456 1 68 0.26366899999999999 0.0087270000000000004 0.076507999999999979 0.00462 0.0009320000000000001 0.00266 0.010751 0.11441800000000001 0.021583999999999999 0 0.027585999999999999 0.00083699999999999996 0.00063099999999999994 0.0013240000000000001 0.0031209999999999996 0.037060000000000017 0.016420999999999995 0.0080610000000000022 0 0
202 linear 4 7 0.276283 3.3054718805041494 1 68 0.152865 0.0084910000000000003 0.090570999999999999 0.0040940000000000004 0.00090799999999999995 0.0025089999999999999 0.0099209999999999993 0.0082950000000000003 0.020847000000000001 0 0.02741 0.00079799999999999999 0.00057000000000000009 0.001103 0.0030879999999999996 0.050992000000000016 0.01652 0.0080710000000000018 0 1
202 linear 4 15 0.28836400000000001 3.4177087006722124 1 68 0.15604100000000001 0.0083789999999999993 0.099910000000000027 0.0038579999999999995 0.0009410000000000001 0.0023 0.0097979999999999994 0.014564000000000001 0.020798000000000001 0 0.026415000000000001 0.00076900000000000004 0.00062399999999999999 0.001122 0.0031019999999999997 0.061291999999999992 0.015610000000000009 0.0080760000000000016 0 2
202 linear 4 23 0.25706499999999999 3.5334180685538579 1 60 0.146928 0.0082990000000000008 0.081332000000000015 0.0031840000000000002 0.001072 0.0023440000000000002 0.010009000000000001 0.0074130000000000003 0.020590000000000001 0 0.026523999999999999 0.00072999999999999996 0.00061000000000000008 0.0010169999999999999 0.0029960000000000004 0.045724000000000008 0.01532 0.0071570000000000036 0 3
202 uniform 3 0 0.331957 2.9105584484799163 1 44 0.26543699999999998 0.0086580000000000008 0.041828999999999991 0.0025839999999999999 0.00078100000000000001 0.0025560000000000001 0.010546 0.117704 0.021545999999999999 0 0.026280000000000001 0.000754 0.0005930000000000001 0.001242 0.0031460000000000004 0.024423000000000004 0.010687 0 0 0
202 uniform 3 7 0.238784 3.0049819866203253 1 44 0.164907 0.0083840000000000008 0.050029999999999998 0.002346 0.00053699999999999993 0.002764 0.010304000000000001 0.021174999999999999 0.020844999999999999 0 0.025590000000000002 0.00075000000000000002 0.00062800000000000009 0.001219 0.0030429999999999997 0.032370999999999997 0.011043999999999998 0 0 1
202 uniform 3 15 0.235737 3.1227453059550072 1 44 0.169075 0.0081969999999999994 0.043377000000000006 0.002261 0.00049299999999999995 0.002738 0.0099010000000000001 0.021236000000000001 0.020781000000000001 0 0.026263999999999999 0.00085099999999999998 0.00060799999999999993 0.001101 0.0030720000000000001 0.026055000000000002 0.010742000000000002 0 0 2
202 uniform 3 23 0.24818699999999999 3.2521618325476398 1 60 0.15786700000000001 0.0083669999999999994 0.062018000000000018 0.0035190000000000004 0.00066100000000000002 0.0025200000000000001 0.0099919999999999991 0.017996999999999999 0.020712000000000001 0 0.026218000000000002 0.00068800000000000003 0.00058200000000000005 0.0009990000000000001 0.0030000000000000001 0.039714000000000006 0.013375999999999997 0 0 3
202 uniform 4 0 0.33421600000000001 3.2143044998282364 1 52 0.26007799999999998 0.0086820000000000005 0.048312999999999995 0.0026389999999999999 0.00073800000000000005 0.0025839999999999999 0.010175 0.114305 0.021694999999999999 0 0.027043000000000001 0.00083900000000000001 0.00059699999999999998 0.001173 0.0030170000000000002 0.028258000000000002 0.012262 0 0 0
202 uniform 4 7 0.242586 3.3096174204422231 1 52 0.15490999999999999 0.0083169999999999997 0.057956999999999995 0.0024220000000000001 0.000727 0.0025170000000000001 0.0099550000000000003 0.0082299999999999995 0.020886999999999999 0 0.027113000000000002 0.00074700000000000005 0.00062800000000000009 0.0010920000000000001 0.0031949999999999999 0.037536 0.012565000000000003 0 0 1
202 uniform 4 15 0.24549199999999999 3.4223979466088594 1 52 0.15704000000000001 0.0083739999999999995 0.063035000000000008 0.0023149999999999998 0.00076099999999999996 0.0024350000000000001 0.0099649999999999999 0.014821000000000001 0.020726000000000001 0 0.026577 0.00076000000000000004 0.00060399999999999994 0.001059 0.0030999999999999999 0.042994000000000011 0.012266000000000008 0 0 2
202 uniform 4 23 0.234599 3.5387249237125062 1 52 0.146453 0.0082400000000000008 0.062876000000000001 0.0022460000000000002 0.00077899999999999996 0.0023500000000000001 0.0098510000000000004 0.007731 0.020482 0 0.026452 0.000767 0.00059299999999999999 0.00109 0.0030050000000000003 0.042480999999999991 0.012668000000000006 0 0 3
203 linear 3 0 1.4437720000000001 2.1022936143044082 1 74 1.3151759999999999 0.0094739999999999998 0.093901999999999985 0.0048250000000000003 0.0012160000000000001 0.0027720000000000002 0.010702 0.19869999999999999 0.25974700000000001 0.72065999999999997 0.056066999999999999 0.00097300000000000002 0.002065 0.0012570000000000001 0.0033669999999999998 0.044721000000000011 0.020276999999999986 0.010592000000000001 0 0
203 linear 3 7 0.323932 2.0591728125271866 1 82 0.17766599999999999 0.0089479999999999994 0.11104499999999999 0.0046110000000000005 0.0013209999999999999 0.0057019999999999996 0.012263 0.018688 0.02418 0 0.028022999999999999 0.00095200000000000005 0.0018609999999999998 0.0011410000000000001 0.0031929999999999997 0.057545000000000013 0.021643000000000003 0.011847999999999996 0 1
203 linear 3 15 0.30091499999999999 2.002030397889246 1 74 0.17629500000000001 0.0086549999999999995 0.093930000000000013 0.0035820000000000005 0.0010970000000000001 0.0029499999999999999 0.011558000000000001 0.026079000000000001 0.023347 0 0.027067000000000001 0.00088500000000000004 0.0018519999999999999 0.0010380000000000001 0.0030710000000000004 0.048611999999999995 0.018024000000000002 0.0098770000000000004 0 2
203 linear 3 23 0.28418500000000002 1.9396444835821567 1 67 0.170734 0.0085590000000000006 0.085261999999999977 0.0031949999999999999 0.0010299999999999999 0.0026250000000000002 0.011089999999999999 0.022537999999999999 0.022943000000000002 0 0.028205000000000001 0.00088099999999999995 0.0018519999999999999 0.00080599999999999997 0.002787 0.046440000000000009 0.015573999999999994 0.0081940000000000034 0 3
203 linear 4 0 2.1185079999999998 1.9230315511745912 1 74 1.9907729999999999 0.0093080000000000003 0.09364100000000003 0.0046030000000000003 0.0012200000000000002 0.0027829999999999999 0.011136 0.203015 0.259015 1.3945149999999999 0.056730999999999997 0.000959 0.0020559999999999997 0.0012260000000000001 0.0032779999999999997 0.04110599999999999 0.023607999999999983 0.010607000000000004 0 0
203 linear 4 7 0.31608799999999998 1.896863177772621 1 82 0.17135700000000001 0.0089849999999999999 0.10953500000000002 0.0043960000000000006 0.0012329999999999999 0.003199 0.012149 0.014989000000000001 0.023640999999999999 0 0.028681000000000002 0.00097599999999999998 0.001836 0.0011019999999999999 0.0030619999999999996 0.056882000000000002 0.021200999999999987 0.011514999999999999 0 1
203 linear 4 15 0.293186 1.8599422074361782 1 67 0.17616799999999999 0.0085929999999999999 0.088520000000000029 0.0033630000000000001 0.0010319999999999999 0.0026570000000000001 0.010815 0.026891000000000002 0.02214 0 0.028805000000000001 0.00085400000000000005 0.0018639999999999998 0.00099299999999999996 0.0030040000000000002 0.049720999999999987 0.015986 0.0079790000000000035 0 2
203 linear 4 23 0.28604200000000002 1.8174310195557308 1 67 0.17227700000000001 0.0084410000000000006 0.085590000000000013 0.0031830000000000001 0.0010059999999999999 0.0024719999999999998 0.010567999999999999 0.02554 0.021683000000000001 0 0.027591000000000001 0.00090899999999999998 0.0018800000000000002 0.00097199999999999999 0.0030320000000000004 0.047096000000000027 0.015823 0.0079610000000000028 0 3
203 uniform 3 0 1.425889 2.1125406530606168 1 66 1.3230219999999999 0.0092329999999999999 0.070986000000000021 0.0039810000000000002 0.00093199999999999999 0.0026020000000000001 0.010666 0.19905100000000001 0.25740600000000002 0.73199000000000003 0.055759000000000003 0.00092299999999999999 0.0019470000000000002 0.001255 0.0032299999999999998 0.041702000000000003 0.018585999999999991 0 0 0
203 uniform 3 7 0.29515999999999998 2.0686378710294977 1 74 0.17536599999999999 0.0089239999999999996 0.087029999999999996 0.0040450000000000009 0.0010200000000000001 0.003166 0.012312 0.018734000000000001 0.022683999999999999 0 0.028039999999999999 0.00088699999999999998 0.0019239999999999999 0.001209 0.003019 0.054746000000000003 0.020364999999999994 0 0 1
203 uniform 3 15 0.28863299999999997 2.0105238638984879 1 74 0.176811 0.0087589999999999994 0.081011999999999987 0.0032579999999999996 0.0010279999999999998 0.0029239999999999999 0.011623 0.025832999999999998 0.022121999999999999 0 0.027814999999999999 0.00093800000000000003 0.0018930000000000002 0.0010319999999999999 0.0029370000000000004 0.051465999999999991 0.018079999999999995 0 0 2
203 uniform 3 23 0.27998299999999998 1.9471573400939586 1 75 0.16947100000000001 0.0085260000000000006 0.079813999999999954 0.0037039999999999998 0.00097399999999999993 0.0025999999999999999 0.010947999999999999 0.02265 0.021694999999999999 0 0.02835 0.00089899999999999995 0.0018309999999999999 0.00071599999999999995 0.0028410000000000002 0.050542000000000004 0.018034999999999982 0 0 3
203 uniform 4 0 2.1006330000000002 1.9302940289008861 1 66 1.997517 0.010409 0.069277000000000005 0.0041020000000000006 0.00094500000000000009 0.0027000000000000001 0.01111 0.19956399999999999 0.25715300000000002 1.4038109999999999 0.057457999999999995 0.00090399999999999996 0.0019820000000000003 0.0012229999999999999 0.0035250000000000004 0.039359999999999992 0.018929999999999995 0 0 0
203 uniform 4 7 0.29875200000000002 1.9037461590387923 1 74 0.17577400000000001 0.010156999999999999 0.088124000000000036 0.0040159999999999996 0.0010759999999999999 0.0032810000000000001 0.013422 0.016337999999999998 0.024058 0 0.028478 0.0009810000000000001 0.0018270000000000001 0.001243 0.0034199999999999999 0.055561000000000013 0.020237999999999996 0 0 1
203 uniform 4 15 0.29931999999999997 1.8663114667812564 1 67 0.186836 0.0088579999999999996 0.08205999999999998 0.0032839999999999996 0.0010450000000000001 0.0028289999999999999 0.012782999999999999 0.028365000000000001 0.025547 0 0.028672 0.00090899999999999998 0.0019840000000000001 0.001047 0.0034009999999999995 0.054959999999999995 0.016773000000000003 0 0 2
203 uniform 4 23 0.28727599999999998 1.8232400672765772 1 67 0.184007 0.0086800000000000002 0.075038999999999995 0.0026939999999999998 0.00097300000000000012 0.002787 0.012808 0.027057000000000001 0.025850000000000001 0 0.027969000000000001 0.00092000000000000003 0.0019709999999999997 0.00098999999999999999 0.0033219999999999994 0.049204000000000012 0.015723999999999995 0 0 3
204 linear 3 0 0.42000799999999999 2.1458698500695208 1 59 0.31346099999999999 0.0090530000000000003 0.075368999999999992 0.0038890000000000001 0.00098099999999999988 0.002895 0.011401 0.162357 0.022061999999999998 0 0.026162000000000001 0.00085800000000000004 0.0017360000000000001 0.001255 0.0034040000000000003 0.034083000000000002 0.017288999999999995 0.0087479999999999971 0 0
204 linear 3 7 0.27943699999999999 2.2512633088658531 1 59 0.16605200000000001 0.0087760000000000008 0.083128000000000021 0.0034259999999999998 0.00090600000000000001 0.002725 0.010728 0.018603000000000001 0.021475000000000001 0 0.026259999999999999 0.00083299999999999997 0.001688 0.001204 0.0032890000000000003 0.042351000000000007 0.017111999999999999 0.0087780000000000011 0 1
204 linear 3 15 0.27649899999999999 2.3756476000343905 1 59 0.16712399999999999 0.0088000000000000005 0.079287000000000024 0.0033939999999999999 0.00088400000000000002 0.0026779999999999998 0.010631 0.021010000000000001 0.021269 0 0.026370000000000001 0.00084000000000000003 0.0016739999999999999 0.00108 0.0028939999999999999 0.038755000000000026 0.016850999999999988 0.0087919999999999995 0 2
204 linear 3 23 0.27243000000000001 2.4985765178125914 1 51 0.166717 0.0086499999999999997 0.078799999999999981 0.003176 0.00071500000000000003 0.0026770000000000001 0.010655 0.021165 0.021305000000000001 0 0.026790999999999999 0.00081400000000000005 0.0016930000000000001 0.001034 0.0029619999999999998 0.039149999999999997 0.016941999999999999 0.0087049999999999992 0 3
204 linear 4 0 0.47569800000000001 1.8737653107924654 1 80 0.322434 0.0096570000000000007 0.12101800000000003 0.0039279999999999992 0.0011509999999999999 0.0028140000000000001 0.011081000000000001 0.165739 0.021579000000000001 0 0.027868 0.00097900000000000005 0.002111 0.0011130000000000001 0.0034520000000000002 0.071198000000000025 0.019682999999999985 0.0098080000000000025 0 0
204 linear 4 7 0.335262 1.7854218828331672 1 89 0.17455699999999999 0.0092020000000000001 0.12579099999999993 0.0050480000000000004 0.001127 0.0026519999999999998 0.010854000000000001 0.023177 0.02077 0 0.026533000000000001 0.00098299999999999993 0.001867 0.001096 0.003418 0.073273999999999992 0.021207999999999987 0.010835000000000003 0 1
204 linear 4 15 0.30999700000000002 1.6972315647555387 1 73 0.16771800000000001 0.0089169999999999996 0.11343899999999997 0.0032239999999999994 0.00083799999999999999 0.0026480000000000002 0.010461 0.018252000000000001 0.021010000000000001 0 0.027397000000000001 0.00089400000000000005 0.0019139999999999999 0.00099200000000000004 0.0032559999999999998 0.06974099999999997 0.017875000000000002 0.0089510000000000006 0 2
204 linear 4 23 0.31813599999999997 1.6206941825669976 1 73 0.16650400000000001 0.0086979999999999991 0.12367 0.0028059999999999999 0.00083200000000000006 0.0025149999999999999 0.010456 0.018239999999999999 0.020632000000000001 0 0.027316 0.00083500000000000002 0.001869 0.000959 0.0032099999999999993 0.079754999999999965 0.017862999999999987 0.0089040000000000005 0 3
204 uniform 3 0 0.40792800000000001 2.1577881008658015 1 59 0.31538500000000003 0.0092739999999999993 0.061375000000000006 0.0036259999999999999 0.00098400000000000007 0.0027829999999999999 0.010867 0.16281100000000001 0.023567000000000001 0 0.025902000000000001 0.000843 0.0018059999999999999 0.0012539999999999999 0.0032859999999999999 0.034567000000000001 0.017165999999999997 0 0 0
204 uniform 3 7 0.25556499999999999 2.2655625917644402 1 51 0.16922799999999999 0.0088909999999999996 0.058512000000000002 0.0027099999999999997 0.0007310000000000001 0.0028089999999999999 0.011311999999999999 0.018433999999999999 0.023300000000000001 0 0.027206999999999999 0.00090899999999999998 0.0016570000000000001 0.001175 0.0031419999999999994 0.035231000000000005 0.014813999999999996 0 0 1
204 uniform 3 15 0.25859799999999999 2.3932069537377276 1 51 0.17006099999999999 0.0114 0.058632999999999984 0.0026179999999999997 0.00071500000000000003 0.0026840000000000002 0.01086 0.021208000000000001 0.022974000000000001 0 0.027297999999999999 0.00088699999999999998 0.0016419999999999998 0.001021 0.0029059999999999997 0.035497999999999988 0.014686000000000006 0 0 2
204 uniform 3 23 0.25904700000000003 2.5199293882613825 1 51 0.16844700000000001 0.0087360000000000007 0.064012000000000013 0.002653 0.00070699999999999995 0.0024659999999999999 0.010396000000000001 0.021326000000000001 0.023102999999999999 0 0.027557999999999999 0.00081599999999999999 0.001627 0.00091100000000000003 0.0028250000000000003 0.03845500000000001 0.016763999999999994 0 0 3
204 uniform 4 0 0.45395999999999997 1.8805877633630947 1 80 0.320664 0.0094789999999999996 0.10187499999999998 0.003362 0.0010580000000000001 0.0027039999999999998 0.010839 0.16544500000000001 0.023379 0 0.026929999999999999 0.00092299999999999999 0.0020860000000000002 0.001029 0.003297 0.070353999999999986 0.019570999999999981 0 0 0
204 uniform 4 7 0.32242599999999999 1.7910563260440326 1 89 0.17935499999999999 0.0092809999999999993 0.10842399999999999 0.004712 0.001219 0.002617 0.010617 0.023016999999999999 0.023681000000000001 0 0.026373000000000001 0.00093499999999999996 0.0018990000000000001 0.001067 0.0033650000000000004 0.073627999999999971 0.021436999999999998 0 0 1
204 uniform 4 15 0.32179000000000002 1.7018221878765221 1 89 0.172288 0.0089499999999999996 0.11607999999999997 0.0039719999999999998 0.0011069999999999999 0.002699 0.010973999999999999 0.018386 0.024043999999999999 0 0.027854 0.00088500000000000004 0.0018649999999999999 0.000941 0.0033770000000000002 0.081335999999999992 0.02148499999999999 0 0 2
204 uniform 4 23 0.30366700000000002 1.6244778218424722 1 73 0.169707 0.0085730000000000008 0.10646800000000001 0.0024729999999999999 0.000825 0.0025720000000000001 0.010302 0.018235000000000001 0.023399 0 0.027646 0.00088500000000000004 0.0018710000000000001 0.00091299999999999997 0.0032480000000000005 0.077713000000000018 0.017851999999999996 0 0 3
205 linear 3 0 0.37784499999999999 1.7176034338673309 1 67 0.27281300000000003 0.0088739999999999999 0.075753000000000015 0.0033139999999999997 0.0011330000000000001 0.0026250000000000002 0.011346999999999999 0.115033 0.023362999999999998 0 0.030766000000000002 0.00084900000000000004 0.00134 0.001039 0.002993 0.037457000000000018 0.015379 0.0079470000000000009 0 0
205 linear 3 7 0.28647600000000001 1.6848188831307997 1 74 0.156995 0.0088260000000000005 0.10023599999999998 0.0032719999999999997 0.00116 0.0025079999999999998 0.010628 0.0067799999999999996 0.022710000000000001 0 0.029780999999999998 0.00080199999999999998 0.0013209999999999999 0.0011199999999999999 0.003065 0.056964999999999995 0.017727999999999983 0.0089610000000000019 0 1
205 linear 3 15 0.25276999999999999 1.6441684644538821 1 59 0.151505 0.0085990000000000007 0.075202999999999978 0.0025909999999999996 0.00094600000000000001 0.0027179999999999999 0.011034 0.0056509999999999998 0.021371000000000001 0 0.026516000000000001 0.00083900000000000001 0.0012979999999999999 0.00075100000000000004 0.0027519999999999992 0.040503000000000018 0.014460999999999996 0.007136 0 2
205 linear 3 23 0.250023 1.6016736457232548 1 59 0.15087200000000001 0.0084759999999999992 0.07364099999999997 0.0025999999999999999 0.00080500000000000005 0.0026640000000000001 0.010399 0.0058919999999999997 0.020979999999999999 0 0.027722 0.00085599999999999999 0.001261 0.00073200000000000001 0.0026260000000000003 0.036383000000000013 0.013682000000000007 0.0071550000000000016 0 3
205 linear 4 0 0.390295 1.4736587117448139 1 67 0.27607799999999999 0.0089460000000000008 0.080982999999999999 0.0040919999999999993 0.0010379999999999999 0.0028449999999999999 0.010802000000000001 0.12806300000000001 0.022002000000000001 0 0.027954 0.00084999999999999995 0.00058100000000000003 0.0009990000000000001 0.0031280000000000001 0.036486999999999985 0.018075999999999991 0.0097459999999999995 0 0
205 linear 4 7 0.26687499999999997 1.5106090024672467 1 67 0.151646 0.0087430000000000008 0.082825999999999983 0.0037460000000000002 0.0010650000000000002 0.0026559999999999999 0.010572 0.0069389999999999999 0.02145 0 0.027085000000000001 0.000852 0.00059800000000000001 0.001003 0.0029619999999999998 0.038590999999999986 0.01798099999999999 0.0097419999999999989 0 1
205 linear 4 15 0.25956800000000002 1.5550518749085802 1 59 0.157139 0.0086779999999999999 0.07369100000000002 0.00298 0.00084699999999999988 0.0026840000000000002 0.01068 0.0088419999999999992 0.021520000000000001 0 0.027503 0.00078600000000000002 0.00061000000000000008 0.0010859999999999999 0.0030820000000000005 0.033471000000000008 0.016634999999999994 0.0087889999999999982 0 2
205 linear 4 23 0.26743299999999998 1.6013148092381895 1 51 0.162684 0.0084679999999999998 0.078733000000000039 0.0025040000000000001 0.00061200000000000002 0.0026259999999999999 0.01055 0.013428000000000001 0.025787000000000001 0 0.027667000000000001 0.00083799999999999999 0.00059100000000000005 0.00095799999999999998 0.0028680000000000003 0.042022000000000004 0.015773999999999996 0.0078300000000000019 0 3
205 uniform 3 0 0.35702600000000001 1.7236804679953415 1 67 0.26647399999999999 0.0087589999999999994 0.062035000000000028 0.0030340000000000002 0.001062 0.002578 0.01072 0.11497 0.023463000000000001 0 0.027716999999999999 0.00080400000000000003 0.0014239999999999999 0.00092699999999999998 0.0030990000000000006 0.036580000000000008 0.015349000000000002 0 0 0
205 uniform 3 7 0.25287399999999999 1.6904236077047474 1 66 0.152478 0.0088389999999999996 0.073807999999999999 0.0024079999999999996 0.000977 0.002594 0.010263 0.0065659999999999998 0.022924 0 0.026616000000000001 0.00074899999999999999 0.0013489999999999999 0.00094399999999999996 0.002898 0.048331999999999993 0.015615999999999998 0 0 1
205 uniform 3 15 0.24466499999999999 1.6492132196618152 1 59 0.15490899999999999 0.0086219999999999995 0.063827000000000009 0.002519 0.0008830000000000001 0.0025300000000000001 0.010418 0.0057130000000000002 0.022227 0 0.025845 0.00083799999999999999 0.0013129999999999999 0.00074799999999999997 0.0027080000000000003 0.040503000000000011 0.014440999999999994 0 0 2
205 uniform 3 23 0.23765900000000001 1.6061637803532167 1 59 0.15366099999999999 0.0085629999999999994 0.058833999999999997 0.0023259999999999999 0.00069499999999999998 0.00264 0.010817999999999999 0.0059849999999999999 0.022506999999999999 0 0.028582 0.00084199999999999998 0.001312 0.00070299999999999996 0.0027230000000000002 0.036305000000000011 0.013715000000000003 0 0 3
205 uniform 4 0 0.36639100000000002 1.4766709132269984 1 59 0.27742299999999998 0.008744 0.059001000000000005 0.0033029999999999999 0.00087000000000000011 0.0027330000000000002 0.010522999999999999 0.12850300000000001 0.023477999999999999 0 0.028084999999999999 0.00087299999999999997 0.00059299999999999999 0.001042 0.0030170000000000002 0.03352200000000001 0.015887999999999996 0 0 0
205 uniform 4 7 0.24715100000000001 1.5139860284948341 1 59 0.15306800000000001 0.0085609999999999992 0.064686000000000007 0.0029860000000000004 0.00085400000000000005 0.0025839999999999999 0.010395 0.0068929999999999998 0.022751 0 0.027026000000000001 0.00085700000000000001 0.00061600000000000001 0.0010200000000000001 0.0029069999999999999 0.035657999999999995 0.016178999999999992 0 0 1
205 uniform 4 15 0.241371 1.5588993459953797 1 59 0.15163499999999999 0.0084519999999999994 0.060804999999999977 0.0027929999999999999 0.00082599999999999991 0.0025950000000000001 0.010355 0.0082979999999999998 0.022950999999999999 0 0.026738000000000001 0.00079199999999999995 0.00056800000000000004 0.001024 0.0029129999999999998 0.034599999999999992 0.016566000000000008 0 0 2
205 uniform 4 23 0.24084700000000001 1.6056909714854111 1 43 0.157024 0.0084899999999999993 0.060324999999999997 0.0018979999999999999 0.00049700000000000005 0.0024780000000000002 0.010214000000000001 0.013379 0.023261 0 0.027264 0.00080099999999999995 0.00059200000000000008 0.00094600000000000001 0.0029159999999999998 0.039351000000000004 0.013768000000000002 0 0 3
206 linear 3 0 0.33648699999999998 2.5675412748409046 1 51 0.255353 0.0090340000000000004 0.056804000000000007 0.0024559999999999998 0.00077499999999999997 0.002594 0.011179 0.105438 0.023612000000000001 0 0.026196000000000001 0.00084400000000000002 0.00062399999999999999 0.00123 0.0033549999999999999 0.02724600000000001 0.011990000000000004 0.0060359999999999971 0 0
206 linear 3 7 0.264706 2.6748356610627986 1 59 0.16838 0.0088640000000000004 0.069775999999999991 0.0029360000000000002 0.00080600000000000008 0.0028210000000000002 0.011387 0.01511 0.024468 0 0.027713999999999999 0.000883 0.00059499999999999993 0.0012830000000000001 0.0031870000000000002 0.035689999999999993 0.013967999999999998 0.0070180000000000034 0 1
206 linear 3 15 0.27685399999999999 2.8098820854641526 1 75 0.15626999999999999 0.0085260000000000006 0.089604000000000017 0.0041229999999999999 0.00098900000000000008 0.0027980000000000001 0.010881999999999999 0.0088330000000000006 0.023743 0 0.026377999999999999 0.000812 0.00058699999999999996 0.0012600000000000001 0.00297 0.04654800000000002 0.017731999999999991 0.0088890000000000045 0 2
206 linear 3 23 0.27297199999999999 2.9593373264752287 1 75 0.15574199999999999 0.0083470000000000003 0.086542000000000022 0.0039480000000000001 0.001005 0.0027669999999999999 0.010688 0.011159000000000001 0.023399 0 0.026428 0.00079799999999999999 0.00059800000000000001 0.0011150000000000001 0.0028879999999999999 0.043847999999999977 0.017379999999999993 0.0089110000000000005 0 3
206 linear 4 0 0.38539800000000002 2.5098875555399407 1 75 0.26459300000000002 0.0087539999999999996 0.089364000000000013 0.0039949999999999994 0.0010920000000000001 0.0026419999999999998 0.011133000000000001 0.113839 0.024497999999999999 0 0.027184 0.00076499999999999995 0.001397 0.00115 0.0029140000000000004 0.045938999999999994 0.018104999999999982 0.0088840000000000013 0 0
206 linear 4 7 0.285111 2.4682806321479593 1 75 0.15437500000000001 0.0085339999999999999 0.099942999999999976 0.0037550000000000001 0.0010579999999999999 0.0027799999999999999 0.011169999999999999 0.0079830000000000005 0.021492000000000001 0 0.027480000000000001 0.00088900000000000003 0.001379 0.001132 0.0029549999999999997 0.057621000000000006 0.016962999999999985 0.0089099999999999995 0 1
206 linear 4 15 0.27776099999999998 2.4172218534130328 1 75 0.15083299999999999 0.0084740000000000006 0.096548999999999954 0.0036300000000000004 0.000977 0.0024229999999999998 0.010500000000000001 0.0066889999999999996 0.020909000000000001 0 0.027968 0.000812 0.001333 0.0010399999999999999 0.0028 0.053744999999999994 0.017602999999999997 0.0088819999999999993 0 2
206 linear 4 23 0.28187899999999999 2.3634740188487169 1 82 0.151671 0.0090279999999999996 0.09847599999999998 0.0034889999999999999 0.0012000000000000001 0.0024199999999999998 0.010505 0.0077860000000000004 0.020635000000000001 0 0.027739 0.00083799999999999999 0.0012540000000000001 0.001173 0.0031079999999999997 0.051854999999999991 0.019067999999999995 0.0097009999999999961 0 3
206 uniform 3 0 0.32556299999999999 2.5731176197458634 1 51 0.25575300000000001 0.0086390000000000008 0.046522000000000008 0.0018929999999999999 0.00074300000000000006 0.0026440000000000001 0.010973 0.109406 0.021869 0 0.026138000000000002 0.00089700000000000001 0.00064199999999999999 0.00116 0.0031579999999999998 0.026910000000000003 0.011918 0 0 0
206 uniform 3 7 0.255523 2.6808571138499668 1 67 0.16238 0.0085730000000000008 0.064741000000000007 0.0031770000000000001 0.00081900000000000007 0.0026940000000000002 0.010964 0.014978 0.021541000000000001 0 0.027040999999999999 0.00073200000000000001 0.00063099999999999994 0.0013079999999999999 0.0031810000000000002 0.039276999999999999 0.015355999999999998 0 0 1
206 uniform 3 15 0.24870400000000001 2.8166161145219157 1 67 0.15322 0.0085039999999999994 0.067564000000000013 0.0029450000000000006 0.00081400000000000005 0.0028540000000000002 0.01093 0.0087399999999999995 0.021049999999999999 0 0.026113999999999998 0.00079000000000000001 0.00057200000000000003 0.0011180000000000001 0.0032040000000000003 0.042018999999999994 0.015488 0 0 2
206 uniform 3 23 0.25753100000000001 2.9670840771060072 1 75 0.15524499999999999 0.0083879999999999996 0.072561000000000042 0.0033270000000000001 0.00090000000000000008 0.0027959999999999999 0.010669 0.011107000000000001 0.020926 0 0.026218000000000002 0.00072499999999999995 0.0006159999999999999 0.0010009999999999999 0.0030180000000000007 0.043853000000000003 0.017446999999999997 0 0 3
206 uniform 4 0 0.36434499999999997 2.5150674401718769 1 75 0.260606 0.0085640000000000004 0.073280000000000026 0.0033709999999999999 0.0011019999999999999 0.0027360000000000002 0.011108 0.113806 0.021590000000000002 0 0.026879 0.00082200000000000003 0.0013699999999999999 0.0011169999999999999 0.0029139999999999999 0.043859999999999982 0.018179999999999991 0 0 0
206 uniform 4 7 0.26566699999999999 2.4731851443278661 1 75 0.15056 0.0084799999999999997 0.085264000000000006 0.0030769999999999999 0.0010559999999999999 0.0027339999999999999 0.010501 0.0081069999999999996 0.021024000000000001 0 0.026745000000000001 0.00078600000000000002 0.001317 0.001024 0.0028349999999999994 0.057111999999999996 0.016914999999999996 0 0 1
206 uniform 4 15 0.252998 2.4218041008675799 1 67 0.14887300000000001 0.0084449999999999994 0.076011999999999996 0.0030720000000000001 0.00082100000000000001 0.0024949999999999998 0.010281999999999999 0.00611 0.020681999999999999 0 0.027335999999999999 0.00069800000000000005 0.0013239999999999999 0.001052 0.0028509999999999998 0.050256000000000016 0.015688999999999995 0 0 2
206 uniform 4 23 0.25587500000000002 2.3677277153099712 1 74 0.15384100000000001 0.0087580000000000002 0.073081000000000035 0.0028929999999999997 0.00083900000000000001 0.0026120000000000002 0.010957 0.0077559999999999999 0.021010000000000001 0 0.028448999999999999 0.00081800000000000004 0.001273 0.001147 0.0029940000000000006 0.044816999999999996 0.017204999999999995 0 0 3
207 linear 3 0 0.31669799999999998 1.5988892771831766 1 60 0.220107 0.0087229999999999999 0.066655000000000006 0.00365 0.0010009999999999999 0.0028860000000000001 0.011553000000000001 0.068117999999999998 0.022428 0 0.027657999999999999 0.00076000000000000004 0.00062600000000000004 0.001214 0.0034229999999999998 0.030000999999999996 0.015957000000000002 0.0071380000000000011 0 0
207 linear 3 7 0.27734999999999999 1.6148719448371394 1 67 0.17360800000000001 0.008541 0.074049000000000031 0.0034999999999999996 0.00098299999999999993 0.002686 0.010839 0.027233 0.021780000000000001 0 0.027296999999999998 0.00080400000000000003 0.00060099999999999997 0.0011460000000000001 0.0031390000000000003 0.034432999999999991 0.016800999999999996 0.0079480000000000019 0 1
207 linear 3 15 0.28474500000000003 1.6314025477396454 1 67 0.18245600000000001 0.0083590000000000001 0.073251999999999942 0.0034620000000000002 0.00092099999999999994 0.0026689999999999999 0.010867999999999999 0.033196000000000003 0.021833999999999999 0 0.029323999999999999 0.00079500000000000003 0.00061499999999999999 0.0011019999999999999 0.0030909999999999991 0.033802999999999993 0.016684000000000004 0.0079639999999999971 0 2
207 linear 3 23 0.29288500000000001 1.6468589994085501 1 67 0.18453600000000001 0.0087930000000000005 0.076545000000000016 0.0036770000000000001 0.00097000000000000005 0.0026719999999999999 0.010767000000000001 0.037679999999999998 0.021663999999999999 0 0.027206000000000001 0.00073200000000000001 0.00060700000000000001 0.001067 0.003388 0.035232999999999987 0.01770699999999999 0.008168999999999994 0 3
207 linear 4 0 0.33559699999999998 1.3011716324180369 1 67 0.22201399999999999 0.010208999999999999 0.081667000000000017 0.00347 0.0011410000000000001 0.003124 0.01298 0.064882999999999996 0.025694000000000002 0 0.027942999999999999 0.00081400000000000005 0.00060900000000000006 0.00114 0.003493 0.039823999999999998 0.018221000000000001 0.0082459999999999947 0 0
207 linear 4 7 0.29409600000000002 1.3019234936804138 1 74 0.16292799999999999 0.0090200000000000002 0.10058699999999997 0.003248 0.001204 0.00298 0.012394000000000001 0.0054489999999999999 0.02503 0 0.027784 0.00081400000000000005 0.00060100000000000008 0.0011169999999999999 0.0032959999999999999 0.055977999999999993 0.018869999999999998 0.0090109999999999982 0 1
207 linear 4 15 0.28413899999999997 1.3025562460602362 1 74 0.15725600000000001 0.0086529999999999992 0.097338999999999953 0.0031980000000000003 0.0012049999999999999 0.002787 0.011169 0.005189 0.024126999999999999 0 0.028948999999999999 0.00081499999999999997 0.00060300000000000002 0.00094399999999999996 0.0033389999999999995 0.051147000000000005 0.020337999999999995 0.0089889999999999987 0 2
207 linear 4 23 0.27594999999999997 1.3029846712564424 1 67 0.152919 0.0086230000000000005 0.093150000000000011 0.003137 0.0011540000000000001 0.0026150000000000001 0.010871 0.0050610000000000004 0.024032000000000001 0 0.028441999999999999 0.00069399999999999996 0.00058199999999999994 0.00096699999999999998 0.0033089999999999999 0.052777000000000004 0.016975999999999995 0.0081329999999999944 0 3
207 uniform 3 0 0.303506 1.6033334832221284 1 60 0.21602499999999999 0.0085470000000000008 0.054881999999999986 0.003045 0.00098700000000000003 0.002898 0.012173 0.067735000000000004 0.022162999999999999 0 0.027564999999999999 0.00066 0.00062399999999999999 0.00098499999999999998 0.0031880000000000003 0.029788999999999993 0.016033999999999996 0 0 0
207 uniform 3 7 0.26716200000000001 1.6197736001187972 1 67 0.17601800000000001 0.0086510000000000007 0.06169599999999998 0.0034219999999999997 0.00092599999999999996 0.0027179999999999999 0.010533000000000001 0.027837000000000001 0.021458999999999999 0 0.026984000000000001 0.00076599999999999997 0.000611 0.00117 0.0032139999999999998 0.034969 0.016708000000000004 0 0 1
207 uniform 3 15 0.26985100000000001 1.6367934223943594 1 67 0.18001300000000001 0.0084740000000000006 0.061117000000000019 0.002977 0.00087299999999999986 0.0027100000000000002 0.010433 0.033066999999999999 0.021873 0 0.027283000000000002 0.00080800000000000002 0.00060599999999999998 0.00114 0.0031630000000000004 0.034268000000000014 0.016862000000000002 0 0 2
207 uniform 3 23 0.27037299999999997 1.6526959588285803 1 67 0.18115700000000001 0.0083719999999999992 0.060952999999999986 0.0029380000000000001 0.00084199999999999998 0.002467 0.010248 0.037817999999999997 0.021562999999999999 0 0.027147000000000001 0.000727 0.00058600000000000004 0.00097799999999999992 0.0030820000000000001 0.033914000000000007 0.017083999999999995 0 0 3
207 uniform 4 0 0.299294 1.3026341777436654 1 59 0.212699 0.0086800000000000002 0.05999899999999999 0.0023470000000000001 0.000794 0.0028600000000000001 0.010584 0.063577999999999996 0.021819000000000002 0 0.029215999999999999 0.00084999999999999995 0.00058799999999999998 0.0010549999999999999 0.0031469999999999996 0.035677000000000014 0.015484999999999995 0 0 0
207 uniform 4 7 0.25306800000000002 1.303378208271645 1 66 0.14884500000000001 0.0086189999999999999 0.077757999999999994 0.0022780000000000001 0.0010189999999999999 0.002545 0.010392 0.0050159999999999996 0.021472000000000002 0 0.027223000000000001 0.00078899999999999999 0.000571 0.00095399999999999999 0.0030060000000000004 0.051642 0.016251999999999996 0 0 1
207 uniform 4 15 0.257965 1.3040001456465253 1 74 0.148534 0.0085749999999999993 0.080801999999999999 0.0026590000000000003 0.0011840000000000002 0.0026710000000000002 0.010517 0.0047609999999999996 0.021166000000000001 0 0.027130000000000001 0.00077899999999999996 0.00060599999999999998 0.00089400000000000005 0.0030060000000000004 0.049876999999999991 0.019851000000000008 0 0 2
207 uniform 4 23 0.26223099999999999 1.3044229096940265 1 67 0.15104000000000001 0.0085970000000000005 0.081187999999999982 0.0035249999999999999 0.001073 0.0025479999999999999 0.010312999999999999 0.0047949999999999998 0.021197000000000001 0 0.027393000000000001 0.00079900000000000001 0.00058900000000000001 0.0011150000000000001 0.003179 0.052649999999999988 0.01851400000000001 0 0 3
208 linear 3 0 0.45438499999999998 2.0600258057096648 1 74 0.32770100000000002 0.0088950000000000001 0.093923999999999994 0.0039959999999999996 0.0012310000000000001 0.0028809999999999999 0.011534000000000001 0.174487 0.021831 0 0.028607 0.00094700000000000003 0.0021190000000000002 0.00072599999999999997 0.0029060000000000002 0.045142999999999989 0.019429999999999989 0.010869000000000002 0 0
208 linear 3 7 0.293798 1.9947066111009792 1 74 0.16428400000000001 0.0087309999999999992 0.097635000000000069 0.0037369999999999999 0.001077 0.002689 0.011273999999999999 0.014633999999999999 0.021267000000000001 0 0.027833 0.00086200000000000003 0.0019300000000000001 0.00075900000000000002 0.0027650000000000005 0.048373000000000027 0.01995799999999999 0.010938999999999999 0 1
208 linear 3 15 0.30482700000000001 1.913215783128333 1 82 0.15379899999999999 0.008763 0.11582899999999997 0.0046940000000000003 0.0012439999999999999 0.0026389999999999999 0.010631 0.0064700000000000001 0.022719 0 0.026477000000000001 0.00087000000000000001 0.0020509999999999999 0.00071299999999999998 0.0029499999999999995 0.056760000000000005 0.027149999999999983 0.011767000000000007 0 2
208 linear 3 23 0.27251599999999998 1.8298080984366631 1 67 0.16164799999999999 0.0086899999999999998 0.082193000000000002 0.0032919999999999998 0.0010510000000000001 0.0026940000000000002 0.011159000000000001 0.010194999999999999 0.023154999999999999 0 0.028434000000000001 0.00092800000000000001 0.001841 0.001134 0.0030150000000000003 0.04361000000000001 0.015358 0.0082349999999999993 0 3
208 linear 4 0 0.51499499999999998 1.5619025485023015 1 74 0.37698199999999998 0.0089040000000000005 0.10577199999999999 0.0043509999999999998 0.00096500000000000004 0.0027759999999999998 0.011113 0.19331999999999999 0.054074999999999998 0 0.028926 0.00088599999999999996 0.0017409999999999999 0.001163 0.0030349999999999999 0.046810000000000011 0.024469999999999988 0.013306 0 0
208 linear 4 7 0.267235 1.575832860540763 1 58 0.16495299999999999 0.0089280000000000002 0.074348999999999971 0.0029169999999999999 0.00071900000000000002 0.0027820000000000002 0.010709 0.011648 0.023064999999999999 0 0.027127999999999999 0.00092400000000000002 0.001647 0.0011019999999999999 0.002967 0.035616999999999996 0.015508000000000003 0.008689000000000004 0 1
208 linear 4 15 0.28136699999999998 1.5856751575246861 1 66 0.163519 0.0086400000000000001 0.088063000000000002 0.0033639999999999998 0.00092900000000000003 0.002764 0.0099389999999999999 0.012722000000000001 0.023234000000000001 0 0.027387000000000002 0.00083500000000000002 0.0017639999999999999 0.0010640000000000001 0.0029740000000000001 0.043795999999999988 0.018241999999999994 0.0096700000000000032 0 2
208 linear 4 23 0.27812999999999999 1.5884277865435381 1 66 0.16403300000000001 0.008515 0.084657000000000038 0.0032749999999999993 0.00088399999999999991 0.002637 0.0098230000000000001 0.017472000000000001 0.023078999999999999 0 0.026842999999999999 0.00083600000000000005 0.0017850000000000001 0.001021 0.0029879999999999998 0.04080700000000001 0.017982000000000001 0.0096370000000000049 0 3
208 uniform 3 0 0.42694599999999999 2.0765066231342226 1 66 0.327212 0.0089840000000000007 0.069983999999999977 0.0031469999999999996 0.0011670000000000001 0.0025249999999999999 0.01038 0.17427899999999999 0.023399 0 0.032309999999999998 0.00091699999999999995 0.0019630000000000003 0.00071400000000000001 0.0027719999999999997 0.04178999999999998 0.017424000000000005 0 0 0
208 uniform 3 7 0.272229 2.0091500714782322 1 74 0.161301 0.0087950000000000007 0.079402999999999974 0.0034320000000000006 0.001212 0.0023540000000000002 0.010277 0.014496999999999999 0.023585999999999999 0 0.027404000000000001 0.00076099999999999996 0.0018530000000000003 0.00069499999999999998 0.0027980000000000001 0.047758999999999996 0.019833999999999991 0 0 1
208 uniform 3 15 0.27123399999999998 1.9253843085152205 1 74 0.15470800000000001 0.0084989999999999996 0.085224000000000008 0.0032099999999999997 0.00098800000000000016 0.002496 0.010593999999999999 0.0065250000000000004 0.023546000000000001 0 0.026048999999999999 0.00080099999999999995 0.0018129999999999999 0.00075500000000000003 0.0028050000000000002 0.052896000000000019 0.020609999999999993 0 0 2
208 uniform 3 23 0.25150299999999998 1.8399235042481197 1 59 0.161022 0.0085970000000000005 0.064949000000000021 0.0024399999999999999 0.00087000000000000001 0.0024629999999999999 0.010586999999999999 0.0098600000000000007 0.023793999999999999 0 0.028045 0.00080900000000000004 0.0017910000000000001 0.0009859999999999999 0.002977 0.042704999999999993 0.013391000000000002 0 0 3
208 uniform 4 0 0.494064 1.5669885514362996 1 74 0.37825599999999998 0.008796 0.08460400000000004 0.0040470000000000002 0.00090200000000000002 0.0024979999999999998 0.010390999999999999 0.193575 0.056777000000000001 0 0.028471 0.00081499999999999997 0.001771 0.0011509999999999999 0.0029970000000000001 0.047111000000000007 0.024560999999999979 0 0 0
208 uniform 4 7 0.24879999999999999 1.5811297267888311 1 58 0.161164 0.0087180000000000001 0.060612999999999993 0.0025929999999999998 0.00072800000000000002 0.0025720000000000001 0.010241999999999999 0.011280999999999999 0.022995000000000002 0 0.028767000000000001 0.00081800000000000004 0.001745 0.0010549999999999999 0.0028730000000000001 0.035741000000000009 0.015473999999999998 0 0 1
208 uniform 4 15 0.248917 1.5911241388025115 1 58 0.15379000000000001 0.0086250000000000007 0.068260999999999988 0.0026559999999999999 0.00069099999999999999 0.002441 0.0091780000000000004 0.012692999999999999 0.021086000000000001 0 0.026155000000000001 0.000803 0.001756 0.001023 0.0029229999999999998 0.043036999999999999 0.015851999999999998 0 0 2
208 uniform 4 23 0.24704699999999999 1.593920046593839 1 58 0.162166 0.0085839999999999996 0.058016999999999999 0.0024679999999999997 0.00079900000000000001 0.0025400000000000002 0.0097040000000000008 0.017236999999999999 0.021172 0 0.027567999999999999 0.000803 0.0016770000000000001 0.000977 0.0028869999999999998 0.033298999999999995 0.015351999999999998 0 0 3
209 linear 3 0 0.43021100000000001 1.2852790507866132 1 96 0.25522099999999998 0.009502 0.13766200000000001 0.00547 0.0012880000000000001 0.0027820000000000002 0.010992999999999999 0.10208 0.021696 0 0.028344000000000001 0.00083699999999999996 0.00062699999999999995 0.001163 0.0035260000000000005 0.068686000000000025 0.024401999999999983 0.011700999999999998 0 0
209 linear 3 7 0.32669399999999998 1.2334422548121302 1 89 0.15892200000000001 0.0092479999999999993 0.13308499999999995 0.0047470000000000004 0.0011099999999999999 0.0026900000000000001 0.011070999999999999 0.0061130000000000004 0.021276 0 0.027591999999999998 0.00084800000000000001 0.00062100000000000002 0.0011969999999999999 0.0034370000000000004 0.074887999999999968 0.022610999999999996 0.010780999999999999 0 1
209 linear 3 15 0.32442599999999999 1.1873054246151433 1 89 0.15759000000000001 0.0089949999999999995 0.13254200000000005 0.0048000000000000004 0.001103 0.0027780000000000001 0.011198 0.0063169999999999997 0.021422 0 0.028752 0.00085700000000000001 0.00060499999999999996 0.001005 0.0034039999999999999 0.078465000000000062 0.022639000000000006 0.010860000000000005 0 2
209 linear 3 23 0.30771100000000001 1.151633504596614 1 81 0.15424199999999999 0.0088280000000000008 0.12203800000000004 0.004084 0.00090299999999999994 0.0025639999999999999 0.010446 0.0075859999999999999 0.020993000000000001 0 0.027108 0.000901 0.00059800000000000001 0.0010399999999999999 0.0033429999999999996 0.073675999999999964 0.019870999999999989 0.0099150000000000037 0 3
209 linear 4 0 0.44725199999999998 1.0727551464476686 1 58 0.27151999999999998 0.0092119999999999997 0.14440099999999997 0.0035770000000000003 0.00083699999999999996 0.002918 0.011269 0.117655 0.022699 0 0.027498999999999999 0.00084999999999999995 0.00060899999999999995 0.0011249999999999999 0.0031689999999999999 0.10182200000000002 0.016875000000000001 0.0092330000000000034 0 0
209 linear 4 7 0.31408799999999998 1.0842803935427816 1 58 0.1462 0.0090379999999999992 0.13802 0.0032589999999999997 0.00082100000000000001 0.002872 0.010924 0.0050489999999999997 0.011339999999999999 0 0.027895 0.00091600000000000004 0.00064500000000000007 0.001163 0.0031719999999999999 0.096260999999999958 0.015954000000000006 0.009392000000000001 0 1
209 linear 4 15 0.30096400000000001 1.0999682375985216 1 58 0.142924 0.0090240000000000008 0.13028899999999999 0.0028120000000000003 0.00084900000000000004 0.002735 0.011072 0.0051900000000000002 0.011224 0 0.027449999999999999 0.00080699999999999999 0.00062799999999999998 0.00099500000000000001 0.0030070000000000006 0.083181000000000019 0.018030000000000011 0.01153300000000001 0 2
209 linear 4 23 0.32217699999999999 1.1188756646897497 1 66 0.15107699999999999 0.0141 0.13616699999999998 0.0033270000000000001 0.0008650000000000001 0.0027590000000000002 0.01074 0.004862 0.021465999999999999 0 0.027265999999999999 0.00075199999999999996 0.00056300000000000002 0.00092900000000000003 0.0029380000000000001 0.083187000000000011 0.020025999999999992 0.012978999999999997 0 3
209 uniform 3 0 0.40077699999999999 1.2917714511513139 1 96 0.25664599999999999 0.0095890000000000003 0.107451 0.0048530000000000005 0.001212 0.002761 0.011002 0.101664 0.021853000000000001 0 0.028570999999999999 0.00085899999999999995 0.00059999999999999995 0.0010939999999999999 0.0034809999999999997 0.06863000000000001 0.024387999999999972 0 0 0
209 uniform 3 7 0.30127300000000001 1.2383423684554355 1 89 0.159418 0.0089890000000000005 0.10821000000000003 0.0041229999999999999 0.0010319999999999999 0.0028159999999999999 0.010949 0.0060959999999999999 0.021377 0 0.027525999999999998 0.00087699999999999996 0.00062000000000000011 0.0010640000000000001 0.0033699999999999997 0.072011999999999993 0.022781999999999993 0 0 1
209 uniform 3 15 0.31496200000000002 1.1909441795435862 1 81 0.16422800000000001 0.010071999999999999 0.11817300000000001 0.0034119999999999997 0.0009059999999999999 0.0025950000000000001 0.011200999999999999 0.0063810000000000004 0.022601 0 0.027934 0.00086799999999999996 0.00059299999999999999 0.00091500000000000001 0.0037569999999999999 0.081367999999999968 0.023768000000000029 0 0 2
209 uniform 3 23 0.30361399999999999 1.1543667379119982 1 81 0.15996199999999999 0.01 0.11159500000000001 0.0033419999999999999 0.00082299999999999995 0.0025769999999999999 0.011648 0.0085129999999999997 0.023892 0 0.027120999999999999 0.00085499999999999997 0.000611 0.00091699999999999995 0.0033059999999999995 0.07694299999999997 0.021654999999999997 0 0 3
209 uniform 4 0 0.440521 1.07379109188059 1 58 0.27482699999999999 0.010434000000000001 0.133497 0.0033780000000000004 0.000727 0.0028189999999999999 0.012300999999999999 0.11854099999999999 0.025616 0 0.027156 0.00080699999999999999 0.00060599999999999998 0.0010150000000000001 0.003441 0.10501899999999999 0.018134000000000008 0 0 0
209 uniform 4 7 0.31089 1.0855420366733015 1 58 0.15574399999999999 0.010382000000000001 0.12400200000000001 0.0030200000000000001 0.00064099999999999997 0.0027469999999999999 0.015786000000000001 0.0051159999999999999 0.014305 0 0.027879999999999999 0.000861 0.00062100000000000002 0.00107 0.0033649999999999999 0.097939000000000012 0.016292000000000008 0 0 1
209 uniform 4 15 0.28131699999999998 1.1015570741410428 1 58 0.14277100000000001 0.0089060000000000007 0.11090599999999998 0.0024989999999999999 0.00081700000000000002 0.0037940000000000001 0.01085 0.0047990000000000003 0.011301 0 0.026886 0.00079900000000000001 0.00059699999999999998 0.00099500000000000001 0.002941 0.082975999999999953 0.018119000000000003 0 0 2
209 uniform 4 23 0.27799000000000001 1.1208891791906106 1 58 0.15085299999999999 0.0088030000000000001 0.100372 0.0024799999999999996 0.00066100000000000002 0.0026640000000000001 0.010607999999999999 0.0047369999999999999 0.021729999999999999 0 0.027165999999999999 0.00074700000000000005 0.00060900000000000006 0.0010499999999999999 0.0028479999999999998 0.072255999999999987 0.018311999999999998 0 0 3
210 linear 3 0 0.35494199999999998 1.3498332280283885 1 74 0.22922899999999999 0.0090930000000000004 0.092106999999999994 0.0040750000000000005 0.001214 0.0027290000000000001 0.010826000000000001 0.074792999999999998 0.024778999999999999 0 0.028289000000000002 0.00083100000000000003 0.00062199999999999994 0.00125 0.0032560000000000002 0.041503000000000026 0.021770999999999981 0.010548000000000002 0 0
210 linear 3 7 0.281335 1.3781039638774408 1 74 0.15642300000000001 0.0090659999999999994 0.090964000000000031 0.0043570000000000006 0.0010690000000000001 0.0027390000000000001 0.010822999999999999 0.0060679999999999996 0.021361999999999999 0 0.027739 0.00080900000000000004 0.00060999999999999997 0.001276 0.0032690000000000002 0.041556999999999983 0.020793999999999997 0.010530000000000003 0 1
210 linear 3 15 0.27943800000000002 1.4138893061924358 1 74 0.15555099999999999 0.0087500000000000008 0.091205000000000022 0.0038220000000000003 0.00090200000000000002 0.0028270000000000001 0.011169 0.0058910000000000004 0.022183999999999999 0 0.028485 0.00084800000000000001 0.00056799999999999993 0.0011590000000000001 0.0031450000000000002 0.041301000000000011 0.021354999999999999 0.010600000000000002 0 2
210 linear 3 23 0.29089399999999999 1.4542622153731541 1 82 0.15296000000000001 0.010984000000000001 0.10101299999999996 0.0042249999999999996 0.0010250000000000001 0.002676 0.011081000000000001 0.004908 0.021512 0 0.027859999999999999 0.00077499999999999997 0.00058699999999999996 0.0010300000000000001 0.0031230000000000003 0.046745999999999982 0.02294599999999998 0.011474000000000007 0 3
210 linear 4 0 0.35227999999999998 1.2650484395756894 1 74 0.22433800000000001 0.0089960000000000005 0.095599000000000003 0.0038650000000000004 0.0011580000000000002 0.0026310000000000001 0.010796999999999999 0.077031000000000002 0.021749000000000001 0 0.028246 0.00085300000000000003 0.00057700000000000004 0.0010579999999999999 0.002921 0.042622999999999994 0.022167999999999979 0.011403000000000005 0 0
210 linear 4 7 0.28035199999999999 1.2853478826632003 1 74 0.15159300000000001 0.0090379999999999992 0.09522499999999999 0.003888 0.0011180000000000001 0.0026580000000000002 0.01059 0.0051619999999999999 0.021007000000000001 0 0.027888 0.00077999999999999999 0.00057700000000000004 0.00117 0.0029910000000000002 0.045186000000000004 0.021247999999999986 0.010573000000000003 0 1
210 linear 4 15 0.28122399999999997 1.3105584597336182 1 74 0.153387 0.0088570000000000003 0.090665999999999997 0.003754 0.0010800000000000002 0.0027950000000000002 0.011024000000000001 0.0051409999999999997 0.021697000000000001 0 0.027807999999999999 0.00083299999999999997 0.00062700000000000006 0.00099700000000000006 0.0029169999999999999 0.041121999999999999 0.020674999999999992 0.010566000000000002 0 2
210 linear 4 23 0.27364100000000002 1.3382539941237419 1 74 0.150976 0.0086770000000000007 0.090228000000000003 0.0036600000000000001 0.00092100000000000005 0.0027850000000000001 0.010817 0.0059800000000000001 0.021017999999999998 0 0.027747000000000001 0.00079600000000000005 0.00064300000000000002 0.001062 0.0029239999999999995 0.040698000000000019 0.020627999999999997 0.010586000000000002 0 3
210 uniform 3 0 0.33104899999999998 1.3527770199577753 1 74 0.22321299999999999 0.0088819999999999993 0.075142999999999988 0.0035249999999999999 0.001222 0.0025920000000000001 0.010541999999999999 0.075159000000000004 0.023002999999999999 0 0.028039000000000001 0.000803 0.00057299999999999994 0.001175 0.0031390000000000007 0.041324000000000027 0.021878999999999996 0 0 0
210 uniform 3 7 0.25778099999999998 1.381410653257426 1 74 0.15209900000000001 0.0086999999999999994 0.073207999999999981 0.0035549999999999996 0.00098400000000000007 0.0025860000000000002 0.01018 0.0060239999999999998 0.022436000000000001 0 0.027569 0.000892 0.00060800000000000003 0.001186 0.0031000000000000003 0.040432999999999983 0.020945999999999992 0 0 1
210 uniform 3 15 0.26406600000000002 1.4176644366478266 1 74 0.15732499999999999 0.008822 0.073671999999999987 0.0039420000000000002 0.00089700000000000001 0.0025950000000000001 0.01021 0.0054270000000000004 0.023056 0 0.027814999999999999 0.00076300000000000001 0.00059599999999999996 0.0011969999999999999 0.0031569999999999992 0.041218999999999999 0.020571999999999986 0 0 2
210 uniform 3 23 0.26219399999999998 1.4586122703893185 1 74 0.153475 0.008763 0.076170999999999989 0.0035699999999999998 0.00092400000000000002 0.0027039999999999998 0.010919999999999999 0.0052430000000000003 0.023288 0 0.026752000000000001 0.00077200000000000001 0.0005889999999999999 0.0010330000000000001 0.0030969999999999999 0.043667999999999998 0.020665999999999986 0 0 3
210 uniform 4 0 0.33549299999999999 1.2668652819234527 1 74 0.225829 0.0090340000000000004 0.076949000000000004 0.0035950000000000001 0.0010219999999999999 0.0025720000000000001 0.010881999999999999 0.076624999999999999 0.023626999999999999 0 0.028147999999999999 0.00080599999999999997 0.00059800000000000001 0.001013 0.0029719999999999998 0.042331000000000008 0.022447999999999999 0 0 0
210 uniform 4 7 0.25506699999999999 1.287376928062359 1 66 0.154088 0.0088260000000000005 0.071030999999999983 0.0029459999999999998 0.00076899999999999994 0.0025790000000000001 0.010475 0.0051019999999999998 0.022866999999999998 0 0.027555 0.000825 0.00058399999999999999 0.001152 0.0029439999999999996 0.041688000000000003 0.018698999999999997 0 0 1
210 uniform 4 15 0.250554 1.3128614434459567 1 66 0.152277 0.0087500000000000008 0.068026000000000003 0.0031729999999999996 0.00074800000000000008 0.0025040000000000001 0.010279 0.004751 0.022792 0 0.026977999999999999 0.00081999999999999998 0.00061799999999999995 0.0010059999999999999 0.0029350000000000001 0.038599000000000029 0.018811999999999982 0 0 2
210 uniform 4 23 0.25336999999999998 1.3408653491159046 1 66 0.156421 0.0086219999999999995 0.06731100000000001 0.0030089999999999995 0.00073099999999999988 0.0027209999999999999 0.011025 0.0059500000000000004 0.024337999999999999 0 0.028400999999999999 0.00077899999999999996 0.00064700000000000011 0.00101 0.0028530000000000001 0.038003999999999996 0.018680999999999996 0 0 3
